algo_nr wf_name inp_size avg_spread_dyn cv_proc_load_dyn num_used_procs_dyn idle_to_work_dyn idle_to_work_30s_dyn dur_alg1 ms_1 avg_spread_stat cv_proc_load_stat num_used_procs_stat idle_to_work_stat idle_to_work_30s_stat ms_perc dur_alg2 ms_2
1 atacseq_30000.dot 14091675276 1.11331459287864 0.998502690105549 36 11.5348337912026 0.172434169347388 27.3958587630001 2059408982.5354 1.05004725292365 0.776502074222283 36 11.8641673600089 0.334637878183404 2493122621.88236 44.6865450860003 2493276178.20339
1 chipseq_15000.dot 41366257414 1.09959486117665 1.15756421864433 36 8.93124018660756 0.0201862270696826 12.936949213 3475067732.84511 1.09127626338601 0.972487003406781 36 7.94394711919297 0.0795997384677544 3656135150.96988 3.599913388 3659335488.35369
1 methylseq_15000.dot 6761426956 1.40657075925292 1.78435114008551 36 33.1778890500034 0.128133480294199 99.1170520939999 394856238.776083 1.09339005596014 1.73433275906336 36 56.5864971448299 0.336369895810679 669831523.855962 58.2107880279999 669832098.755829
1 atacseq_15000.dot 3908761308 1.11602889333626 0.299151046440967 36 1.3554781163286 0.359022376216575 13.726037843 287546318.57523 1.0588486864471 0.325422946198458 36 3.10438350457585 0.612843131359036 401203882.136334 14.350504103 401411114.831038
1 eager 19075314980 2.56981981981982 2.52554028836838 8 61.760247816889 61.7411775639743 0.036567947 6747910.43665741 2.59459459459459 2.83466134519087 11 255.781262010499 157.343363193672 5352689.83690698 0.00484191 4154290.30159462
1 eager_1000.dot 25705994498 1.51265134077634 1.7649486445903 36 98.3070983333702 0.175465904127412 0.933804737 53134024.3910272 1.46385775724011 1.07823436837323 36 53.2304359559995 0.282372045103819 46512510.6124461 0.213117189 46899685.4565855
1 eager_20000.dot 8330435694 1.26160067412751 0.891875292526582 36 34.487655898731 0.418040107168034 110.834006004999 433054516.961739 1.22572537925874 0.339731362913229 36 7.51751622356799 0.648733979447536 461078603.412601 93.8591731789999 461109903.691535
1 eager_25000.dot 14754556884 1.22284557276322 1.02926632388396 36 20.9529410884465 0.115024249282702 109.147958647001 653375092.402318 1.10419471478032 0.768118864194216 36 13.6735037846186 0.201233422179141 724146132.127688 140.418983444003 724171129.343435
1 methylseq_1000.dot 110641579976 1.3364728756295 2.06171915834899 36 241.087365913083 0.000412596827513237 0.487331981 442045829.95164 1.11450564161407 2.03013867853852 36 144.476590023062 0.0132252520452255 452881557.405062 0.127643686 452881717.577257
1 chipseq_200.dot 5058052541 1.91220238095238 1.06238062560452 14 1.0824684919905 0.730458400282032 0.056656674 7081217.46796117 1.58577806122449 1.35201456264006 30 6.85168760635455 0.317534655515937 6036058.85599005 0.006685639 6043846.03906423
1 atacseq_30000.dot 11809629756 1.13319530651269 0.745804774887644 36 6.24922906309644 0.164362069598404 63.5813012750003 956727240.462097 1.05659770864726 0.701697523738925 36 9.16041984118735 0.335367382269325 1274734438.57958 73.9737746299992 1274797752.97249
1 methylseq_1000.dot 6273818718 1.40490533562823 1.30391023295403 36 38.5259459393135 0.116813256669569 0.519059183 19214670.7843444 1.1285778032766 1.2555888149271 36 25.958338387981 0.167018689389705 23672607.2001924 0.144818575 23673177.808875
1 chipseq_4000.dot 41366257414 1.10707322028077 1.08602056462304 36 9.04501889138465 0.0174349564805353 1.687983557 900446137.176878 1.09699852034757 0.924043994343067 36 7.4722026752246 0.0852330597738951 978025987.18771 0.277104464999999 980043155.186723
1 atacseq_2000.dot 14091675276 1.1152354761892 1.0250866412723 36 9.34204728278177 0.161723672148104 0.743928603 133651208.002953 1.06554493194127 0.71623353582308 36 13.3385362085507 0.336858464523966 154123624.485687 0.190966496 154190713.56016
1 atacseq_1000.dot 11809629756 1.20189775039775 1.18558253916811 36 8.17925800247392 0.135811089192051 0.447889948 27470421.719617 1.07889788914789 0.770456472380797 36 9.89654457422873 0.269132978573098 33215195.5475647 0.0913008859999999 33217888.9918328
1 methylseq_200.dot 17027257018 1.77430555555556 1.81001767169422 28 6.49211256079698 0.162792153964897 0.07391334 16719169.1207628 1.6889880952381 2.15678899540937 36 11.0054089337788 0.262018016037201 13840550.1439545 0.008957135 13722769.6007384
1 methylseq_30000.dot 110641579976 1.10484881783404 2.01665371357922 36 45.9411804866593 8.38615478641613e-05 560.313863144001 13258847655.743 1.10087685868001 2.00348918604397 36 45.715111883235 0.00927817232337988 13335487180.4638 268.086580974005 13335487469.9345
1 methylseq_8000.dot 110641579976 1.12815394759839 2.01795685571709 36 46.1735773848077 0.000424043896997243 25.540157406 3546056293.7765 1.09506728951173 2.01798607583439 36 49.9918298260412 0.0109943173302769 3618706876.12628 9.08589776399995 3618707618.72271
1 methylseq_20000.dot 6761426956 1.34497687964076 1.7686965637997 36 36.2255650218604 0.128111800927253 206.015926333 526500741.617126 1.12364548994204 1.75547368247923 36 59.2518646615086 0.338484782050006 908387083.385694 131.103372055001 908387662.643474
1 atacseq_8000.dot 3908761308 1.11987844771202 0.33491400996134 36 1.49445529432695 0.374537253646854 5.800837174 148584075.75252 1.06572957390928 0.370149706550982 36 3.0839802600909 0.638063102291283 210951904.510002 3.682521749 211089757.737319
1 methylseq_8000.dot 17027257018 1.52736863847975 1.96757410949109 36 17.7421923840531 0.107770933939761 20.1812170529999 633517052.989587 1.10768109379221 1.75983340455982 36 73.986233858531 0.447411581602386 891376119.470412 12.840203896 891377373.05608
1 atacseq_10000.dot 14091675276 1.10992029280102 1.01793943864382 36 12.339762798855 0.167108932022871 5.61218937799999 673738440.951998 1.05100648079093 0.720713315561567 36 12.4876436750006 0.328231887639385 812783326.375522 3.62879709699999 812898591.146598
1 atacseq_20000.dot 11809629756 1.1245156133397 0.706488168391675 36 6.14356488812559 0.16313179545546 34.1178996580002 615157179.909749 1.05784378743361 0.719857784104191 36 9.65968964824657 0.292695824417625 849292532.427525 30.8385931980001 849355652.180662
1 atacseq_30000.dot 3908761308 1.10806899793001 0.305648473656629 36 1.26077543844296 0.360917258731969 41.3720475309999 574304866.548963 1.05501384334499 0.288780029442685 36 2.94346361867531 0.543865194307527 817187134.27413 67.3258768109996 817275985.973169
1 eager_2000.dot 25705994498 1.34968629674512 1.11028258412521 36 54.5996438377083 0.188040937370643 2.135641199 94830898.0810116 1.19729609590291 0.925226733852158 36 22.722394756041 0.275589258277782 90256899.6002865 0.4599286 90305309.7707794
1 eager_1000.dot 14754556884 1.78852594477594 2.1249937205585 36 168.487400064393 0.183266558443639 1.384971812 42952186.919564 1.63143215500994 1.16633384076659 36 25.2795762069307 0.19076443493323 26652252.2878186 0.2182259 26756556.2707862
1 atacseq_30000.dot 11187378708 1.12897051886022 0.689317686729169 36 5.19130020673656 0.144530161848567 65.395696583 943552573.713817 1.06022102542435 0.728622280864305 36 8.2102962693844 0.250850338064236 1287350859.294 78.634955716 1287519773.41884
1 methylseq_10000.dot 8885797810 1.40226884404556 1.8084828122515 36 27.8342797281774 0.132020357491364 38.242798725 347927469.423188 1.09055368179019 1.74896117761655 36 58.3118305434175 0.335573774406978 579619242.164439 21.0329965370001 579619828.905659
1 atacseq_4000.dot 11809629756 1.11422211207029 0.825684045591585 36 7.36869915713539 0.164295855388343 3.014855687 122598624.954029 1.05225572011183 0.709055759221074 36 10.7095857019552 0.320827107323587 163974885.904507 1.063974602 164000757.539792
1 atacseq_1000.dot 14091675276 1.16173786670845 1.0388217783729 36 8.58754888919763 0.156340792704119 0.336968537 63436863.0016378 1.06933516483516 0.709942005522011 36 10.3108510698861 0.324989369910846 72462962.098237 0.069063312 72481039.9096565
1 methylseq_4000.dot 6273818718 1.17512353623465 1.31506627322362 36 18.5017614651752 0.131919161729166 5.490496779 79319496.7910197 1.08359152803597 1.31899843722605 36 27.4680712955697 0.290957864620901 110629803.880755 2.113183882 110630958.965027
1 chipseq_1000.dot 4605965334 1.18657784523169 0.769913775505133 36 6.29524204933715 0.283307713862245 0.470649015 34206294.4667447 1.09487547708702 0.506471536465345 36 4.76013862047991 0.55197403933682 41038480.9855363 0.101762596 41070629.5797995
1 atacseq_200.dot 11809629756 1.47634920634921 1.30039546214023 17 9.49775364154861 0.397558571502718 0.063392677 4002230.52231853 1.28212962962963 1.43950459369918 28 5.73739745849642 0.113687866693576 3137359.10163363 0.007443958 3154989.69022795
1 eager_8000.dot 19075314980 1.32177878844544 1.1222667725825 36 33.661741137374 0.141787281573268 19.3650164349999 270642961.528917 1.13385519586758 0.833468697139057 36 15.1079962887968 0.230448178160477 271621005.331049 8.44274844000004 271702049.156106
1 methylseq_10000.dot 110641579976 1.11960498485109 2.01631321624483 36 45.823133826796 3.26964485986058e-05 43.6780314770001 4413217385.28235 1.0853166663491 2.00290446603193 36 46.6797407854138 0.0120130064730067 4545803537.81855 15.482010802 4545804058.43166
1 methylseq_2000.dot 22500260922 1.26266175814368 1.2707015210821 36 18.414410518969 0.000877607643611017 1.366611432 94469468.6548489 1.16645948874864 1.25790130132852 36 20.2182892042878 0.059715338918178 108746634.348822 0.546609966000001 108747622.242864
1 chipseq_200.dot 32978181418 1.3875425170068 1.12015503264907 15 5.41171671890066 0.185657557968817 0.048530405 38783757.7857523 1.09151785714286 1.57501032377946 30 11.6239256903305 0.0867075025260817 34938282.6296719 0.004522566 37482809.9875219
1 chipseq_2000.dot 4605965334 1.13557210194868 0.497473233371711 36 3.0166517050483 0.397742966418626 0.866482011999999 63995661.2122643 1.11991226073505 0.428192275757291 36 4.69640376972715 0.694660413452555 88840938.9348382 0.329150668000001 88892289.8355676
1 methylseq_30000.dot 8885797810 1.39267241288048 1.79819712717541 36 38.468641740845 0.129789614101427 512.670270609003 1033503537.6302 1.11867974703112 1.79368655661419 36 64.3723352282247 0.337798970628334 1792012864.99302 375.911761417999 1792013872.5877
1 eager_20000.dot 19075314980 1.22688962108745 1.15656423468049 36 27.1206419695267 0.159868788522391 110.876680116999 678662078.85216 1.12236252381434 0.864349774197295 36 16.6870810989542 0.218499656221016 696460605.816662 68.5050945519995 696502583.586462
1 atacseq_8000.dot 11809629756 1.12763738028803 0.755985136624634 36 6.65624014364559 0.161044057512099 8.40470513999999 246182210.339675 1.05773061961818 0.727271627471888 36 10.5444988513263 0.320944613427555 332709087.612673 4.146139198 332746267.950405
1 eager_30000.dot 19100037384 1.21302258844824 1.0989046324092 36 28.7447959649673 0.149604736142188 199.688301539002 1012131737.83218 1.11618492296376 0.793397669370153 36 16.2908198683642 0.24219521397576 1092063990.79086 193.630053845 1092125048.52904
1 chipseq_200.dot 4807293396 1.86011904761905 1.23383359174848 14 3.03004079547721 1.02333448830405 0.058315113 7085521.33473567 1.6531675170068 1.46614410067781 25 8.67366571507924 0.305371252756928 4799676.74975076 0.006868192 4806557.28899986
1 chipseq_200.dot 3793245764 1.53337585034014 0.906706119600457 14 4.07528353426225 0.360744477681783 0.06200874 4415167.88997789 1.36819727891156 1.00643669997685 28 2.2086240112563 0.150653736687119 4311370.09280899 0.007348327 4317909.96170021
1 eager_8000.dot 19132169434 1.29652173953514 1.11539819846379 36 38.6283114098541 0.140992237743168 19.322014954 274483897.915739 1.15249281363832 0.812797960524894 36 17.6505786461779 0.246377606223407 289880807.245989 8.32185957600001 289930732.58372
1 atacseq_10000.dot 11187378708 1.11779339537268 0.692952904084284 36 5.2014780536811 0.141593297015304 10.598452064 301499687.389939 1.06261852405939 0.739222209728484 36 8.98873874487546 0.255352571499456 423278938.958894 6.72092771399997 423311944.195556
1 chipseq_20000.dot 4807293396 1.13688571415025 0.499597270024124 36 3.58934746551201 0.374921369809962 22.4146005589999 651940352.818712 1.07998914024021 0.560804606912671 36 7.22298331125403 0.726518597367126 923168986.70452 37.5646674040002 923185477.140003
1 chipseq_10000.dot 5058052541 1.16741690848834 0.644774882988268 36 3.37316909488855 0.393193658020238 6.90192024 376270118.738895 1.10925243303063 0.532088239985978 36 6.80286371429567 0.681871055551135 517195005.382206 8.27660472900003 517322307.661586
1 atacseq_4000.dot 11187378708 1.12812607343317 0.775640988653742 36 6.09469042247067 0.135718421276677 2.853129073 118749190.47369 1.05288173822632 0.69811481516832 36 8.92934208850497 0.288982089889521 164263190.612259 1.063751121 164269559.328245
1 chipseq_4000.dot 32978181418 1.19112893788601 1.35780771732802 36 12.52676710024 0.0304130239015305 1.589713633 932059174.033567 1.08187681684144 1.11185574068499 36 14.5829987872228 0.126192845122926 959531152.658387 0.294956568 959787589.35436
1 eager_4000.dot 19075314980 1.41497179943186 1.14339286116276 36 41.5595179914302 0.123072518507228 5.74526676599999 133386907.255161 1.18359788751869 0.949732596148142 36 21.9650186775206 0.258105276487405 149592430.725059 2.12190495399999 149640444.811151
1 methylseq_4000.dot 17027257018 1.51966251966252 1.96862777467518 36 21.3617208621065 0.110911005094111 4.535355087 320822017.406482 1.13719274830386 1.7895216625116 36 78.5833021426178 0.443565527070148 443532802.287799 2.630388507 443535387.762246
1 chipseq_1000.dot 41366257414 1.08034580270157 1.06186302780648 36 7.26814856544521 0.0182246172931845 0.318202847 215626459.860127 1.08806271186079 0.923632962737495 36 7.31481375430118 0.0953088872817431 239389906.440306 0.03222214 239780836.812302
1 atacseq_10000.dot 3908761308 1.12406889379259 0.323758590317554 36 1.4808332540403 0.377881146220128 7.59001369600002 187008904.032864 1.06207607459475 0.390266525508644 36 3.08204245545949 0.681957746750336 263987792.774419 5.77121821499996 264040529.518637
1 eager_1000.dot 19100037384 1.54538625788626 1.74855894581044 36 138.914891569475 0.17211307738238 1.273934463 44434310.7143329 1.51564904028139 1.30585939756098 36 33.4825041634733 0.201564001404437 31190250.1738508 0.217142088 31349059.8148534
1 eager_25000.dot 25705994498 1.22417005335784 0.990335571351862 36 39.1178612372229 0.194755041809082 174.427191219 1187642350.51189 1.09928563203051 0.770924026599545 36 15.8699757418526 0.247602585251065 1155330461.10446 106.484940522001 1155385189.63917
1 chipseq_25000.dot 41366257414 1.10583942875608 1.17411686785902 36 10.8976386781796 0.021543833211103 34.898209128 5831062439.44399 1.09628312232477 0.983263713979315 36 8.10588679689522 0.0775049735761682 6087699168.61815 10.499394992 6090803963.55789
1 methylseq_15000.dot 11897958606 1.54520441750226 1.96032990625542 36 16.6438848417904 0.0840643597087318 86.5370815300004 904502868.400849 1.10440945348875 1.78818262688666 36 65.1708428241878 0.346265337849156 1185716350.61566 60.0683125330004 1185716969.35758
1 atacseq_30000.dot 2223941232 1.11121840586744 0.245200144131599 36 1.12430307019071 0.34523215280822 49.4626346649999 341849958.249727 1.06368056656174 0.28026680607509 36 2.17588817709427 0.584392660177824 459398518.334879 63.387406754 459500004.032936
1 methylseq_1000.dot 11897958606 1.55043985465672 2.01638332385073 36 12.8641625832182 0.0829962060523341 0.512960504 60158346.8729828 1.15877796901893 1.83882276340853 36 84.3169863491106 0.320030018247335 77491837.207678 0.155239229 77492315.1521782
1 atacseq_2000.dot 3908761308 1.14054650414945 0.482110148448197 36 2.75225655830992 0.300504450728017 1.13011088 36027737.3772978 1.07325669465952 0.292484700271491 36 3.13513845415158 0.54247217636684 48197996.2587703 0.322625263 48220147.7778125
1 methylseq 11897958606 2.83333333333333 1.58767879185169 4 81.4547596100053 81.4547596100053 0.003046104 1191746.32068812 3.11111111111111 1.54827860321705 4 2.53519317389191 2.53519317389191 1839399.0625 0.000273651 1191727.96819041
1 chipseq_25000.dot 5058052541 1.16627660377659 0.65821742694348 36 3.34344844002977 0.389088135969786 29.948654272 960584543.967527 1.10086148627813 0.507015203510622 36 6.35942327802204 0.622446260831686 1304128047.1471 62.1017691059996 1304203122.33343
1 methylseq_15000.dot 110641579976 1.08174793803299 2.0159769245586 36 45.7783770201231 0.000154071608888315 108.899427925 6634347268.12174 1.10105650658096 2.00988718189014 36 47.4349589818247 0.00948762340561392 6663695830.55744 40.5129488299999 6663696754.08928
1 methylseq_15000.dot 17027257018 1.53727955909702 1.96271821186757 36 20.1754088400543 0.109404290210798 85.3152622590003 1195379773.5583 1.12336853609875 1.7487956069301 36 73.3385579613984 0.456161569673906 1685572480.36128 62.7066194139996 1685573564.46717
1 eager 14754556884 2.5036036036036 2.60736122176077 8 121.196126085854 105.187570909618 0.037777094 7849102.98479468 2.37387387387387 2.82646009490652 10 194.934504658162 150.665312377905 7377222.76526978 0.005023988 7378174.11197595
1 chipseq_2000.dot 32978181418 1.18360232857859 1.32046023812644 36 11.2813625887378 0.0282444967902068 0.680839623 451977783.707502 1.11746468194253 1.10856761509986 36 17.486057078407 0.128973815898089 481672868.063901 0.0934904679999998 481862968.837221
1 eager_2000.dot 19100037384 1.49783606853688 1.28050944751376 36 92.6399406231526 0.140499588568506 2.626983032 72334179.781361 1.34677420865149 0.930721911318877 36 37.0771791764014 0.212671766394043 70855528.4715847 0.645746936999998 70858659.3487986
1 atacseq_20000.dot 14091675276 1.11116016733799 0.996059419432589 36 11.548467784683 0.163741222910992 14.9783002819999 1304766020.65737 1.05128775729647 0.745813374694557 36 11.5704973584126 0.33561084705813 1652219874.76331 17.3075747309999 1652286368.75883
1 atacseq_20000.dot 2223941232 1.1167858911985 0.268366560061456 36 1.19888559019661 0.346909603311142 28.5513399450001 226480796.325304 1.05355764123283 0.305326763740146 36 2.23028515431744 0.612975959539385 303759149.673524 27.1008737230001 303857036.367197
1 chipseq_2000.dot 5058052541 1.21461884634353 0.742068375818378 36 4.58118400125135 0.43752309602598 0.919471937000001 70882050.7136777 1.11347374935191 0.536735256706306 36 6.22681931290683 0.756049763026892 94620698.6076882 0.339788704 94639699.9745308
1 methylseq_20000.dot 11897958606 1.52958326187619 1.96147679435081 36 19.9952562764685 0.0864471848720552 165.025083663 1218239472.09595 1.08593357978115 1.76624430390851 36 64.1070638646341 0.363486557711793 1592563340.77428 126.016087261001 1592564040.04659
1 atacseq_25000.dot 14091675276 1.10950517724845 0.994323520156052 36 11.0843899354988 0.163776320825169 20.138493316 1687253614.77052 1.05266736654717 0.76744633839335 36 11.7168624995791 0.325037248908052 2059517832.01871 29.229480139 2059620703.44774
1 atacseq_4000.dot 14091675276 1.10584809229922 0.980494234838571 36 18.2118082124664 0.152819672392327 1.666157607 249009096.343728 1.0556459042474 0.724427666310686 36 13.2775323505109 0.318876099299106 327591242.845345 0.640218688000001 327783125.097978
1 eager_200.dot 25705994498 2.3954525954526 1.48590192007538 12 23.4963914723074 9.75242426186512 0.125019668 13432247.784547 2.29157794157794 2.08790527543283 24 86.02185307679 0.788838247662125 11291368.1669142 0.015486912 11560686.2867314
1 chipseq_15000.dot 4605965334 1.11556791497316 0.447279516267244 36 2.352838250343 0.382860331142338 9.75165821499994 504585802.167576 1.0984282134115 0.497141882463482 36 5.83016105981086 0.543518383813806 726959775.242111 15.9398295619999 727137702.221945
1 atacseq_15000.dot 14091675276 1.10861913403464 1.0099241960682 36 11.9540665027596 0.151831445711065 10.201350898 993101043.703626 1.0522722363442 0.748080212770022 36 11.8114771580711 0.331070255760893 1229418527.88464 8.67728129099994 1229462201.19703
1 methylseq_200.dot 110641579976 1.86483134920635 1.8485731402164 28 6.84528243451527 0.00356224740606439 0.0748749 91367267.4412938 1.36235119047619 2.14054423575178 36 9983.10393310554 0.0430437348454265 100498453.030392 0.008609207 100498492.505566
1 methylseq 6273818718 2.83333333333333 1.58180174721975 4 100.452968614401 100.452968614401 0.00333869 1270245.86949656 3.11111111111111 1.65071978849817 4 6.57642330843297 6.57642330843297 1269330.69315122 0.000265448 1269430.01291606
1 atacseq_15000.dot 11187378708 1.12402253830571 0.69868179450714 36 5.45987063041231 0.154503758494529 20.217692164 479208817.743162 1.05767418256981 0.663510912230438 36 8.59936474794967 0.321747222464171 625291229.373344 15.9333899629999 625367694.034898
1 eager 25705994498 2.67927927927928 2.61235890935334 8 116.628087344357 116.580815763698 0.035077934 12298366.4384587 2.65765765765766 2.6825147906254 10 132.097805564011 126.347554411856 11753792.5966023 0.004603854 11758564.3165301
1 methylseq_4000.dot 8885797810 1.28067750289972 1.79672466568906 36 37.5544298167351 0.130893430027091 5.53948456399999 140278018.747952 1.08962136739914 1.78121298253052 36 62.4851070091757 0.319172833869245 226406538.161754 2.52805825599999 226407037.343518
1 methylseq_20000.dot 110641579976 1.11766690803308 2.01735261501768 36 46.1036541514695 0.000117434249414331 239.798580102 8837797139.69901 1.10090544154173 2.00187070479033 36 45.3724809213922 0.00915761968532606 8830330709.28139 88.3452555910006 8830330808.34574
1 chipseq_2000.dot 41366257414 1.11536676667215 1.0899430417613 36 9.35414873371905 0.0175120379606143 0.731325234000001 446608797.273293 1.10931368209849 0.948903390147946 36 7.61300486227527 0.0804790694416849 473979487.192477 0.0987718569999998 474221492.850523
1 chipseq_15000.dot 32978181418 1.20410383126888 1.50237169442278 36 12.9578765817432 0.0320320150396717 9.24351769400001 3590755368.70781 1.10301704416895 1.16905708254506 36 15.8832074458977 0.131109168157882 3643856844.82974 3.40113170099997 3644051378.07269
1 chipseq_8000.dot 5058052541 1.17641681072324 0.640405197922058 36 3.22723004036672 0.403062608976259 5.369788186 296771556.117439 1.10427157742989 0.559089314160608 36 6.7686941936319 0.716429828525392 417196776.290811 4.94186045900002 417216538.85617
1 methylseq_8000.dot 8885797810 1.27777181943849 1.79082846515235 36 37.405814814034 0.129764806617965 27.482749943 276864824.073637 1.09508516452961 1.77293755495595 36 60.4513392070163 0.324640059428259 458226325.685391 12.706907141 458226985.244188
1 chipseq_8000.dot 41366257414 1.09909302753151 1.13095482349171 36 10.2731044243175 0.0188516957346396 4.55366386499999 1836175048.29965 1.09278184263491 0.977708199002044 36 8.36741045109997 0.0793099049809625 1925319544.56755 1.066425926 1927436012.97776
1 methylseq_8000.dot 6273818718 1.3706365095254 1.32800709024702 36 17.9793602272583 0.136032416430614 21.474080556 161291043.14942 1.11870997982109 1.33960527042799 36 28.2063689645366 0.303349620236165 227018759.385219 10.3271401159999 227019151.667849
1 eager_15000.dot 19100037384 1.25215370196724 1.13970909638422 36 31.125904940981 0.154465665411483 57.6028799159999 512095776.787168 1.13099493701259 0.835202262973755 36 17.1279516136399 0.256894504958223 556677641.138843 36.1515857879999 556723235.386261
1 chipseq_30000.dot 4807293396 1.13192538799815 0.502266433607381 36 3.6533678016697 0.367389556815391 51.7251292360003 991458021.141381 1.07570135678193 0.530740903938755 36 6.9714256225531 0.673180040077952 1410802713.31204 95.1293354920007 1410884103.65598
1 methylseq_30000.dot 6761426956 1.27098405499764 1.76809233004242 36 35.9806371032842 0.128015268071147 594.214715225 789471471.085868 1.12261730088864 1.76445140779779 36 61.1184025935331 0.349869269401163 1375436315.23537 367.38269222 1375436559.30517
1 chipseq_1000.dot 32978181418 1.16785484814331 1.48985650572892 36 23.9605305783758 0.0298485184073425 0.334483009 222247878.871852 1.0935674902021 1.17314321202362 36 14.9263775975188 0.12772212611513 232969275.834836 0.0325727 233065913.856708
1 chipseq_30000.dot 4605965334 1.10659080025478 0.442121180542403 36 2.24578485758895 0.353913341384792 25.2021129079999 1038924453.58677 1.10508068175916 0.56622525649366 36 6.40949100709479 0.437382770389516 1561507021.99144 80.4337183070002 1561540638.14231
1 methylseq_10000.dot 6273818718 1.27064635377962 1.29846087537806 36 18.0109273841417 0.133096885615599 39.007281286 197395614.995516 1.07481087673167 1.36261901796057 36 28.9769849923143 0.313162911735558 287180556.495442 16.6009520849999 287182354.455909
1 methylseq_25000.dot 6761426956 1.39091651489635 1.77727968960417 36 36.4669077616993 0.127444219352524 321.443240396001 656364101.766687 1.12496348622132 1.76814824235902 36 59.6135331492092 0.33462896992055 1123856146.83881 235.343996104002 1123856282.40321
1 chipseq_10000.dot 4605965334 1.1340817834004 0.424777141909625 36 2.18036530676974 0.373788431430823 5.62339627 337478632.207208 1.1045203882375 0.496085532974002 36 5.65836637826732 0.603895359665507 472912475.863517 6.408122673 473068680.600515
1 methylseq 22500260922 2.83333333333333 1.59190933784984 4 235.424688261732 235.424688261732 0.003208965 3199013.04945075 3.11111111111111 1.49873112584551 4 1.88109328133043 1.88109328133043 3211788.85698373 0.000266596 3213772.84739327
1 methylseq 110641579976 2.83333333333333 1.66067633046582 4 4129.98003785134 4129.98003785134 0.003149245 53195990.0359712 3.11111111111111 1.67474249249772 4 9.48955495721126 9.48955495721126 37134957.0995429 0.000252597 37135891.6521729
1 eager_25000.dot 8330435694 1.25577122832341 0.735857372951672 36 19.717766841751 0.414315835660954 120.597275039001 514489333.90897 1.1748564562806 0.293838909058228 36 6.75549823544269 0.655794848817627 559029159.179279 149.007893546999 559044458.856739
1 chipseq_20000.dot 41366257414 1.09465662752973 1.16061830741628 36 9.69965109362947 0.0212167780717248 22.3723952549999 4647358101.48179 1.09777875962167 0.99116519955991 36 8.39667413442563 0.0774205435112995 4838502142.84097 6.57726520100004 4843384132.50734
1 chipseq_20000.dot 5058052541 1.16667634357713 0.639573047680687 36 3.22284891017 0.397625113172833 19.209251685 757457514.474224 1.10107119491895 0.496132522838859 36 6.10820324517008 0.655258086574658 1003337554.3463 36.3030589529999 1003404853.84406
1 chipseq_8000.dot 32978181418 1.18801600698153 1.47736102856731 36 12.4890424619531 0.0312767805351665 3.751737949 1896899150.54359 1.0958519504268 1.11003413691367 36 14.4452737778537 0.133424900159122 1932074877.37683 1.026833866 1932252476.97902
1 atacseq_25000.dot 11187378708 1.12510342742045 0.694043023087624 36 5.28001533996114 0.150941776378501 47.274939066 794670394.576835 1.06148948481179 0.697349638951929 36 7.9354547118843 0.287633212474099 1048734655.10736 52.8759940760001 1048847826.32098
1 atacseq_25000.dot 3908761308 1.10839378451366 0.295453915672695 36 1.26241322022391 0.366940162422792 28.4108524049999 477495239.271885 1.05930850077591 0.307268820238249 36 3.04981614259927 0.58430067761336 668916152.526099 44.2146366399998 669073499.278593
1 chipseq_4000.dot 5058052541 1.17270956245013 0.636058568196182 36 3.33302323367675 0.408118633532721 2.172034765 146886396.233163 1.11152546353018 0.536454483558423 36 5.95147032732719 0.683130962978826 195842021.633529 1.25375761699999 196403014.893672
1 eager 8330435694 2.5036036036036 2.60478201190766 8 98.2033565661227 90.6472361516582 0.038447124 1960635.4952848 2.63063063063063 2.57129603197595 8 35.7818386350139 35.7818386350139 3040639.15715551 0.00507184 1343925.91620695
1 eager_15000.dot 14754556884 1.24915174558653 1.01780777202929 36 21.4187878741005 0.12248608209484 48.3918351770003 405864452.990578 1.11835506791079 0.810404659721043 36 13.6123033773167 0.197356532035883 441398834.925519 38.8215762219995 441431325.256793
1 chipseq_15000.dot 4807293396 1.14791293500599 0.514674548243792 36 3.62870202065158 0.373673686225978 13.831178697 491226255.23511 1.07950900657493 0.622867873942998 36 7.6644450786905 0.699280083649751 708413679.969421 20.673075309 708495228.574184
1 eager_4000.dot 25705994498 1.34184835028836 0.999138371424028 36 43.3372479572694 0.195896231029479 6.32686319299999 186886762.12696 1.14528065302059 1.0102679037361 36 23.1628279188211 0.233904704183251 191698085.829938 1.63464016399999 191779808.641694
1 eager_8000.dot 19100037384 1.30926474824306 1.10223470249993 36 33.3348514524292 0.135447726476571 19.3657709920001 267698209.921197 1.14196987010196 0.890437533608918 36 17.4458858615803 0.234396343178898 282180233.802582 8.01954441099999 282354720.654965
1 methylseq_4000.dot 110641579976 1.13996138996139 2.02291761070687 36 47.4633186307698 0.000409567370093197 5.60335570800001 1781998950.407 1.08375836153614 2.00980252020025 36 49.2031991454748 0.0101560724990491 1775397762.57541 2.06741453800001 1775398226.48951
1 atacseq_200.dot 14091675276 1.33294312169312 1.27622900949335 17 4.49693781753536 0.414092541664088 0.05714885 9862016.43104037 1.20878968253968 1.36958420981759 29 15645.3448507267 0.271615870465446 8956397.29618313 0.007185013 10075687.7396672
1 chipseq_25000.dot 32978181418 1.20892214642214 1.57561094235141 36 20.085356537825 0.0322557453289141 32.145729844 6028546642.27705 1.09716676904175 1.16593026780132 36 16.91765249619 0.133936747060499 6106327496.33424 9.30983579699998 6107021547.9239
1 eager_10000.dot 19100037384 1.26153203767835 1.13088606893671 36 31.1389040207003 0.149713024907103 25.273638168 334860378.73793 1.15646280869227 0.867089786128558 36 18.6385718509869 0.246915417607758 349698590.129276 12.956415827 349744328.399537
1 methylseq_30000.dot 11897958606 1.5421729538376 1.9600526088567 36 23.1314233161498 0.084750505403054 439.748730833002 1814734014.49803 1.11878031635938 1.79820059213553 36 67.7924892976899 0.362875918616786 2432139279.25253 380.063077505001 2432140116.16394
1 atacseq_25000.dot 11809629756 1.12745206762956 0.746109363216904 36 6.35310695141508 0.164133551269436 47.2524259519997 793299624.075546 1.05817404741949 0.771458906933431 36 9.38175889883324 0.270449883532976 1088179489.17108 51.3354940350003 1088217799.93722
1 eager_30000.dot 19075314980 1.20878291761159 1.12067824935973 36 26.4123379040566 0.157091546259026 178.314535486 1007311206.01426 1.11689346106373 0.822667985026348 36 16.0016055692649 0.2268189494555 1038224591.6204 197.258626336998 1038267372.84668
1 methylseq_25000.dot 11897958606 1.53206798802094 1.96157468271623 36 18.3512297317967 0.0858205558703398 286.243533310001 1519083400.1299 1.12366232565468 1.79371792233398 36 67.6775544831382 0.365727503027663 2002418378.32779 238.946553006003 2002419409.77568
1 eager_15000.dot 19132169434 1.24234119094194 1.09765329957276 36 27.1053162274337 0.160403606010711 58.8896751010001 512132901.8177 1.11935527975667 0.810967227749605 36 16.611005278837 0.246038661866502 542266555.324901 35.2366170040001 542366686.239997
1 methylseq_30000.dot 22500260922 1.11743427529745 1.27614236523042 36 18.4866517346225 4.9724451158388e-06 542.724544758997 1422904638.81589 1.11043782592405 1.26919135967116 36 20.5369534735281 0.0514985153219763 1594387146.35196 304.653383842003 1594388299.2613
1 atacseq_2000.dot 11187378708 1.12784148855011 0.890721876295629 36 8.23633031204353 0.140180728637461 1.310632908 58794325.2842929 1.07115744613582 0.73383882462402 36 9.38805565736482 0.391089625079688 89074954.0684002 0.307937181000001 89086134.19706
1 methylseq_10000.dot 11897958606 1.53932366597432 1.96403719964968 36 19.8396147721666 0.0836084837442685 34.3584128660001 602489055.384024 1.09407096171804 1.78813892979578 36 65.2209258939577 0.343637392395114 784574540.56801 21.3567166849998 784575291.639344
1 chipseq_25000.dot 4605965334 1.11208762250427 0.484837299295132 36 2.55504791504923 0.348146650723397 25.2092299310001 881044919.201441 1.10203565932731 0.540449663039653 36 6.25272859838776 0.499431700666215 1255462594.19699 50.0594873369999 1255561720.80269
1 methylseq_30000.dot 6273818718 1.12666759825626 1.33494544379984 36 20.6394701514423 0.134004165029773 759.146649809 593704469.954427 1.08211062202662 1.3770934881206 36 30.2733617156978 0.351193851535273 895740404.003649 291.132356335003 895740756.238461
1 eager_30000.dot 8330435694 1.2401019520601 0.793541418097998 36 27.1442129776477 0.384662721715198 246.703635046 659877497.740809 1.1284477567085 0.253200570901242 36 6.18637028862557 0.650938646982906 675990873.207887 204.329131352998 676006461.585296
1 chipseq_200.dot 4605965334 1.62723214285714 1.09633421911144 14 4.30830890772043 0.518787819027825 0.063499637 4567044.45547031 1.45036139455782 1.24008427528851 30 2.89472138963686 0.137547680765156 4528338.67123335 0.006647344 4551135.69371116
1 methylseq_15000.dot 6273818718 1.47087828993354 1.33965958541267 36 18.9514155559032 0.134773279705686 73.267402498 296687403.047833 1.1013106781722 1.37152459961938 36 28.3263435923171 0.307829521456761 421545898.94616 46.1023280290004 421546904.799096
1 methylseq_2000.dot 11897958606 1.56904602537133 1.99492058114423 36 13.4349693196257 0.0841355757490785 1.359024618 120597191.877408 1.11484031363549 1.81411658118478 36 64.3675978569701 0.297789696632904 145510117.923614 0.611141265999998 145510733.35314
1 atacseq_200.dot 3908761308 1.35482142857143 1.34604659607211 16 3.46395573467972 0.870815483030257 0.068529846 4469201.52243894 1.27488095238095 1.08535499175565 26 2.40840062396882 0.162253962916805 2499301.10052127 0.007906009 2554563.52232765
1 eager_8000.dot 8330435694 1.36607412724027 0.868455474413863 36 36.5738085679528 0.418958614325312 19.091490767 153986927.539981 1.21548899332181 0.307537411587156 36 6.71536039672402 0.66291391456156 181131619.438495 10.636019689 181140592.210575
1 atacseq_200.dot 2223941232 1.49454365079365 1.18658906786054 16 2.97217394814187 0.404783132404789 0.069590123 2564100.08017856 1.31019841269841 1.14091488788304 28 2.69484746179312 0.167426971428147 1616212.92222293 0.007590547 1603421.51029781
1 chipseq_2000.dot 4807293396 1.21274907845319 0.782935572026266 36 10.4612057452839 0.383743283194304 1.100518151 58125359.5079885 1.08927287111623 0.524052194851255 36 6.56009517142388 0.797301051991085 84004941.913465 0.3159584 84010748.2831755
1 eager_20000.dot 19100037384 1.2236241123962 1.07920672238001 36 25.8944087083122 0.154069906765011 77.7952283290001 675125651.726298 1.12065625288233 0.845138374409451 36 16.5577537194217 0.231738461723555 704526772.881109 69.1399355069999 704559381.489739
1 eager_10000.dot 19075314980 1.27968758724156 1.11655644322868 36 30.1416559919246 0.142310352794813 25.268439294 336924478.63013 1.1347323997607 0.870901582648916 36 19.3379590947726 0.273702814949427 373357409.410101 13.0921884470001 373386083.463171
1 methylseq_25000.dot 6273818718 1.1597106330664 1.32801363676002 36 19.4989784191625 0.13777441869727 421.641610231001 499212483.231179 1.09578484938546 1.38782004351276 36 29.4593032365675 0.31722990020062 707371355.392791 185.551269189 707371854.443292
1 eager_10000.dot 8330435694 1.32496758476202 0.867224868070874 36 35.461691996222 0.407417941223559 27.162489085 200084989.339378 1.22691215610865 0.336878964532238 36 6.88401346092808 0.654078187906204 225557084.403895 18.8188244899998 225683854.962143
1 methylseq_200.dot 8885797810 1.93799603174603 1.82487296887128 28 6.65206796192544 0.138787215318214 0.077289186 6785874.5189388 1.52835648148148 2.0336953981302 36 346.954258806953 0.147813207736995 7050059.07984514 0.009238107 7050401.22792849
1 chipseq 32978181418 2.01041666666667 1.10347027999695 4 19.9262952261469 19.9262952261469 0.005928517 18627479.7967961 2 1.66457655045176 6 4.83368205525781 4.83368205525781 17531546.1961089 0.000519639 17503302.541418
1 methylseq_2000.dot 6761426956 1.42722477210429 1.8320956218834 36 34.923672113291 0.121227444652532 1.371639312 52396839.1378514 1.13001211193982 1.75980655662247 36 54.2148710406423 0.289342116116512 80185839.2319507 0.590301030999999 80186146.4006873
1 atacseq_20000.dot 3908761308 1.11106338930219 0.295517424777414 36 1.31719937117935 0.351650350726116 20.4901367820001 381788850.557949 1.06043997099904 0.319601184057571 36 3.00447025447972 0.587840641555366 537647492.759851 25.5152697070002 537800311.896207
1 atacseq_1000.dot 11187378708 1.19513015688016 1.10855966633669 36 14.5641321392137 0.121920318757417 0.468449744 27028244.6557075 1.1018700169656 0.788152058885254 36 9.26486112659018 0.271875270200217 35715154.8902056 0.0916666150000001 35724459.5998134
1 eager 19100037384 2.5036036036036 2.61449565073262 8 160.915319718975 137.093102359092 0.037562937 8025385.48971657 2.60617760617761 2.66660700742642 10 155.669602321543 121.476695910389 5957095.29219897 0.004629202 5502392.32558563
1 chipseq_10000.dot 32978181418 1.19789988363767 1.46604682169584 36 12.4203284247883 0.0310397146451467 5.22542513299999 2374285702.41109 1.10498816137914 1.130240462911 36 13.9796551173853 0.132957368775323 2430136105.06631 1.50211880300001 2430429584.99818
1 methylseq_2000.dot 110641579976 1.13567763115956 2.04239433229262 36 54.495154921046 0.00107010330229341 1.562183289 890768154.184847 1.08035315866641 2.00690656761954 36 52.0777440341696 0.0112065727079463 897992175.27269 0.431856928 897992724.771102
1 chipseq_8000.dot 3793245764 1.11858414900147 0.310012035664399 36 1.40343226860928 0.387252549793796 4.384673456 224204440.542015 1.09769710435855 0.407178636573214 36 4.02294851644357 0.546102294882541 335934787.515463 4.33223206399999 336217850.898111
1 eager_25000.dot 19132169434 1.2341245959265 1.1326594009476 36 25.796107128376 0.158375622701691 130.826535931 849186863.55714 1.11922043254301 0.80900866880747 36 16.0902403840569 0.246377328473696 900640634.972301 126.556028780999 900760124.082494
1 eager_4000.dot 19132169434 1.42738567717774 1.09889136113409 36 38.4915880849981 0.135959025910338 5.55748626500001 133980689.385537 1.21772093011639 0.940757868751246 36 27.1497125635511 0.291827403177547 159105111.183468 2.25255971100002 159160746.394112
1 chipseq_1000.dot 4807293396 1.252775002775 0.993680166482656 36 12.468804314873 0.30651976310805 0.463564515 27721989.4997388 1.17003442604404 0.567080842216345 36 6.97222871928431 0.681072531701527 37911563.7090876 0.0958458470000001 37939571.701189
1 eager_15000.dot 19075314980 1.2415770467092 1.1424700534496 36 37.9053569157401 0.148804596827934 55.8557934609999 521758011.601869 1.12651640195993 0.847492402568769 36 16.8503652981412 0.237713883973043 552682683.927384 34.9265727489998 552778530.528789
1 methylseq_200.dot 6761426956 1.91319444444444 1.81839266375136 28 6.20865715466006 0.129934168886483 0.07592923 5194835.40735888 1.36160714285714 1.91922856988203 36 53.5514211396467 0.200257472203051 5263197.50526489 0.010024333 5263312.01574502
1 methylseq 17027257018 2.83333333333333 1.58804343233177 4 65.4472258260042 65.4472258260042 0.003174382 1075494.35777834 3.11111111111111 1.52831867931104 4 2.26309456277048 2.26309456277048 2174050.72916667 0.000269721 1074835.74824612
1 eager_1000.dot 8330435694 1.45280468405468 1.83019590509379 36 142.846886588555 0.379951418010999 1.161991944 25353005.680893 1.411914449279 1.11009618975204 36 32.0703902872426 0.536284663109942 18685138.904334 0.196000195 18684395.2547156
1 chipseq_4000.dot 3793245764 1.10533517844839 0.315995962646112 36 1.50392298365581 0.352618953422453 1.897505818 111713888.896012 1.10772783296368 0.418734920282067 36 3.61579802312417 0.566286807734261 162284198.303958 1.092889575 162376306.791433
1 methylseq_200.dot 11897958606 1.97271825396825 1.8080779279139 28 7.2781546344841 0.12266862366645 0.073937659 12383430.8340258 1.37367724867725 2.04373376644055 36 527.531869492263 0.272324323115787 12132069.1878802 0.009695174 12132185.1760347
1 atacseq_1000.dot 3908761308 1.20893593443593 0.680585878109118 36 5.00746095173169 0.185356061322388 0.490034836 16225626.3592596 1.12418603618604 0.356527345391644 36 3.30763420371734 0.389432780345895 20346111.6292977 0.0922270659999999 20374290.1789408
1 chipseq_1000.dot 3793245764 1.14552514792899 0.726638914579465 36 6.27674121928838 0.201570905455395 0.530513997 28598964.6117779 1.10573134130826 0.445992434594697 36 3.52391441198598 0.458225595122679 33245913.1981894 0.101270436 33363950.8599551
1 atacseq_2000.dot 11809629756 1.12971191750387 0.953263755430878 36 10.7790203190079 0.146983045078671 1.215869509 59487372.0391009 1.06187453013794 0.71115222492024 36 9.2301982952506 0.320424644812956 75012974.9507918 0.296980178 75020975.2294239
1 eager_4000.dot 8330435694 1.3819020511849 0.978451295892668 36 37.8009122107012 0.411431841832694 6.23376073399998 79588826.1863921 1.32258075490135 0.481654834543142 36 11.2802071639447 0.615060186948365 84744507.0730745 2.87057863799998 84748906.7799052
1 methylseq_200.dot 22500260922 1.74652777777778 1.7798963042021 28 4.3215143585238 0.0193591336697727 0.073643788 11235504.612175 1.33482142857143 2.03337263329988 36 246.539878350404 0.0235112228119534 10228894.6527502 0.00945350000000001 10229213.3201074
1 eager_4000.dot 14754556884 1.38198099406455 1.04007198294345 36 28.598308879754 0.116608556362489 6.338711036 106096120.350539 1.2020800462439 0.935689915292112 36 23.2541646935183 0.232199315501779 131575097.405357 2.33706610500001 131606555.050109
1 methylseq 6761426956 2.83333333333333 1.58430424248239 4 80.1324664587839 80.1324664587839 0.00318814 1036605.40829698 3.11111111111111 1.67616934730531 4 9.88923835609758 9.88923835609758 1078891.7125 0.000275139 1036907.02732841
1 eager_200.dot 19100037384 2.503861003861 1.72990588702532 13 20.3643840927522 6.3875640545203 0.132072225 7213071.49137109 1.98511368511369 2.40145088448527 22 63982.2135305633 5.38703114413775 8214375.3991253 0.019200592 7723834.85658909
1 methylseq_20000.dot 8885797810 1.21084544929085 1.7892158170743 36 37.1747500729927 0.128838175694532 246.817216781001 687925260.356605 1.11683641710656 1.78176113829973 36 61.0377367340217 0.320239960320195 1159914063.2406 134.750371152 1159915341.81905
1 atacseq_25000.dot 2223941232 1.11219265563675 0.26053628246842 36 1.12707169750362 0.341825133438438 37.4589094769998 283526056.279164 1.05374667453451 0.20876035321098 36 2.18464447913185 0.570417395389554 371729707.244943 44.3031427520009 371824994.816058
1 eager_20000.dot 25705994498 1.245462024343 0.986954769895873 36 40.9436911573388 0.192873694729988 135.005225962 939339462.508205 1.09442291140715 0.800999678284039 36 16.9574256469476 0.242323269619075 936468718.523881 59.3344705130003 936560008.480879
1 eager_25000.dot 19075314980 1.2050066417104 1.10336828637142 36 28.1813790200984 0.150271124259573 127.450505168999 853696191.421101 1.11570640770957 0.837663328551377 36 16.7901112568377 0.235047635551249 880433121.981951 120.564800845 880466918.593866
1 chipseq_15000.dot 5058052541 1.17510037611246 0.636105329456126 36 3.38119406994951 0.390922289476706 11.258843337 569704646.377878 1.10205777458488 0.481572827162023 36 6.23568163977115 0.68328818888647 763667111.605232 19.682737321 763771691.711702
1 chipseq_1000.dot 5058052541 1.23314292545062 0.982305369292157 36 12.3424004119974 0.352883355488192 0.468126125 36161095.8072695 1.13890249707557 0.555833738223861 36 6.54749180563058 0.70379653030911 44416350.3820905 0.100132132 44419582.1128736
1 atacseq_15000.dot 11809629756 1.11987365764411 0.722226233199681 36 6.50188425655763 0.160231525310247 22.3038813549999 472050521.179455 1.06178319511412 0.700200145529078 36 10.7600079472552 0.308919988361288 633300632.784971 16.1908714700001 633386902.531446
1 methylseq_2000.dot 8885797810 1.32056798623064 1.83280391869533 36 41.0716426956028 0.118449101560237 1.454148781 67567383.4452458 1.09887964556639 1.85227822063394 36 67.737956050895 0.268548263853132 108680391.885747 0.649288304999997 108681514.34082
1 chipseq 41366257414 1.60416666666667 1.19417851479436 5 11.900329683646 11.900329683646 0.005376504 25493302.6784897 1.54166666666667 1.69961359253282 7 8.6399624001678 8.6399624001678 24126904.2458491 0.000457325 24435350.1003118
1 methylseq_15000.dot 8885797810 1.40729726638455 1.80473712303114 36 29.1960802650763 0.130966315296854 99.0717770300004 519488053.722104 1.12375720682369 1.7916228569671 36 62.8909220636104 0.32761331040236 869969918.817728 60.1577040510004 869970253.749581
1 methylseq_30000.dot 17027257018 1.12911090362074 1.94110862097585 36 55.1434708214647 0.11059666992891 353.360824939001 2400311142.28408 1.0943155039794 1.77500385889223 36 76.0383281395389 0.447660418385609 3380407291.98426 342.251879171002 3380409528.40008
1 eager_2000.dot 19075314980 1.52826290553563 1.31288102250644 36 89.9540509458407 0.138145263262084 2.849300005 76423754.011596 1.32007033446662 1.00034730833039 36 37.2853175253418 0.219767610287703 76611254.2102848 0.588649593000001 76618760.7908235
1 eager_2000.dot 19132169434 1.45415707164933 1.31516966136146 36 94.7128062243924 0.148569748529861 2.718956927 74943490.2704024 1.26796380248392 0.923416503446765 36 25.3118071087663 0.316217286991631 80922864.2021552 0.600716158 82190752.0172028
1 chipseq_20000.dot 4605965334 1.10762719758337 0.504536076660545 36 2.68596163026284 0.334892537500774 19.8999757280001 708309616.835747 1.10756574985296 0.537054443324324 36 5.9147916619175 0.49162557364882 1009475363.35273 28.834719179 1009689755.20073
1 atacseq_200.dot 11187378708 1.38577380952381 1.26105365901202 17 6.13875873321214 0.244633199533499 0.065056349 3824755.72024297 1.27734607984608 1.30718979850605 24 6.62568237991919 0.119660882409806 3580295.68577992 0.00791549299999999 3573877.03004389
1 chipseq_15000.dot 3793245764 1.11276449621607 0.328448628916199 36 1.48726973346305 0.36720368025188 10.082402875 436225372.662657 1.09837165651541 0.410821871483163 36 4.07060760419825 0.496780838155686 638048702.716101 16.288201395 638173073.065505
1 atacseq_8000.dot 14091675276 1.10811323905119 1.01693351896214 36 14.0285621318277 0.163240700859112 4.004410655 519915427.27639 1.05226542271827 0.712563100146355 36 12.5007759837392 0.33469395998984 651419738.754456 2.29491289999999 651501068.380877
1 eager_10000.dot 19132169434 1.31358418402035 1.0969359971008 36 30.9820441720854 0.14887698252516 30.838964014 341773158.756836 1.1450647100408 0.803675066462318 36 15.469657860511 0.252218967405753 352114262.619176 13.2227508399999 352159554.737245
1 methylseq_8000.dot 11897958606 1.54605001827224 1.96306588039673 36 17.9171966300862 0.0849657730708107 20.592985481 484342715.754453 1.13748669304225 1.80963267466061 36 70.690316848648 0.352447698120256 640352217.92863 13.0614159189999 640352546.141244
1 eager_15000.dot 25705994498 1.24795971875883 0.963441794201559 36 36.4770349176072 0.188911526935113 73.3675150899999 711895052.741073 1.11028867807835 0.799499031065185 36 16.9470480545858 0.256365384009959 718391028.465475 30.0548043260002 718419377.099991
1 eager_1000.dot 19075314980 1.69159472284472 1.63468205689521 36 113.933322483105 0.191922020082997 1.207116457 43898355.2588265 1.49759930219489 1.19825150486732 36 34.0372107921675 0.191370518321893 35165913.8240566 0.217851481 35175008.7585332
1 eager_30000.dot 25705994498 1.21031241148563 1.0014656204362 36 42.1767215776604 0.189292907384739 312.868612669998 1428942631.40507 1.09740428938993 0.7671108367434 36 15.8948450228556 0.252275986831236 1411366654.96476 169.074655279999 1411393731.44461
1 eager_10000.dot 25705994498 1.28319311242806 0.963053928007637 36 40.219841246411 0.192056012411348 34.7102029530001 479756983.501551 1.10661876897885 0.809171667022716 36 16.952279932813 0.246990953970583 465347000.769801 11.4740986119999 465371956.694011
1 chipseq_20000.dot 3793245764 1.1093280546112 0.335510124126987 36 1.53766344472158 0.373923827551888 15.0134280940001 583762720.971779 1.09788148074284 0.403379436779404 36 4.18961275270498 0.44655435400068 866848489.161585 31.2718834379998 867129279.877838
1 chipseq 5058052541 1.97916666666667 1.17182556433423 4 2.59326368172555 2.59326368172555 0.005962334 1813814.12858246 1.72916666666667 1.33702246156706 6 3.9013019613549 3.9013019613549 1839921.36878997 0.000621977 1842180.53573334
1 chipseq_30000.dot 41366257414 1.10048830964698 1.17751199692795 36 11.1806415255781 0.0215036595747056 51.2332539829999 7007376272.04741 1.09439866413124 0.98306094281122 36 8.27698979959919 0.078310429108557 7285103590.51715 16.051455052 7287986168.49796
1 eager_8000.dot 14754556884 1.30500313477608 1.05240869220017 36 27.0311102889892 0.114774670858407 18.1194707990001 215449674.390523 1.13219300567082 0.753317879048579 36 14.099474104931 0.21622022671262 238206077.771251 9.07471378200002 238214227.441028
1 chipseq_30000.dot 32978181418 1.20541270221992 1.52107971796386 36 13.2852640213648 0.0330246047678725 31.8677209690001 7232541974.63346 1.1002192917591 1.18645452809483 36 18.6507880187628 0.133217228357516 7309137248.22989 14.3133035219999 7309336305.73018
1 methylseq_25000.dot 110641579976 1.08960862309401 2.01533507597542 36 45.6278904081584 0.000173498683049064 339.217547541999 11057891157.4391 1.1045849875663 2.00621233660677 36 46.2197289732271 0.00842957669480567 11094020819.2553 171.480197629001 11094021904.9475
1 eager_10000.dot 14754556884 1.27586683821134 1.04560332871857 36 23.7760156147227 0.121488769520336 24.074234781 272390298.640089 1.15162397340754 0.781545553677353 36 15.1862620090568 0.220577193724462 302474790.067533 14.9116581750001 302510681.239339
1 eager_30000.dot 14754556884 1.21903103111837 1.06858322419047 36 21.5287110454509 0.125507165006924 154.932977243 814117868.579099 1.11718888036047 0.7706447993341 36 12.903203786158 0.199854796415128 876592643.814212 208.800639160003 876616258.67977
1 methylseq_8000.dot 6761426956 1.47727489394156 1.81439613987705 36 20.9858722358175 0.127742073798272 22.1971848750001 211080744.053882 1.08222110999889 1.74053780621401 36 56.7609954150947 0.32125522897184 357538899.813861 13.161281293 357539205.929996
1 atacseq_10000.dot 11809629756 1.12608258106019 0.739566864027842 36 6.511761044821 0.165029923376579 11.982277794 315656926.841353 1.05865732521582 0.749112516136694 36 9.98843770821096 0.31490952098843 418613252.380163 6.64796769099996 418790805.523737
1 eager_20000.dot 19132169434 1.25384668494845 1.1003768555604 36 26.3659750176977 0.144293471130258 103.913274525 673562909.20325 1.1162182053168 0.850987331363097 36 16.2644340750617 0.23251699906661 700562284.82599 70.9946867620011 700598369.046743
1 eager_200.dot 19075314980 2.51576576576577 1.68147255657903 12 43.7575200458835 12.7037519987272 0.131403504 9468283.61827109 2.14380919380919 2.49135388295571 24 76.5366598798854 2.84018829328258 9996492.79773349 0.018646323 9999082.27006029
1 eager_20000.dot 14754556884 1.22619997848993 1.08828534698188 36 22.5575925034658 0.123459211038009 88.8103533929998 539829155.438766 1.11811310163504 0.830968320725861 36 13.8376449948434 0.196756602676322 581907149.886101 75.6077471959988 581951420.821458
1 chipseq 4807293396 1.97916666666667 1.2230675811265 4 4.27066905905485 4.27066905905485 0.006157482 1843575.96987814 1.6875 1.53191155562485 6 12.2321814187726 12.2321814187726 1631543.7873805 0.000617801 1633602.7383088
1 eager_15000.dot 8330435694 1.26629844278186 0.819662964155123 36 31.5219540376925 0.390525201751596 59.416948434 313141499.033082 1.19151626086046 0.312668164597543 36 6.3535676980075 0.62775385053243 326575248.048254 46.9311177319996 326610308.692023
1 methylseq_10000.dot 6761426956 1.39497227462414 1.78527959879648 36 28.3370769423399 0.124481208894119 39.4614147269999 260556612.219319 1.1033635676493 1.72908623341764 36 56.2174602383755 0.339489650441529 449652357.914511 21.1244526869999 449652607.576405
1 methylseq_1000.dot 22500260922 1.39888123924269 1.28259799006571 36 51.8973482822169 0.0140740298916327 0.480613216 51406747.4375613 1.15667431631287 1.29354637515624 36 33.7444843739261 0.0539702906170185 56580311.244606 0.129250517 56580781.8483659
1 methylseq_8000.dot 22500260922 1.16150674484008 1.2721197430776 36 17.9676359450164 0.000307126956076112 22.926175941 379542660.759325 1.07131933520822 1.26105809438195 36 20.7283089315252 0.0674357403329403 457623126.419178 9.45329698499995 457623930.893627
1 methylseq_25000.dot 8885797810 1.47566912293268 1.82093044683413 36 21.7872885872661 0.129738258232938 314.225489718 861671500.368361 1.10933368386564 1.78401648258713 36 62.6256061062208 0.331423635088642 1466625553.93867 225.613489901 1466626687.75009
1 atacseq_1000.dot 2223941232 1.19415626965627 0.532565703627769 36 2.74436599659216 0.110100170446644 0.533391448 7288501.15002595 1.10395006464124 0.307587833683947 36 2.94960575216755 0.257513160767221 10811843.0447922 0.0919384189999999 10845426.0316169
1 atacseq_4000.dot 3908761308 1.13479655303473 0.390068878831231 36 1.90774604127749 0.347241158977755 2.616868509 74084276.5170848 1.06467532611564 0.425910675998571 36 3.09886638247879 0.670123784808235 99759358.7625764 1.084074296 99775176.9528221
1 chipseq_10000.dot 3793245764 1.11748980968906 0.320613790455858 36 1.44744645058137 0.390068802950075 5.92952728700002 281059667.630345 1.10622937526134 0.412757337179045 36 3.94621894871847 0.526164550956065 416834090.040595 6.38499374899997 417254800.063774
1 eager_1000.dot 19132169434 1.72793012168012 1.80657357385441 36 166.376571689289 0.188349780277758 1.31089856 47145462.1918476 1.46595822115366 1.36784088787645 36 30.1342833308052 0.185485306321339 29625632.662646 0.203786273 28953736.3459585
1 methylseq_20000.dot 17027257018 1.53707197164581 1.96243528583112 36 22.1051942105511 0.110372770429445 168.299267889999 1599349517.83904 1.08645680494423 1.77171808894806 36 77.725601440005 0.456695843534963 2276982431.21257 134.949544912999 2276984461.69583
1 eager_8000.dot 25705994498 1.32755929342098 0.934981191973374 36 36.5325407227792 0.192533632401647 22.8141019219999 388733689.106404 1.11347111402838 0.796547704518615 36 17.9438317773241 0.266929675464489 374163455.838784 7.06534531700001 374163099.377034
1 methylseq_2000.dot 17027257018 1.56594632498247 1.9939386267681 36 27.3236432551272 0.110705347102618 1.385258443 160046836.982829 1.14927168993434 1.80087444697561 36 74.2138162918024 0.391406638931984 222500902.031744 0.645795589000001 222503148.2051
1 methylseq_4000.dot 6761426956 1.37897818453374 1.77973610421308 36 37.023933740001 0.12989474581874 4.921770978 107249183.217475 1.08688847577736 1.70439265112972 36 50.8951451777876 0.317321995792682 170602160.54152 2.421196174 170602503.996722
1 chipseq_8000.dot 4807293396 1.16695448621389 0.507380219950637 36 3.70453145288176 0.364286435459412 5.39910209900002 258578397.75683 1.08052705197102 0.622790562854612 36 7.69730583682677 0.693497845343356 363667333.973164 5.89717850399998 363688973.450217
1 methylseq_20000.dot 6273818718 1.24852242484298 1.30827725872012 36 18.4134459735891 0.131971946989947 224.795938858001 393284710.705046 1.08575414292704 1.38418249674451 36 29.9824817007307 0.333460706826197 593764219.70625 101.957281713 593765024.71202
1 eager_4000.dot 19100037384 1.39709360117614 1.12323212455904 36 41.2823157682886 0.140502231105156 5.82005135199999 136521498.527024 1.15276225634574 0.99634284178554 36 19.9606165988293 0.225938285604616 144981747.119654 2.004758058 144986614.103363
1 methylseq_20000.dot 22500260922 1.1154930226059 1.27461423511622 36 18.3210539853801 0.000424570967103714 197.164011527001 950287403.448936 1.08354611685948 1.26160352880445 36 20.4569854570548 0.0644632327571014 1114331982.09489 99.3739027509989 1114332681.48033
1 eager_2000.dot 14754556884 1.448643883938 1.39386702974682 36 119.254452844086 0.148804545451498 3.65542136800001 70492982.8644379 1.33406043050006 0.861319545802006 36 25.8951524565222 0.16262232364459 53836229.1514872 0.647144783999999 59670249.0364638
1 atacseq_20000.dot 11187378708 1.12271656470443 0.697666391094242 36 5.31338563346608 0.147126347393251 37.688721098 628988716.693298 1.06068238131225 0.669917832691586 36 8.89071481084999 0.299203768503974 842477409.351758 30.7381901489998 842646234.116976
1 methylseq_4000.dot 22500260922 1.18964202297535 1.27383479612601 36 18.431279146144 0.00204158004488197 4.54126867000001 192813744.759245 1.09631456853679 1.27157514275472 36 22.8201134539001 0.0779198393580842 237862664.951819 2.08871661499999 237864087.183234
1 atacseq_15000.dot 2223941232 1.12753795123778 0.262074590337123 36 1.2069134015383 0.34982576078399 18.108305292 168860063.846385 1.05886157382977 0.272012463271587 36 2.17651458314176 0.609156253184937 216999032.703907 13.9376873230001 217088699.746096
1 atacseq_8000.dot 2223941232 1.13897105690686 0.333108670188286 36 1.37116544668419 0.350717781694925 8.33692274599999 88345612.1665621 1.05708864213528 0.387339787032581 36 2.31653248623285 0.737463132077242 113067933.303953 3.90381510499999 113246677.571078
1 chipseq_200.dot 41366257414 1.32578656462585 1.11470939885154 16 5.53752488780439 0.0881262941941134 0.047156694 43169182.7102923 1.19899891774892 1.29968248289513 32 5.03182800090229 0.0548103610506116 40150423.6930237 0.004628385 40016100.0148126
1 eager_200.dot 19132169434 2.27187902187902 1.60989442032864 13 96.3165833781163 21.2959784056651 0.129777846 11988858.9269124 2.45553410553411 2.42743563333989 25 80.0936686514465 1.73991145466486 6609883.16691697 0.016631635 6878329.1131111
1 chipseq_25000.dot 4807293396 1.14326552347384 0.499030729967688 36 3.41645789743481 0.369028953065055 32.1897818329999 820208615.432629 1.07400454275452 0.539927028639826 36 7.01610168335965 0.739782322182774 1173787179.56878 60.8327663840001 1173816273.58633
1 atacseq_4000.dot 2223941232 1.13536227865272 0.20250193672695 36 1.68917185302106 0.292405971840948 3.443129684 42694254.5435861 1.05839887270286 0.489602175719256 36 2.42143566886351 0.670260404748368 55952267.135825 1.078944262 55970594.4804266
1 chipseq_10000.dot 41366257414 1.09561841927914 1.15203719249419 36 11.060309817985 0.0195065379637058 6.506849149 2310081542.29231 1.08455296530955 0.98333283759699 36 8.35485287669044 0.0783328675373784 2412240849.07728 1.5123327 2415178807.78852
1 chipseq_4000.dot 4605965334 1.12868008563763 0.428868569244879 36 2.34072788996621 0.378686047953402 1.882940656 130222089.972861 1.09025294019398 0.490543942757089 36 4.95594194577958 0.660857105705411 182490384.379178 1.074509289 182545342.787589
1 atacseq_10000.dot 2223941232 1.13324312695939 0.285992156600754 36 1.29676165406577 0.361994230524475 10.251964313 110150244.841924 1.05708675890274 0.360130140057808 36 2.28902742187071 0.695818578557264 142891156.524248 6.25334096700001 142968212.140414
1 chipseq_25000.dot 3793245764 1.11593441801773 0.328047970478363 36 1.4968268812233 0.364661377811974 22.4926374809998 729546412.532801 1.09704157099988 0.432242271905662 36 4.37197734197918 0.453450155222434 1114472657.36489 50.1260986680004 1114632091.66646
1 methylseq_25000.dot 17027257018 1.53490272729351 1.96152085597404 36 21.9501846287891 0.109557701264144 284.376338508999 1993496560.8225 1.14163663011482 1.79809434854698 36 78.737618260077 0.450412426113501 2804113081.1225 234.992222842001 2804114972.78555
1 eager_30000.dot 19132169434 1.22092431202972 1.1439557249677 36 26.8343434256239 0.163801661486566 237.601791845001 1061196553.6193 1.11804171202374 0.810802042686629 36 16.4357287445265 0.245621494258892 1071410351.32007 199.566892261998 1071517286.81077
1 eager_2000.dot 8330435694 1.48815841543114 1.36669591694756 36 120.877642227646 0.379328530382058 2.889408917 48439364.9900082 1.42746225404542 0.72792990711784 36 18.586615380282 0.533351530014165 43372861.6330685 0.649447439999997 43370849.5489665
1 chipseq_30000.dot 5058052541 1.17022287380397 0.621676559725222 36 3.19995743320118 0.409959776171322 38.333196023 1131433500.5412 1.10118185348845 0.519168672531744 36 6.37671055830874 0.576612158591537 1518108653.83623 99.5784389349997 1518188258.67291
1 methylseq_4000.dot 11897958606 1.5394998172776 1.96823128944701 36 19.3973692019409 0.0836635236146939 4.438131924 240851209.199268 1.1061100783323 1.80719976855274 36 70.0763629436423 0.352691994863448 323268378.879113 2.596555 323269182.259777
1 chipseq_4000.dot 4807293396 1.16924002360323 0.536932306377939 36 3.70243897331664 0.398664924621528 2.215262049 125330345.085645 1.08089159268405 0.61995813836727 36 7.8464087338239 0.708105520861011 176481966.277114 1.262301038 176541440.549473
1 eager_200.dot 14754556884 2.23138138138138 1.27875012181572 12 40.0246390885749 29.7977253442703 0.131606072 10264525.5424992 2.0508526008526 2.81852549677749 24 165.74809161152 19.984346265015 10693658.2300875 0.018662887 10693090.2001658
1 methylseq_15000.dot 22500260922 1.1195644346165 1.2755408904235 36 18.434711280131 0.00032703622143081 107.853936397 712350023.203506 1.08996297567157 1.26007510367587 36 20.1468844826403 0.062916512790515 826581078.66364 47.8114730040001 826582478.99015
1 chipseq_20000.dot 32978181418 1.20682127374084 1.51625069746474 36 13.0577396235703 0.0317040698692228 14.488728995 4788957367.3006 1.1072165670687 1.17082544851161 36 17.8375702883382 0.13466524570948 4876466446.36448 6.07422384200003 4876540359.96235
1 methylseq_2000.dot 6273818718 1.34189934340537 1.31048866618458 36 19.2532859369513 0.126857914496726 1.392479834 38814485.4589124 1.12231465544718 1.2880090452276 36 27.3755903112701 0.268120145922362 52949760.285635 0.498547321 52949997.3556172
1 methylseq_1000.dot 17027257018 1.54580225664563 2.01481286987425 36 17.0005328822984 0.104729680545665 0.524662922 78765534.2124382 1.14234716644355 1.82586360394953 36 113.179083520408 0.414572466420195 106193691.726703 0.152752082 106194054.24721
1 eager_25000.dot 19100037384 1.21105010212117 1.11123965826568 36 27.6481552498711 0.149171814134432 140.510832726001 829505712.753613 1.11622888952117 0.81014542509009 36 16.0265879518853 0.240239545640677 901189095.475855 126.299342667001 901279167.597016
1 chipseq_8000.dot 4605965334 1.11925494502885 0.474023940858501 36 2.57545301902814 0.357703480913553 4.70746821599999 274949647.949618 1.09461538331053 0.484828993302533 36 5.57620800093164 0.606491946123836 372499331.361547 3.99103198100001 372694972.83153
1 atacseq_2000.dot 2223941232 1.16931412493696 0.425637726246386 36 2.52255759792716 0.251142517830734 1.344171067 18601722.0651968 1.05965611906356 0.277273294235766 36 2.43852054691254 0.524748611957617 25781834.3976007 0.326211812 25786718.8021487
1 methylseq_200.dot 6273818718 2.06944444444444 1.77347220141949 28 1.46245813493719 0.0516909281851863 0.078968224 3300628.34360891 1.29546957671958 2.08942300434067 36 100.426586499338 0.0884039974573851 3755345.18940685 0.00990927600000001 3755497.08708739
1 atacseq_8000.dot 11187378708 1.11678030399247 0.706380686208235 36 5.527061324439 0.147085231135499 7.99524474699996 246756928.688634 1.06046421075206 0.700957829088556 36 9.23319877562481 0.295306008698245 338941121.873938 4.12702058200002 338993421.848802
1 methylseq 8885797810 2.83333333333333 1.58815195539342 4 199.528805139188 199.528805139188 0.003152891 1876655.46462243 3.11111111111111 1.56156919750379 4 2.8029140498042 2.8029140498042 1875449.38844244 0.000272425 1876075.13591903
1 methylseq_10000.dot 22500260922 1.14774957602089 1.2728954357341 36 18.0362306119635 0.000184407158758556 42.4590347899999 474922766.430881 1.08534842508434 1.26365316894863 36 20.4199386399218 0.0695499676548025 568155802.084067 15.674410324 568157265.989253
1 methylseq_1000.dot 6761426956 1.41459488748645 1.88276882468773 36 17.3891218948385 0.108752206020359 0.532186064 25618757.2892928 1.15053866258685 1.79431868411313 36 71.6672128582603 0.258039166560137 35409866.0274771 0.155758354 35410254.4134974
1 chipseq_2000.dot 3793245764 1.12081641986705 0.395319561194196 36 2.31028073117939 0.329624382387831 0.903873875 56849374.7907911 1.07856621226874 0.312381028575087 36 3.49823610739643 0.516752572962072 75366291.5521731 0.345155808 75406245.2713344
1 methylseq_25000.dot 22500260922 1.10442369191772 1.27667171082873 36 18.6237467007304 0.000405059596706829 338.962337499999 1189040874.18944 1.07974418764148 1.26192838923804 36 20.0090281757328 0.0538162514641186 1342278361.97474 166.76733608 1342280330.13725
1 chipseq_30000.dot 3793245764 1.10914534190441 0.354118381293973 36 1.7126266001657 0.373330051399783 29.738848901 881529089.612106 1.09737455083837 0.420698595752691 36 4.28305995301863 0.435935372989969 1337726916.87581 78.949946109999 1337893159.47784
1 methylseq_1000.dot 8885797810 1.29408108624976 1.87162416807372 36 86.8608133907873 0.109556047757755 0.524090411 33899558.3296756 1.15428380187416 1.8417747374649 36 104.711933040407 0.314207473187175 52732816.7710897 0.159623578 52733100.4198865
1 eager 19132169434 2.56981981981982 2.52228991050216 8 58.5598537403604 58.5496566467397 0.037006562 7468903.86653331 2.6036036036036 2.77557585110925 10 157.190502377614 139.968185809848 6824036.02620998 0.004635146 7101181.5858746
1 methylseq_10000.dot 17027257018 1.55430267345033 1.96401130593878 36 18.2591584911929 0.109315362961758 33.3979672359999 796654536.755682 1.12358594231346 1.76269879083608 36 75.3852264267686 0.453049479301631 1118328271.04082 20.6353507769999 1118332008.79611
1 eager_200.dot 8330435694 2.11321321321321 1.78950082921899 16 176.529720397041 72.2357813712423 0.140305258 6416650.23990474 2.16119196119196 2.49456531795818 24 98.5355883276378 5.95983425382345 3523039.08432281 0.018018416 3166608.28655254
1 chipseq_10000.dot 4807293396 1.15846219100449 0.50878185229829 36 3.62320288461374 0.385924433975895 7.580784416 322223865.183836 1.08188734563265 0.623521623045262 36 7.81328186088759 0.751777793920618 470203979.835902 8.17070033100006 470214742.997723
