algo_nr wf_name inp_size avg_spread_dyn cv_proc_load_dyn num_used_procs_dyn idle_to_work_dyn idle_to_work_30s_dyn dur_alg1 ms_1 avg_spread_stat cv_proc_load_stat num_used_procs_stat idle_to_work_stat idle_to_work_30s_stat ms_perc dur_alg2 ms_2
1 atacseq_30000.dot 14091675276 1.17577500079772 1.13234032542286 36 77.1612627377174 0.706117455590932 43.149873268 14327287211.3767 1.05276130879187 1.06967168400864 36 115.159465171276 1.26919707312092 20749296131.6853 41.6775428290003 20750019367.3779
1 chipseq_15000.dot 41366257414 1.10994435621416 1.419664020868 36 51.3963030076034 0.0604382298265751 14.329417084 24207809170.0608 1.08636924254097 1.24712682861447 36 83.8247949713732 0.174870229456866 24871004353.894 2.93861972200001 24876794702.5281
1 methylseq_15000.dot 6761426956 1.23172718068635 1.79955991125097 36 262.62660655148 2.03233751812205 89.2622979999997 2944772650.09523 1.14326064025827 1.73298973342986 36 475.723465258404 4.06554064528163 5667410671.50022 58.0337277919997 5667411041.00433
1 atacseq_15000.dot 3908761308 1.15702300499759 0.575151283859285 36 5.68323190853002 1.16420887350732 11.943574327 2237424332.01985 1.07712726356212 0.411321039385962 36 11.194952230462 2.487056888481 3558325225.30777 13.3480829809999 3558370389.40469
1 eager 19075314980 2.6972972972973 2.59415487849052 8 328.419186922717 328.413232543853 0.036831217 28414617.4713022 2.6036036036036 2.9732544182519 10 841155.897152034 1292.30814816225 24974522.0908138 0.004903832 24879526.2835937
1 eager_1000.dot 25705994498 1.92214592839593 1.85423296783406 36 672.856655138589 0.767308944839569 0.96529639 299791751.842579 1.68692582337126 1.72122132754408 36 998.341698940133 1.82111336507615 316117495.391012 0.250388913999999 316256423.425195
1 eager_20000.dot 8330435694 1.25201691199598 0.962362842184537 36 100.524403739602 1.86179922795167 98.89724956 3539377109.15373 1.15785726345384 0.278695580601395 36 38.6058906827317 4.63579838316632 4254886540.7467 78.2600704729995 4255159280.24357
1 eager_25000.dot 14754556884 1.24413730510166 1.33567886527595 36 73.5520443642757 0.515938614163393 89.896384800001 4155863580.48979 1.1158675673431 1.14203609933245 36 76.9363994502106 0.698279635773589 5297540740.49814 132.488463905002 5298063579.22395
1 methylseq_1000.dot 110641579976 1.70975967361509 2.20584028360819 36 211.202302449082 0.00723745809255119 0.511765503 2698832381.1152 1.10044941671448 2.1902390739469 36 881.589089492014 0.0251161344827743 2690749621.89334 0.137369597 2690749759.36786
1 chipseq_200.dot 5058052541 2.22619047619048 1.16516443447844 14 3.34582298740646 1.68674938935516 0.058490286 33331619.2350829 1.91921768707483 1.40503322810231 21 40.4136785893643 2.5344498616097 33681273.1244974 0.00684164900000001 43128394.2780498
1 atacseq_30000.dot 11809629756 1.14397615393467 1.13505750732193 36 62.4313743282884 0.542834116403629 47.7685197460002 7650674730.99298 1.07546692897608 1.04931024908373 36 112.311355888462 0.962897330656631 11119422683.9043 81.063462979 11119421750.8843
1 methylseq_1000.dot 6273818718 1.50495633326959 1.63818665058106 36 139.425730687624 1.77786025532427 0.55266562 115721448.815541 1.24541021227768 1.51797284544401 36 283.49647004676 2.88623084891894 189464796.434782 0.129148753 189464881.313582
1 chipseq_4000.dot 41366257414 1.11397698868217 1.42766685932522 36 47.1082656346734 0.0596525551737716 1.987145212 6333431565.69456 1.07551476301476 1.25308472072543 36 64.3108682352617 0.163543971236931 6520066717.53941 0.231862398000001 6526426035.28676
1 atacseq_2000.dot 14091675276 1.16719222269251 1.21528151690832 36 75.0150131358332 0.674841820422819 0.805808709 991183790.326688 1.07663991274862 1.12294981630364 36 126.935646992114 1.19194312786881 1235071462.71147 0.277317948 1235476825.76864
1 atacseq_1000.dot 11809629756 1.63196825396825 1.38278543023652 36 39.00244700411 0.677559575124169 0.477612606 190060237.306496 1.20772593147593 1.27596815855861 36 97.2952590533604 1.10502940816947 305285328.581824 0.108174693 305285488.944493
1 methylseq_200.dot 17027257018 1.99181547619048 1.80555643077807 28 324.111458706353 2.31869171723083 0.081990674 135074627.943296 1.55547288359788 3.23762926861441 36 562.965884566529 4.94203897336758 155221140.831124 0.00933486199999999 155221207.535592
1 methylseq_30000.dot 110641579976 1.16181075604847 2.19497125149085 36 268.682676482703 0.00116547739410835 553.365127420997 76405224172.6685 1.10570630368553 2.19141234150468 36 277.020065079515 0.0203086160548189 78543188053.6737 286.629010446997 78543188958.3788
1 methylseq_8000.dot 110641579976 1.13464655131322 2.19539645241012 36 271.229190608304 0.00103380667073242 26.324984618 20353639312.0132 1.10423320145542 2.19115647839849 36 279.474775692295 0.0189872144354545 20800045462.7593 9.79192315799999 20800046398.2299
1 methylseq_20000.dot 6761426956 1.22878437089123 1.80185246226567 36 285.601129003905 2.03059011142585 173.496068259999 3922000498.98762 1.14117789973135 1.72266097286299 36 479.757081912558 3.936962451424 7430139654.3499 125.520879066 7430140890.09043
1 atacseq_8000.dot 3908761308 1.16275493168159 0.544131925433414 36 6.23973822719047 1.3263031309114 5.76802149099999 1162877829.49184 1.09625969741376 0.45187346068714 36 13.0277408436514 3.15298886171692 1850493312.31619 3.91814796700001 1850499744.74815
1 methylseq_8000.dot 17027257018 1.40789599122932 1.95241168444037 36 282.756307046682 1.59922021459851 20.506689706 4075563239.78163 1.13233670178115 1.81136357227291 36 651.258097723795 4.51678705252325 7661598712.89584 12.07116023 7661601078.27356
1 atacseq_10000.dot 14091675276 1.17904408704042 1.15591628399043 36 89.2723499538253 0.669392814128235 6.768781158 4896359793.44366 1.064702275843 1.11448606682059 36 132.492139139083 1.19587407192263 6647974346.93919 3.64166473100001 6648521844.65198
1 atacseq_20000.dot 11809629756 1.14563391551736 1.13511676965657 36 62.2138113279763 0.544544279334086 32.6574662550001 5083735071.92575 1.0774256250955 1.02759768663204 36 138.393352791237 0.7901807742071 7467360232.05457 29.5161751910001 7467358625.39638
1 atacseq_30000.dot 3908761308 1.14837125950514 0.540491926497118 36 5.35785345117234 1.0662990380674 33.7234544519999 4533115709.31045 1.06356338435002 0.408565717027954 36 10.6796029597969 2.33516684427411 7199948277.09912 63.0396122149998 7200022570.94069
1 eager_2000.dot 25705994498 1.47786262572358 1.02464295430782 36 646.024514624334 0.881121315137432 2.272753499 697757998.248766 1.20240099574465 1.22730253370937 36 231.789457264921 1.16352759556239 678499593.460638 0.458500932 679047987.776727
1 eager_1000.dot 14754556884 2.04542712355212 1.86144068494723 36 682.054601217823 0.441505618950811 1.164796486 182058064.823173 1.47552671960567 1.49005056798965 36 850.456264522593 0.665332902438073 189607052.207074 0.271714774 189956929.394455
1 atacseq_30000.dot 11187378708 1.14918986055897 1.10780869699484 36 49.0620924773811 0.546484795668891 56.4733128290002 7412845724.19554 1.07024211859943 1.0203817474461 36 77.3055382798119 0.847854233517553 10762512182.5909 85.4447723560009 10762558902.8057
1 methylseq_10000.dot 8885797810 1.24160616627603 1.82186274840751 36 301.296540728608 2.03985400124284 32.965375262 2571868303.97465 1.11785984234966 1.79062446641839 36 514.649737226796 3.78383172845129 4937076068.30563 19.1835136129999 4937076349.66195
1 atacseq_4000.dot 11809629756 1.18805484838861 1.18148480078833 36 55.4657485760567 0.593618240482488 3.197153739 1003914746.1496 1.08436273846993 1.11347493530453 36 102.664654060538 0.865997645236594 1398937411.41503 1.157545683 1398964361.50675
1 atacseq_1000.dot 14091675276 1.19367452917453 1.49934184670008 36 88.9030264721708 0.692888887658827 0.363328988 495701545.149631 1.08116145047763 1.1746234200873 36 106.318969523728 1.13510406237297 552776677.585955 0.0722964720000001 552855483.581285
1 methylseq_4000.dot 6273818718 1.29759918648807 1.68137547926673 36 121.449244034773 2.03783381563539 4.84150840399999 472252008.115185 1.1204895371562 1.45048578343214 36 208.210056165305 3.13019290547892 817098010.70491 1.970622291 817098490.59236
1 chipseq_1000.dot 4605965334 1.48031135531136 1.089553372043 36 36.1580863655979 1.5397699566097 0.498692357000001 237371021.835532 1.2230685980686 0.832699501403968 36 54.3996548388766 3.01154077067046 298407453.596163 0.112281962 298422546.811762
1 atacseq_200.dot 11809629756 1.86805555555556 1.42141075483146 17 0.383372695763949 0.406288426024463 0.06349084 8035359.54696159 1.38259259259259 1.67137927329501 24 12.8900142215467 0.411003130094495 6641582.47169078 0.007973187 6645818.80415695
1 eager_8000.dot 19075314980 1.32169126785225 1.29433522725042 36 178.899737678587 0.379564658716809 15.510252089 1839247973.3451 1.1333933656947 1.14508348289732 36 116.264210057578 0.756001353257753 2134779020.37894 8.07855948399995 2135069235.36634
1 methylseq_10000.dot 110641579976 1.15600208337304 2.19519670639037 36 269.834052704144 0.00120665779041985 41.184553289 25591042521.617 1.09707216219823 2.19039793772449 36 270.127528559303 0.0185386212424916 25889641142.27 15.625222942 25889641883.4465
1 methylseq_2000.dot 22500260922 1.43536845795882 1.37236578949515 36 59.0194635938139 0.0527176888906223 1.37616357 290384241.326411 1.27049467712118 1.44458595673812 36 101.404902162269 0.263979096097359 505391995.142661 0.440324997000002 505393437.703759
1 chipseq_200.dot 32978181418 1.88828656462585 1.34071945773831 17 56.5519334651366 0.118571234599537 0.053527036 235500725.94502 1.18377976190476 1.77386993846586 28 126.940989652717 0.21390391700163 270277015.422143 0.004306769 270886180.959009
1 chipseq_2000.dot 4605965334 1.18630031624494 0.854475638291002 36 23.9350657120126 1.91854566807367 0.911325516 528681849.249969 1.22701599560777 0.638413189748883 36 29.2783588727604 3.79215311282875 754193601.993679 0.429519947 754361179.176945
1 methylseq_30000.dot 8885797810 1.24243771582708 1.8199833540819 36 301.688132683207 2.05698476263833 478.850033769999 7750313918.45741 1.07624266637875 1.74923630874553 36 526.627421688248 4.03285221483734 15112821961.7018 378.087266117991 15112823000.4134
1 eager_20000.dot 19075314980 1.25226517826728 1.26616740815628 36 151.403756802786 0.397530115878327 77.6793603860001 4643844996.80122 1.10609425042337 1.10952954181176 36 116.597926083006 0.746627596374062 5524411576.61489 67.496209277999 5525087738.98118
1 atacseq_8000.dot 11809629756 1.16783876961155 1.16329112938233 36 61.5378434313515 0.537196884938523 9.75635589000002 2032446732.78781 1.05968555343377 1.06689699810541 36 126.108517600999 0.911148956754972 2868777431.54388 4.12232878500002 2868771023.13977
1 eager_30000.dot 19100037384 1.23356705679139 1.27692797248863 36 110.51498711523 0.389447397890495 125.876960039 6865008696.45943 1.10647432315236 1.1042521369408 36 104.787837732049 0.733397542528633 8145051401.32883 194.235407115997 8145888847.89153
1 chipseq_200.dot 4807293396 2.33184523809524 1.21020533859069 14 2.44078664944395 1.84424530659619 0.056066198 23997672.5396492 1.74319727891156 1.2755078255459 21 31.4450348113813 2.62404038264711 22718423.9833853 0.00659676 22714806.7327441
1 chipseq_200.dot 3793245764 2.16369047619048 1.38162464359609 14 1.50179669151987 1.50179669151987 0.06564832 6055764.05043645 1.70790816326531 1.0810938615531 18 5.22620571476972 0.578807992945133 8621867.64530342 0.00763102900000001 8633043.64488704
1 eager_8000.dot 19132169434 1.32487988595315 1.32473271096243 36 189.697571947819 0.385775689983716 18.453148269 1870288418.37396 1.12146063350397 1.11130322847783 36 108.668885579716 0.748762835586115 2144954877.15963 7.86440174799996 2145211375.2216
1 atacseq_10000.dot 11187378708 1.15221006132944 1.12743480343296 36 47.719637627883 0.5885322278672 12.285575569 2495701892.54921 1.07607137780479 1.03172651033345 36 101.989745450309 0.860252032548673 3533129016.42059 6.74424962900001 3533267156.43066
1 chipseq_20000.dot 4807293396 1.17001362738219 0.949419330356964 36 25.7184483121273 0.98774261708637 20.498556865 5390497872.48427 1.07908538452575 0.616357683090209 36 48.1344232262472 3.26632695835105 8313555278.1605 34.3131771569999 8313599376.07132
1 chipseq_10000.dot 5058052541 1.19638123468011 0.892921592429072 36 26.4458171500892 1.52790144563436 6.929297951 2998123916.09034 1.10590937623363 0.669644401037029 36 49.9076728993434 3.43429403759201 4682430874.22635 7.89385172800001 4682406700.25153
1 atacseq_4000.dot 11187378708 1.15728083711431 1.15690776878695 36 51.0736684101255 0.581370962780138 3.416957444 978938159.933228 1.10768303974583 1.11813035027926 36 100.073849491619 0.851911730855384 1342662489.10841 1.25146727600001 1342655720.80513
1 chipseq_4000.dot 32978181418 1.20022463123878 1.74527635577988 36 39.2264393834483 0.0948096113407191 1.801196023 7185416810.55558 1.12185161536576 1.61058016818167 36 134.445939132659 0.259447772202712 7761647037.27479 0.284412364 7761586444.14903
1 eager_4000.dot 19075314980 1.51893780646149 1.33328545909104 36 348.982793225158 0.346213554598026 6.48594234100002 913241308.414329 1.18828104844001 1.19776377621638 36 127.430591753654 0.703956563368631 1075280990.03674 2.04133715400001 1082103746.79962
1 methylseq_4000.dot 17027257018 1.42618014840237 1.95264476547074 36 200.091278653058 1.61395956676063 4.87323272 2056160742.05149 1.19734814179258 1.85019617482661 36 626.049440637073 3.93265381365908 3773828627.23809 2.41870660400001 3773829945.95993
1 chipseq_1000.dot 41366257414 1.18403578259347 1.40187187453476 36 31.8556015516439 0.0570569241350591 0.337070078 1500126304.47881 1.14856070745494 1.23981695714184 36 47.3865845990843 0.167415182318867 1583173532.04755 0.029087915 1591412275.44564
1 atacseq_10000.dot 3908761308 1.16165351309826 0.584467154654317 36 6.55969031838568 1.31391897899684 7.08230533799998 1474250924.64065 1.07971392249096 0.433758380890127 36 12.0524334060451 3.3382947107164 2306963199.23549 5.79185657299999 2307070211.90393
1 eager_1000.dot 19100037384 2.08467261904762 1.59835335340855 36 400.161212243611 0.378865302931831 1.173959587 248308251.846213 2.05552881141116 2.1016651482138 36 955.656816165944 0.59973650761564 251499127.502461 0.304874396 251721237.111222
1 eager_25000.dot 25705994498 1.22581107775428 1.05235554253614 36 206.92399738009 1.15658412209895 189.381658004 8511737812.28337 1.09978075282733 0.902695514439373 36 116.584270093898 1.02321273476222 8626296035.49405 91.4659193900006 8626992078.06254
1 chipseq_25000.dot 41366257414 1.11082703791036 1.42850760328436 36 80.0247091208988 0.0615003053558654 39.113249069 40582648836.7273 1.08441675629173 1.24352959026278 36 96.5090182433958 0.178836967206201 41750497328.2315 8.80272949199997 41753948747.4829
1 methylseq_15000.dot 11897958606 1.2482599836483 1.9574391548996 36 121.680329856622 1.33823928958141 91.7821031040002 5427703404.43763 1.11518526990908 1.78971637123896 36 539.963904245732 4.05372936545643 10045698749.6386 56.0479603140002 10045699579.709
1 atacseq_30000.dot 2223941232 1.15275693097541 0.413626015946737 36 4.22601322475535 0.849021991545397 50.7318376770002 2783179602.84674 1.06661368750934 0.311241653361977 36 7.38296900834871 1.95086088577332 4021461353.71277 74.4754182719996 4021528759.73999
1 methylseq_1000.dot 11897958606 1.33056033658443 2.01091280857295 36 185.142506240395 1.34735355948089 0.530252952 364133434.441767 1.2570918595015 1.97611994472222 36 702.098840295181 2.93942667638524 646241287.367019 0.167057047 646241538.965194
1 atacseq_2000.dot 3908761308 1.28992724777039 0.856023788759363 36 32.3349416448901 1.69949458322692 1.267728119 255126742.349243 1.09963663467124 0.571135956601559 36 28.6559512864784 4.93435252040675 397626356.318154 0.31974459 397533295.098099
1 methylseq 11897958606 2.83333333333333 1.58767879185169 4 90.4193083867947 90.4193083867947 0.003068347 1322916.62668895 3.11111111111111 1.45965714102882 4 1.52528735683551 1.52528735683551 1840398.26109776 0.000275372 1324196.41615201
1 chipseq_25000.dot 5058052541 1.19838308379974 0.820494805760968 36 25.396900224565 1.28770744243028 25.824633217 7805823262.69172 1.10156537760702 0.575938259653079 36 49.0051831534763 3.78294991754977 11659603536.7709 59.1144540479997 11659739503.9422
1 methylseq_15000.dot 110641579976 1.15958163356084 2.19499466379248 36 269.024480009652 0.00155964459255895 109.884818262 38430950035.5753 1.07844688449175 2.19126658656001 36 272.882844038935 0.0177291251508923 38733394927.1023 36.7750832920005 38721208004.0934
1 methylseq_15000.dot 17027257018 1.41215935711533 1.94835183539886 36 242.949466920955 1.60613246281384 87.8653776019999 7671042282.65966 1.19206688101807 1.80300262155625 36 655.558087857801 4.73236426015805 14318003841.9894 56.0764887639995 14318007478.0836
1 eager 14754556884 2.56981981981982 2.63170237580409 8 431.086933720826 431.03400349528 0.037310756 11229822.9105454 2.6972972972973 2.62884991030475 8 213.985391914154 213.985391914154 11486197.7121934 0.005505533 11480395.1788989
1 chipseq_2000.dot 32978181418 1.25015135181274 1.77296546286034 36 70.3929346723589 0.0880049841409929 0.705606031 3483320696.69981 1.12051292589267 1.65838701064646 36 157.734807788039 0.252377694073615 3769026734.19871 0.0985594490000002 3769825450.23537
1 eager_2000.dot 19100037384 1.64738903722861 1.37634897612538 36 862.544499959421 0.329779201270452 2.824877262 473067234.612776 1.39778190598624 1.40734790535539 36 190.526353184577 0.644105502877574 491550482.799133 0.628863805999999 495487826.098619
1 atacseq_20000.dot 14091675276 1.18143210286189 1.13727727690617 36 80.3085276272964 0.716319566335547 20.510621879 9525647354.0038 1.05021641786956 1.12064786152864 36 114.984471286628 1.15401764252041 13495317567.009 15.56616735 13495770774.2256
1 atacseq_20000.dot 2223941232 1.17062750232196 0.490719241648447 36 5.14582125459252 1.03322519180531 27.0427930259999 1804101501.44384 1.06870732140685 0.322327361848567 36 7.92960034716584 2.21818449371565 2650809733.19006 27.0143432030001 2650869929.33596
1 chipseq_2000.dot 5058052541 1.25404698149951 1.09325513073649 36 64.8560829888442 2.23310463686672 0.889176807000001 577529344.101809 1.12029162820302 0.742218673590982 36 48.5941535841598 3.85514132866937 830065745.803248 0.40291054 830046346.541178
1 methylseq_20000.dot 11897958606 1.25795953301957 1.95838973145098 36 121.212976892789 1.33458755627149 175.60525347 7221854152.0758 1.07359848701389 1.77810437643525 36 544.994484410588 4.06785063113379 13376406981.01 127.377657711001 13376408364.4477
1 atacseq_25000.dot 14091675276 1.17808786582511 1.13629721229157 36 81.4970112837117 0.691180538120506 32.8987677019996 12278792514.5 1.05132342162958 1.08435770777388 36 120.24325889743 1.30157951037831 17312075595.1807 26.7668959359999 17312467432.6305
1 atacseq_4000.dot 14091675276 1.17546373833139 1.18185402492471 36 77.5749807313142 0.720161596981533 1.930927185 1963027304.94712 1.06880493253222 1.18229462433866 36 170.074238036174 1.1311694187109 2633296681.21779 0.698534300999998 2633447923.34356
1 eager_200.dot 25705994498 2.91711711711712 1.73994609927443 12 19.8934378325095 19.8970155851782 0.122763221 26773311.7549282 2.54398034398034 1.77917203979113 22 944.721465477568 1.45161666479874 37231837.2379096 0.015960401 37232428.6319348
1 chipseq_15000.dot 4605965334 1.17276927823149 0.751721790263525 36 20.3545330385284 1.25738131775011 10.179324145 4305605238.80215 1.10087870532359 0.678298751810976 36 34.3219161182865 3.07135938512826 6109838991.95162 15.1769999269999 6110026702.68542
1 atacseq_15000.dot 14091675276 1.18385394462676 1.13623446834332 36 82.7304313036301 0.705908837445013 13.1442173300001 7147356961.07246 1.05849678232872 1.07332324105136 36 129.14381715265 1.28071592875015 10206449322.1557 8.48455405900002 10206837070.6669
1 methylseq_200.dot 110641579976 1.82225529100529 1.93160530236983 28 49.4573963540899 0.0365949770660877 0.072132526 566933744.365569 1.52256944444444 2.24432802399121 36 97627.0494481741 0.0367245990713052 567471743.712989 0.009011631 553821841.904287
1 methylseq 6273818718 2.83333333333333 1.58134638827232 4 129.14509716442 129.14509716442 0.003262176 1733140.31860895 3.11111111111111 1.60580247954873 4 3.99888148685323 3.99888148685323 1732600.04121662 0.000267826 1732779.90447792
1 atacseq_15000.dot 11187378708 1.14769161491932 1.12366574912073 36 46.648493882839 0.560285562675783 21.391566023 3713166396.52718 1.07532483588558 0.966513461655897 36 119.221532963121 1.00738067004753 5297658033.00627 15.595407531 5297754589.70403
1 eager 25705994498 2.94594594594595 2.64061715361216 8 0.0095567011902938 0.00758301107900397 0.037222111 25930376.0422145 2.66023166023166 2.0491752436745 9 891.770630990919 891.770630990919 30281820.1262137 0.005150496 30213593.4944863
1 methylseq_4000.dot 8885797810 1.20138392360614 1.81903084489671 36 298.653671259491 2.01933909686252 5.235804791 1025408365.17166 1.11990561990562 1.84471232756006 36 523.8842838025 3.23759075346477 1896767389.68556 2.423148528 1896767782.57646
1 methylseq_20000.dot 110641579976 1.1692327724741 2.19498307795753 36 268.852772870671 0.00142084851162732 196.275426912 51194682928.886 1.11426078367858 2.19057205234105 36 271.042246337478 0.0191832903695358 52098255093.606 94.7936328119996 52098255205.465
1 chipseq_2000.dot 41366257414 1.15879656999119 1.41932680789263 36 47.8803128435961 0.0586906953200311 0.764332614999999 3096043636.06353 1.07092683160721 1.19914867158785 36 73.0917789440755 0.175484431632972 3381259291.64374 0.0682082729999998 3381492011.30081
1 chipseq_15000.dot 32978181418 1.23039706363474 1.78438177275025 36 50.2996590030034 0.0927900986750964 12.287452929 28048452122.2491 1.11392001675284 1.60633308882153 36 103.103288003151 0.270752957878127 29976595861.3655 3.23656747499999 29976987097.5508
1 chipseq_8000.dot 5058052541 1.2080951310967 0.936638990508388 36 26.2631810802639 1.68471145644394 5.44147676300001 2369948597.36837 1.10436330910469 0.644631740956458 36 47.6428568083788 3.56351221539137 3683785766.5783 4.88862862400003 3683806025.58864
1 methylseq_8000.dot 8885797810 1.20405723183501 1.8149969386431 36 293.811092446875 2.03162628692849 21.434310327 2050661369.68975 1.09683095794207 1.78609866320581 36 518.040643118488 3.68714380407862 3846357977.9557 11.510114711 3846358141.35169
1 chipseq_8000.dot 41366257414 1.11068271462081 1.41366202336741 36 66.0296459248426 0.059803220278774 5.55608629100001 12828834429.3214 1.09841830061266 1.25327603182393 36 52.8498888324097 0.168196634766959 13209846859.22 0.88158464099999 13212573058.8525
1 methylseq_8000.dot 6273818718 1.26490379268157 1.68605763100077 36 122.632814793545 2.06946790363543 15.902814872 954866442.640061 1.13148267314934 1.49194921557179 36 211.242249719257 3.28351036294431 1645888690.24258 9.65334382099992 1645889417.90558
1 eager_15000.dot 19100037384 1.2927263100449 1.31363406247082 36 169.295689274782 0.3989844684034 47.2538343909999 3516138205.48599 1.12854095380729 1.11566270321997 36 110.021195538044 0.772465473693482 4107101199.37754 33.1920574750002 4107401862.86045
1 chipseq_30000.dot 4807293396 1.15448069271567 0.952673924682112 36 29.4686549089538 0.84626231933689 41.0101527219999 8231628288.77941 1.08332545703532 0.596367018554871 36 47.9041158292751 3.04664158720469 12589327592.1043 85.4013752659998 12589524474.9245
1 methylseq_30000.dot 6761426956 1.23000681754182 1.80148262520449 36 246.829340578967 2.03514940825219 521.284592088 5890594825.55111 1.1136316960647 1.71498784382983 36 496.25687022632 4.09123475357833 11474188325.5123 368.390785089005 11474189232.0589
1 chipseq_1000.dot 32978181418 1.30648051200936 1.92265849626373 36 293.412159245881 0.093450659668539 0.315843337 1705399361.33244 1.11547453614761 1.72910434409776 36 144.085271464846 0.235343497243613 1787013143.1706 0.030239182 1787428880.43388
1 chipseq_30000.dot 4605965334 1.14033150266469 0.718459570690235 36 19.4356195040306 1.096027576261 25.0594144020001 9185131752.44061 1.0959017525427 0.682896592188313 36 34.1004173543585 1.35800374303205 12796394145.5595 76.5080909179994 12796680837.1742
1 methylseq_10000.dot 6273818718 1.22918373698685 1.69145268629026 36 122.968838399531 2.08910450143403 28.1655651480001 1195202167.40898 1.08212491345747 1.51529341195044 36 210.582345521549 3.6145095465437 2075408648.64613 15.560202577 2075408941.14917
1 methylseq_25000.dot 6761426956 1.24105761683776 1.80277776090639 36 246.471771495112 2.03659249415634 304.002077811001 4914997511.13289 1.18487338926613 1.71732646200251 36 472.907955380391 4.04750786868254 9499640334.06863 220.829591084003 9499640653.60016
1 chipseq_10000.dot 4605965334 1.14874205264243 0.779152011072714 36 17.6747658625442 1.46324573584154 5.58591304900001 2817866272.05087 1.10532258311864 0.685529411006769 36 35.6860236077549 3.10272848299947 4059361789.63517 6.05462674599999 4059954760.57312
1 methylseq 22500260922 2.83333333333333 1.62322005408996 4 436.006072226896 436.006072226896 0.003915467 1622358.64933085 3.11111111111111 1.6460077076678 4 6.19145405785687 6.19145405785687 3881563.53012624 0.000277939 2311532.83426613
1 methylseq 110641579976 2.83333333333333 1.71974672967959 4 20585.8489716287 20585.8489716287 0.003249721 250097946.390002 3.11111111111111 1.72724710142695 4 119.757462155184 119.757462155184 205925039.992486 0.000250621 205925279.71083
1 eager_25000.dot 8330435694 1.31813134869253 0.885033951279063 36 48.8057075662423 2.37393703542479 148.917897469 4522290289.64013 1.13511801773115 0.270497756015552 36 37.9979496900144 4.53300144035118 5346909759.02555 131.467692929998 5348474445.41004
1 chipseq_20000.dot 41366257414 1.09924249327016 1.40369913997953 36 50.0657496133851 0.0604860340708777 21.832160507 32349163742.009 1.08341139331046 1.24432251376593 36 40.9644731920612 0.177280012909793 33187876368.2232 5.55969991699996 33199039489.9954
1 chipseq_20000.dot 5058052541 1.20782623978023 0.84784603941318 36 30.2471129813882 1.36207286209961 17.810410732 6085103955.47206 1.09990560909676 0.523310052224164 36 47.5150796723732 3.41137192495434 8932089140.91463 33.7644998130004 8932158680.04807
1 chipseq_8000.dot 32978181418 1.21514695466498 1.76426387772905 36 37.0998001866353 0.0930357827583161 4.555251865 14806659588.157 1.10485047867494 1.60598985114013 36 124.762556176555 0.271157688849905 15936127742.7679 0.959052029000005 15937690654.1452
1 atacseq_25000.dot 11187378708 1.14804857716536 1.1128754657539 36 50.2113960344326 0.554508105404991 44.4407386360002 6174936153.9141 1.06756372644238 1.03611714121516 36 81.2242367022546 0.940985627700982 8983179645.15925 54.2156639400004 8983233721.33844
1 atacseq_25000.dot 3908761308 1.15414323131551 0.464732568557753 36 5.25245144443723 1.11053202141911 24.518153743 3760962817.1528 1.06071559912206 0.43306985350177 36 11.3854879909821 2.28989155942139 5858683230.94725 40.8863538229999 5858629032.13699
1 chipseq_4000.dot 5058052541 1.22884934117245 0.996358575353548 36 31.1364681437488 1.77594770595366 2.141862825 1179418927.33071 1.12237421907233 0.697712065372906 36 38.0088371662771 3.22850676197627 1775334903.65378 1.2215519 1775395541.33405
1 eager 8330435694 2.67927927927928 2.62459382318979 8 284.911223040578 284.883385341073 0.038477012 3775678.63345647 2.41891891891892 2.60242222132189 8 132.532339455307 132.532339455307 4395312.3205779 0.005302518 3495122.62885316
1 eager_15000.dot 14754556884 1.27190791370482 1.33702849710964 36 91.0692345019411 0.523214756402853 48.0251229820002 2564967429.6492 1.12298608850437 1.15652430951069 36 78.920819698291 0.711413428558294 3193206929.78747 36.0982109790005 3193689168.83451
1 chipseq_15000.dot 4807293396 1.16453411293769 0.932118035394106 36 33.0956199180844 0.862927457698326 13.083209226 4110372905.67574 1.07547466098174 0.683970334242165 36 67.6611372923995 3.43856999858032 6313102669.44807 18.6102535259999 6313142449.79992
1 eager_4000.dot 25705994498 1.37156982297457 1.03022565988055 36 272.846362777424 0.963969944747336 6.28342640299999 1373622551.71099 1.12004468970876 0.969737285861773 36 135.912357160476 1.11020878736092 1373086928.29613 1.61275642000001 1388506444.03235
1 eager_8000.dot 19100037384 1.32051969531844 1.29779042853937 36 213.614262377506 0.401690821762998 16.906186847 1893963705.81373 1.14110394225977 1.13775523764209 36 110.34689690695 0.74319829691684 2112317711.74048 8.522705107 2112815105.27538
1 methylseq_4000.dot 110641579976 1.22641292085736 2.19574439265887 36 272.889128319625 0.00238166192007852 5.98976500599999 10334894038.1697 1.09108711886489 2.19167704326329 36 293.702588009499 0.0158644614352288 10204467490.6713 1.910011986 10204468006.0608
1 atacseq_200.dot 14091675276 1.81805555555556 1.54663822812693 17 5.92779469750184 1.63368523682049 0.058422506 45992743.3560794 1.21623496873497 1.525892477999 29 36.3318797523764 1.22902437758723 44965303.6495526 0.00779841699999999 45139937.0787376
1 chipseq_25000.dot 32978181418 1.22081590310754 1.78469088889719 36 55.1199664613956 0.0971880162191579 30.09865197 47017313618.1791 1.10882682236847 1.59979091809659 36 95.3027122362552 0.272442816875148 50115364614.8107 8.97601175699995 50119005992.5428
1 eager_10000.dot 19100037384 1.29962855006454 1.29587144162311 36 152.859784917149 0.385275788933739 21.928064707 2317379700.26132 1.13897091592971 1.15596457082754 36 118.422947104052 0.778715840721408 2830618546.76493 13.2915938829998 2830906665.35548
1 methylseq_30000.dot 11897958606 1.25210348689741 1.95738955531691 36 221.876122850779 1.33501478245972 511.413436697999 10835668059.2642 1.12923635062493 1.76361835464452 36 557.582884690049 4.19675660491806 20571579616.7807 387.16186035799 20571581212.9443
1 atacseq_25000.dot 11809629756 1.14696825728822 1.1428604595346 36 64.697735977638 0.541503122284272 44.8564733179999 6379739353.47417 1.06168868387789 1.08439503417771 36 91.0175298332942 0.913351232412359 9499853653.46298 50.9919253920002 9499898690.83542
1 eager_30000.dot 19075314980 1.23248183589651 1.26102838497771 36 120.350111508362 0.393018596324838 143.60555395 6857726859.99876 1.10811608840605 1.08058936445313 36 105.340648612005 0.743030071778056 8173601330.87293 197.346905783 8173996622.0178
1 methylseq_25000.dot 11897958606 1.2494583260306 1.9586600741826 36 121.760079449675 1.33643031736555 299.948276767001 9040355702.07335 1.09074023272298 1.78208473201573 36 550.573488428035 4.16674058759179 16911200853.0019 228.769010307 16911201503.0957
1 eager_15000.dot 19132169434 1.25900554920206 1.28747070521685 36 115.110041956127 0.395349232271141 35.9459830709999 3452951501.73848 1.11900939422393 1.10928712589087 36 107.07633751891 0.764712461159425 4136862120.97188 32.814781454 4137143158.80827
1 methylseq_30000.dot 22500260922 1.26137756689975 1.38023680402206 36 59.5657497164883 0.0564479925209973 617.516735901996 4482996969.38637 1.12068636978604 1.45470940999583 36 111.163259236178 0.331314174331646 8727406844.50493 269.402584982997 8727409086.99759
1 atacseq_2000.dot 11187378708 1.25412292409841 1.30514689556675 36 67.7250700829905 0.635760708515596 1.458746983 459548247.198365 1.11688956014936 1.14490125950827 36 75.8660002003973 1.07426280314619 621286542.619577 0.330590485 621238658.676853
1 methylseq_10000.dot 11897958606 1.26597305588902 1.96092387455885 36 109.449045525028 1.33431544760014 33.598237443 3611577186.90912 1.10695865647848 1.79093160200884 36 539.207744551221 3.94232153920575 6708454465.64 19.8633241100001 6708455677.83212
1 chipseq_25000.dot 4605965334 1.13471073366906 0.774631872197644 36 20.1510978618773 1.21239150814155 24.617988564 7595111008.14575 1.0997787247787 0.662204045430842 36 34.049496280595 2.15783403667302 10594928612.0307 50.4514787180003 10595266059.0739
1 methylseq_30000.dot 6273818718 1.25264814920677 1.69733275129193 36 128.571494131998 2.13867729418432 470.180355438003 3623682329.77595 1.11919794372779 1.52809506969973 36 222.303847175801 3.8374740350401 6412169235.91093 296.099761521998 6412170356.49017
1 eager_30000.dot 8330435694 1.25376282260948 0.889993539710892 36 46.3932588343935 2.09603133155752 187.041413608999 5352115560.28742 1.11325012045099 0.240536422532942 36 36.3412442961589 4.61255820149751 6174696998.38187 200.129772251 6158569179.56202
1 chipseq_200.dot 4605965334 2.49553571428571 1.49654993138935 14 1.34589688138713 1.34589688138713 0.065782636 5807820.64339416 1.64498299319728 1.84952764929553 23 23.2864184218923 1.63996449054405 23500560.5955598 0.007297881 23391836.7433612
1 methylseq_15000.dot 6273818718 1.26182109708932 1.70028492284536 36 129.324713757869 2.1288609339502 82.9154341679998 1807096862.61075 1.13354704927967 1.49776429356671 36 213.598073546826 3.66168467398674 3096648045.62389 43.7591031800003 3096648495.59826
1 methylseq_2000.dot 11897958606 1.2763753426404 1.98863951410905 36 356.330562730028 1.34659805739259 1.451419142 726430828.059672 1.22537770128131 1.90719974068228 36 625.34720475695 3.07588547217056 1256011384.35155 0.645049653999999 1256012818.16832
1 atacseq_200.dot 3908761308 1.69111111111111 1.65042503179663 16 9.03293013005722 1.85965589097318 0.079313796 5555083.78528644 1.45704365079365 1.22390715422205 24 3.50961178298235 0.206357327193221 3380277.15252858 0.008038758 3360638.15310953
1 eager_8000.dot 8330435694 1.3595376773808 1.13737033364366 36 250.220854748341 2.1512304618571 19.93538932 1347536020.335 1.26006825194647 0.393230012414366 36 44.1561753662824 4.87591003656526 1687989761.57873 9.60840068000006 1688248587.80237
1 atacseq_200.dot 2223941232 1.60555555555556 1.62539689770875 16 3.51217342104408 2.19843165125349 0.076094687 3514789.25270458 1.43305555555556 1.20323717479093 24 4.17055362712868 0.197747969332964 1823382.92358705 0.008354129 1831089.72706239
1 chipseq_2000.dot 4807293396 1.25284459738574 0.990094324416994 36 71.4153541316924 1.49536598735935 1.13900083 492744557.741118 1.09462313793801 0.765507915303737 36 82.4532625581681 3.94070165563464 737579089.739913 0.34619241 737583721.433777
1 eager_20000.dot 19100037384 1.25966932257353 1.26698712450689 36 116.377809179343 0.390516062973996 62.6555179389998 4611949129.57916 1.10899812666808 1.12459570285007 36 110.786629766832 0.749668679174518 5431297642.19461 65.2773998849998 5431674840.70837
1 eager_10000.dot 19075314980 1.33851180519434 1.32899675402273 36 205.759420279557 0.406831983264346 27.433460546 2416763888.13649 1.13417788826219 1.1541383260274 36 117.1097401516 0.755908706293441 2761188962.56324 13.378212878 2761533439.52466
1 methylseq_25000.dot 6273818718 1.26991366237648 1.70174040106316 36 127.883563566526 2.14077750807987 234.482065551 3019049615.84497 1.18120804090563 1.53099196360128 36 216.032852132572 3.67681193820886 5138894914.80637 188.022083061 5138896212.61308
1 eager_10000.dot 8330435694 1.29029667044394 1.03194145988053 36 207.851617055685 2.01570548320274 33.590183299 1736926424.17647 1.21698371186343 0.375104050205806 36 42.8469710931058 4.5427082618493 2180128552.5418 14.8475270969999 2180375833.17658
1 methylseq_200.dot 8885797810 2.79166666666667 1.83136462510185 28 2.95257640306447 0.9616382085946 0.079593242 47670813.5132308 1.60342261904762 2.88305050840018 36 950.392507022857 1.27279654493521 35592186.1429928 0.00986081700000001 35521557.1909569
1 chipseq 32978181418 2.5 1.32635329359904 4 20.3571589352812 20.3571589352812 0.006273774 90989598.1397879 2.34375 1.55450114285035 5 21.7794556497498 21.7794556497498 95576167.6871437 0.000537362 106625666.228124
1 methylseq_2000.dot 6761426956 1.82440077771403 1.87502602994988 36 129.870618748858 1.93026152919586 1.98136451 383305485.975564 1.18183846497099 1.81120290085538 36 528.961141268731 3.52629788785194 709583989.459962 0.620221633000001 709585079.930251
1 atacseq_20000.dot 3908761308 1.16031285964936 0.642752022775527 36 5.82367305482977 1.1022686645754 17.9134453549999 2984816724.98512 1.07357683201044 0.457989528526647 36 10.5635920516601 2.22201212063519 4676476133.37588 25.23415318 4676674105.1116
1 atacseq_1000.dot 11187378708 1.4237797017797 1.33027836991151 36 60.8454057092527 0.625192666863235 0.508042911 188831443.838917 1.25864618796236 1.24730804718027 36 76.3880969660593 1.08538420934308 276723964.766856 0.101564544 276720885.25515
1 eager 19100037384 2.94594594594595 2.59534724750512 8 17.6890734585728 17.5952127663731 0.039857643 27443266.6942171 2.68725868725869 2.81374423849358 9 1366.64666863135 1350.58260818397 24204856.6105267 0.005085298 23989967.9305232
1 chipseq_10000.dot 32978181418 1.22220779951044 1.76585653911894 36 37.7353695261631 0.0957253542267939 6.20949792799997 18499445499.7482 1.10440305047918 1.59926021920346 36 92.5552244027224 0.269436324341858 19907495350.7062 1.390730713 19909948797.9453
1 methylseq_2000.dot 110641579976 1.31945241282591 2.20066552600728 36 322.701173669177 0.00323157547472322 1.277303533 5211445442.81346 1.10103907694269 2.18972830215793 36 281.271612677672 0.020088700716975 5229244581.10567 0.500656777 5222666850.96001
1 chipseq_8000.dot 3793245764 1.179557119996 0.61500200621629 36 7.93162315604618 2.14848058642998 4.194539197 1828900888.00449 1.10679591111606 0.521268513407787 36 17.899355371263 2.63626702893435 2793487451.84522 3.877209858 2793988515.01982
1 eager_25000.dot 19132169434 1.23533314606364 1.25754143598321 36 106.783298458313 0.393985026959291 83.8336620560003 5725387916.5657 1.11215889693363 1.08991151070944 36 110.678395687576 0.769314022552294 6855348287.1858 113.962012990001 6855571270.76203
1 eager_4000.dot 19132169434 1.48577658845438 1.27829068280542 36 298.376718784386 0.358579091981562 6.79486852399998 931030710.823589 1.1933549934659 1.19493783164478 36 129.300485401993 0.715376660599625 1075676058.74115 2.038298198 1075773981.06955
1 chipseq_1000.dot 4807293396 1.43830128205128 1.09705131039475 36 88.0365171899814 2.12083515963042 0.449224808 202330518.777676 1.20707070707071 1.08393439081022 36 94.0871936808673 6.05267678253127 335806731.07397 0.098109928 335836537.595267
1 eager_15000.dot 19075314980 1.27765535416132 1.29674760267936 36 136.866730939124 0.390589893886839 47.3251663150001 3464065727.57662 1.11740412678104 1.11953397889007 36 108.679109229819 0.734379550830672 4087851961.51608 33.1414722020002 4088228841.90449
1 methylseq_200.dot 6761426956 2.69444444444444 1.8267021787873 28 2.50132339866754 1.82155935452068 0.079897308 37489688.8082448 1.83779761904762 2.04814447975339 36 18.7580940207118 1.05782022532367 22090566.7341898 0.00969732399999999 22090761.7929128
1 methylseq 17027257018 2.83333333333333 1.58974114244534 4 898.874555709625 898.874555709625 0.003424614 2446306.44126481 2.83333333333333 1.98301127346463 5 528.78043449702 528.78043449702 2442206.07413093 0.000268055 2443190.90572414
1 eager_1000.dot 8330435694 1.79311746811747 2.13725985485262 36 1521.18730002614 2.60548925125598 1.11248262 133773884.016987 1.7510440506764 1.76674107994058 36 522.247474884546 2.78167823382085 164811775.483645 0.252552593 164811098.144693
1 chipseq_4000.dot 3793245764 1.16123142449793 0.622751194908406 36 8.86382710864754 2.08052556486176 1.904605237 909037922.469873 1.13846059600776 0.690490295869957 36 19.1452695198433 2.60633193109524 1342564837.81666 1.134881579 1342734495.17304
1 methylseq_200.dot 11897958606 1.75429894179894 1.80402787650356 28 57.4997605313966 1.94266703271336 0.087348035 79395427.0070984 1.38334986772487 2.14696192350071 36 71.5819495237908 2.23239895858215 76055532.2184719 0.01025253 76055708.7710402
1 atacseq_1000.dot 3908761308 1.39318975468975 1.23494142553382 36 24.5752468388581 1.89955488085767 0.507351323 93866549.0637483 1.32495078995079 0.767580837853198 36 31.5418257654198 2.37390851303329 123343472.932417 0.102236896 134303111.477297
1 chipseq_1000.dot 3793245764 1.36079545454545 1.06579393179409 36 24.9274031941737 1.31905780209815 0.486114696999999 195891190.998072 1.30121787934288 0.762913502650094 36 36.9005532038666 3.128162781123 265863631.226176 0.115405538 265916477.350987
1 atacseq_2000.dot 11809629756 1.29958029443324 1.34940008785299 36 61.1643056336686 0.584445283203027 1.345102691 494346155.880325 1.07893173683615 1.16354013881161 36 102.957199953879 1.09616143157418 695040210.040665 0.318335198 695238538.370278
1 eager_4000.dot 8330435694 1.47468854773508 1.1321566190794 36 483.9758034221 2.25639403675504 7.876336907 644210853.398543 1.28684943866313 0.605326802483499 36 74.4770992213857 4.71178130001512 798163839.312085 2.715381497 798164295.608944
1 methylseq_200.dot 22500260922 2.18774801587302 1.84619589651149 29 7.4168003747067 0.181984075346001 0.078030915 39949083.486002 1.36326058201058 2.09141676911315 36 709.12548641322 0.254865030837537 43902107.1355925 0.00890011699999999 43907235.1766889
1 eager_4000.dot 14754556884 1.51829500297455 1.3780691850984 36 201.299594375718 0.444800253424661 7.29098823199999 682640554.026006 1.21440722280795 1.20743974766177 36 95.7953199838813 0.643025528597127 775271999.322436 2.382819652 775375493.234933
1 methylseq 6761426956 2.83333333333333 1.58326061740852 4 524.862920584229 524.862920584229 0.003295796 938071.081859781 3.11111111111111 1.57471251510673 4 3.1010308164093 3.1010308164093 1078891.7125 0.000270282 935083.371194614
1 eager_200.dot 19100037384 2.85225225225225 1.88334757803604 12 93.7179281634648 93.7037623091514 0.126198314 31039107.5879728 2.41258531258531 2.43888850655284 21 5210.04036867016 112.010537220056 28519925.0481964 0.018963788 28518934.842175
1 methylseq_20000.dot 8885797810 1.23774906788113 1.81809331835273 36 299.138292707522 2.05250671838271 173.202818476999 5160350488.61458 1.0917366946779 1.77087966475032 36 515.432651673425 3.87840137150602 9836435730.03642 120.982864467 9836436696.16011
1 atacseq_25000.dot 2223941232 1.16543495283184 0.43536625225175 36 4.38287640255378 0.920893010882044 36.8279045249999 2293996621.20263 1.06071034060232 0.291790693331192 36 8.05821332574148 1.95557374304458 3324995375.65969 47.268858143 3325009203.97679
1 eager_20000.dot 25705994498 1.25133995267683 1.04282902276624 36 197.630571095614 1.11144415274081 121.509604551 6853823485.82976 1.11566932163916 0.907124109457819 36 114.33494983182 1.01792374573311 6797613041.36921 58.2860932909994 6798519687.71739
1 eager_25000.dot 19075314980 1.24184735715924 1.2703923296928 36 128.110194213028 0.390294424278044 95.6699621360012 5703665698.71703 1.10089551824287 1.09251392096816 36 107.316528508638 0.73708833971918 6776217756.89628 121.478966530001 6776429213.23751
1 chipseq_15000.dot 5058052541 1.21192938252619 0.857064568424585 36 27.1046491946888 1.470411623558 12.127629979 4549231147.75838 1.10311857904197 0.577998798745762 36 45.4780580489649 3.29075411966736 6888399453.14176 18.3589010959998 6888352028.51574
1 chipseq_1000.dot 5058052541 1.45205662393162 1.0371260020816 36 31.3821484222316 1.44328571648947 0.479657672000001 254233896.590256 1.13055667622975 0.903008174256432 36 78.2881202739272 4.96952163120795 360388982.620396 0.100149927 360415318.513979
1 atacseq_15000.dot 11809629756 1.13820110530482 1.14612233136903 36 53.1950772515529 0.551923404228006 22.795035749 3821971403.91682 1.07117389251655 1.02568884540652 36 131.123650114527 0.874514897213537 5547944681.59282 16.2208063950002 5547922569.97131
1 methylseq_2000.dot 8885797810 1.8566249123478 1.87885575566143 36 223.345593533075 1.95968816679514 1.849867951 516376155.581299 1.29989800471728 1.93743184495414 36 626.817764371989 2.75851224179362 931695125.558729 0.708111579000003 931696528.330649
1 chipseq 41366257414 1.82291666666667 1.16334946718558 4 48.7604478009048 48.7604478009048 0.005492747 95711702.9367381 1.90625 1.41126468048608 5 6.51970683220193 6.51970683220193 92307040.1245574 0.000480479 92433805.2363108
1 methylseq_15000.dot 8885797810 1.23909603873575 1.81721649202575 36 224.663960491443 2.05374515876824 89.8759425229999 3873991427.4298 1.13603898992213 1.78218021824236 36 527.834013988886 3.95889988494862 7431271052.8678 57.2574540739995 7431271649.87204
1 methylseq_30000.dot 17027257018 1.18298959795561 1.93720023802854 36 353.263786815283 1.60167375003208 352.961513096002 15308216322.5643 1.12282002748192 1.76543286912236 36 651.341850083559 4.97545675463907 28965626650.2968 359.147705647996 28965628886.9671
1 eager_2000.dot 19075314980 1.67806642699691 1.37713315494756 36 857.469796480941 0.334283104353204 2.695898759 459833627.581777 1.34759817551824 1.42551023537874 36 218.933596960348 0.638466141546704 529036591.162213 0.636272167000001 529309527.160649
1 eager_2000.dot 19132169434 1.77539507994053 1.36672109352058 36 824.577826861444 0.371145578694637 2.765118356 473943681.531669 1.3830768084638 1.23188508832611 36 178.601712888973 0.649406256484256 510417885.192069 0.587525514999999 510385037.151984
1 chipseq_20000.dot 4605965334 1.14058413686854 0.787727909609254 36 18.122918002236 1.22716666899353 14.9136598079999 5798235956.0828 1.1021899525693 0.671242167978554 36 35.5336774137004 2.95067810015335 8294367366.86586 29.2725863159999 8294728056.74629
1 atacseq_200.dot 11187378708 1.76138888888889 1.41791095497688 17 0.469576885809151 0.481049629359272 0.062919942 5781840.35820307 1.48277777777778 1.57062522053266 23 4.70274481289295 0.486437113404518 5480475.96629503 0.00769666200000001 5460733.78358924
1 chipseq_15000.dot 3793245764 1.16287970863304 0.587941181503513 36 6.53071382600433 1.80508041016469 9.42635867 3443402589.85593 1.10404879274868 0.559104978721063 36 19.6748322343859 2.77259889072326 5455466051.52377 15.4767378230001 5455689743.3293
1 atacseq_8000.dot 14091675276 1.17968051888067 1.14202973783321 36 98.1306633882132 0.731728227173719 4.85431756299999 3842385056.70875 1.05628667724885 1.08740052535092 36 140.309810940823 1.20996908488768 5395386811.44985 2.37774891399999 5395632145.56889
1 eager_10000.dot 19132169434 1.3005361035478 1.27915117493247 36 190.726380908483 0.403745121948843 20.941218449 2317514431.83904 1.12274981867558 1.14413942008019 36 111.055964239879 0.746675157478275 2698576738.61863 12.901348733 2699116955.48924
1 methylseq_8000.dot 11897958606 1.27378370433926 1.95870784042372 36 245.464363204665 1.33235535569765 20.040870088 2883544380.07533 1.10456289622956 1.79954624096566 36 565.795313151147 3.92604676168729 5406997905.91219 11.605087154 5406998863.83843
1 eager_15000.dot 25705994498 1.25101374570185 1.03000932417536 36 201.765082595526 1.12020271627169 88.0051593230004 5304675457.67333 1.10178190424772 0.927384235432653 36 131.503587007325 1.05557330043895 5198274416.36238 27.1452586810002 5198329745.48895
1 eager_1000.dot 19075314980 1.92061615186615 1.59185847092257 36 719.571320094108 0.339822889074859 1.11818452 230323697.829805 1.7006872681505 1.37767399036428 36 471.509086607764 0.583771604501576 246036030.8055 0.192746973000001 246023419.129323
1 eager_30000.dot 25705994498 1.23735281455964 1.04385749912265 36 194.006241134569 1.1722199809025 251.434440164999 10338212840.0273 1.10696470454238 0.91464497336839 36 106.519301421048 0.990830703097133 10250043565.6038 166.145323604 10251049154.4582
1 eager_10000.dot 25705994498 1.29277998186435 1.0527661418894 36 238.474846590353 1.10239111576952 27.5816935869999 3475371545.95276 1.11812015441084 0.990803426072031 36 146.955855913433 1.07019439790273 3480899549.54285 10.4613974029999 3481361118.38044
1 chipseq_20000.dot 3793245764 1.13890310252949 0.560965238787056 36 6.8375507535423 1.68347860891314 14.544098101 4653514868.45888 1.09549688421713 0.534345498994129 36 18.5003308054158 2.64409192888114 7327002671.21902 29.7124597540002 7327070255.88844
1 chipseq 5058052541 2.5 1.37054479117595 4 13.9230462630346 13.9230462630346 0.006715993 2719926.10900048 2.0625 1.56404288899405 4 3.84855878882632 3.84855878882632 2930498.53911567 0.000654394 2944160.08980829
1 chipseq_30000.dot 41366257414 1.1067702453232 1.41330231196456 36 58.8235879859083 0.0607666522905933 48.2545281640003 48706501088.1577 1.08274146099937 1.25109521271883 36 59.3810479351656 0.173057322133546 49780438730.254 13.628734371 49796012435.1726
1 eager_8000.dot 14754556884 1.32376112405008 1.37600185123115 36 117.291560290286 0.506311219778316 19.262724106 1391417153.7486 1.15346461897545 1.15316271352734 36 86.1278995468832 0.703057926636838 1681331891.64371 8.66788061999999 1681787666.90523
1 chipseq_30000.dot 32978181418 1.23717472668419 1.79024162266269 36 52.6369425194132 0.0935148230586513 42.490858619 56660548296.1408 1.10938288931667 1.5989146507078 36 90.8913791875553 0.273381345536776 60278671745.7526 13.636701012 60281117475.3972
1 methylseq_25000.dot 110641579976 1.14734293994979 2.19491425579266 36 268.038971631763 0.00104600794136833 356.32328327 63658423620.6814 1.11375724877889 2.1925062057313 36 281.715324733617 0.0187853232851337 65008605152.967 182.638174682001 65008605627.4698
1 eager_10000.dot 14754556884 1.3053812326313 1.37972518016197 36 111.82641516228 0.52521155029907 31.9957798729999 1783775691.07931 1.14290010140028 1.14636449137502 36 81.1254446606806 0.693172488399712 2116196091.86841 15.044188931 2116152187.43428
1 eager_30000.dot 14754556884 1.23663365179138 1.32479110433665 36 76.2204303345026 0.49760486452252 108.093742929 4915842759.56608 1.10710905384699 1.13080861360335 36 76.3154386068302 0.673230892564797 6266196538.09943 211.240574392999 6266783098.4133
1 methylseq_8000.dot 6761426956 1.2010601871713 1.7928058352744 36 275.821604989425 2.01053844594879 23.24749478 1559104295.80809 1.08603444714556 1.73134447306506 36 482.101339691835 3.87117691952233 2941266170.24917 11.733792269 2941266373.54683
1 atacseq_10000.dot 11809629756 1.16798703925241 1.15025263088536 36 60.6718337921858 0.559179206524735 12.323615474 2570298810.8016 1.0751157840736 1.05715039905703 36 142.702084868379 0.951645667687749 3730752376.49009 6.51550541500003 3730792633.71283
1 eager_20000.dot 19132169434 1.25687183675261 1.24620947727901 36 117.398631491476 0.39245429484147 75.3152172979999 4576745261.31977 1.11342576878831 1.10100751820166 36 106.222524721025 0.756431165856765 5417288398.21303 65.920962447001 5417913631.42575
1 eager_200.dot 19075314980 2.90990990990991 1.87510099062732 14 489.34486292477 34.3502340317167 0.131752503 31533971.2103596 2.4497932997933 2.36740839332764 20 535.672350099526 108.348091134615 24536567.0968306 0.018333314 24391729.2131219
1 eager_20000.dot 14754556884 1.25400989906141 1.34570157162446 36 71.5197936165515 0.492042214103403 64.2276126280003 3264295902.22696 1.10965014704504 1.15103338468295 36 81.9276486622698 0.705511889751343 4244605168.26227 73.3912078640002 4245349471.16078
1 chipseq 4807293396 1.97916666666667 1.56084388779471 4 14.1473001815337 14.1473001815337 0.006880507 2069799.78092331 2.0625 1.55368181667079 4 3.23551103529945 3.23551103529945 1879981.98768087 0.000662099 1882487.79574844
1 eager_15000.dot 8330435694 1.31408849720876 1.04446005093231 36 99.3856979719253 2.08449328815161 59.9936989100003 2581375477.08063 1.14627407240581 0.290069613092208 36 39.3420191127602 4.6744982854812 3246155468.46165 39.5379757079994 3246495237.51789
1 methylseq_10000.dot 6761426956 1.22091693820385 1.791785948321 36 274.89605015973 2.01908957452004 33.489337239 1955453562.7682 1.1412215679923 1.72492975283117 36 457.874318079847 3.90212389356084 3715958757.08461 19.7469502029999 3715960583.87015
1 methylseq_1000.dot 22500260922 2.13633900682093 1.37845559254349 36 129.731345533137 0.0476280808854755 0.635332428 144725942.052528 1.28424810352521 1.41192671362444 36 103.33029045162 0.202256388123126 213284947.737287 0.123091796 213285660.106749
1 methylseq_8000.dot 22500260922 1.94367979090201 1.38183868362853 36 60.7970033268091 0.0597277101866037 26.926063436 1207575279.4635 1.14326429604208 1.44771655566173 36 101.953029963945 0.299488508504404 2174440967.00565 8.67019290399999 2174442824.52452
1 methylseq_25000.dot 8885797810 1.2454151394382 1.81763774454304 36 299.415532457509 2.05798627803095 302.222242118998 6465197995.7742 1.13187951342059 1.77425323542125 36 525.396649183081 4.0068364488666 12346262996.7461 229.319980655 12346263163.0164
1 atacseq_1000.dot 2223941232 1.45565211640212 1.19284652653946 36 10.3945003395784 0.406977209127908 0.522455885 22450724.5002491 1.17393064615123 0.803362320349341 36 27.8780855544815 0.956398141057959 66731087.448212 0.094972043 66733653.0524706
1 atacseq_4000.dot 3908761308 1.19323406393043 0.524675223679644 36 11.8234770249713 1.58714073634317 3.087306611 572928730.088714 1.10217569599598 0.541216984187309 36 17.5743677477744 6.06699323747783 864209908.075404 1.031016186 864296822.036226
1 chipseq_10000.dot 3793245764 1.15970551743579 0.553625774659357 36 6.67945484563392 1.84529689906464 5.45750412600001 2289828577.31547 1.11078508740633 0.552554387296344 36 18.3454207145107 2.86603453608136 3602327450.49878 6.21414754499998 3602450980.76208
1 eager_1000.dot 19132169434 2.03216698841699 1.60553166662889 36 817.875100361877 0.328870441723429 1.087336514 233623508.204973 1.52517736112938 1.87906747402681 36 662.809462733927 0.530906013506793 240563948.061417 0.233752088000001 240524738.95203
1 methylseq_20000.dot 17027257018 1.40334864104374 1.94854092590783 36 189.441794041306 1.60162129372892 173.709625275999 10205306161.3554 1.09187722708134 1.78219363124621 36 665.162668726259 4.89110210919477 19305394093.524 126.666313639001 19305396512.7764
1 eager_8000.dot 25705994498 1.30569737538775 1.03643253985912 36 253.756605250998 1.01684836313599 21.564809348 2809917084.41269 1.11544936537712 0.945496097415681 36 123.04162430955 1.01371024748929 2678008223.77635 6.43002043399997 2678328061.57319
1 methylseq_2000.dot 17027257018 1.54687001976159 1.97002257368996 36 313.36301899592 1.61874622887269 1.404241389 1031433361.25131 1.35468859565245 1.93409464339543 36 733.552628380535 3.1624240067459 1790232068.71059 0.654229910999999 1790233352.88022
1 methylseq_4000.dot 6761426956 1.1387339720673 1.7847475164319 36 271.014529230377 1.99399633237647 6.37262510500001 779565625.813325 1.1342254953366 1.74062036139322 36 468.836675428247 3.97695313558828 1468370035.58401 2.39216840800001 1468370422.08413
1 chipseq_8000.dot 4807293396 1.18895190167722 0.901378929343772 36 32.0927221249391 0.979906389122426 5.42460151300001 2138414644.62996 1.07711613099545 0.694653028161303 36 50.8594936842106 3.40730422673192 3338400852.78032 4.82544104500002 3338449503.81941
1 methylseq_20000.dot 6273818718 1.24480030107282 1.70241707480564 36 129.573121578064 2.133215832501 139.218832377999 2411760119.0483 1.12974316710814 1.52739542604061 36 220.20665491876 3.79703759792065 4293488811.95991 95.8044550180006 4293489945.19574
1 eager_4000.dot 19100037384 1.49131627789499 1.34550616485399 36 319.692311640104 0.363172345777243 6.463651506 925131932.781406 1.16510271785213 1.23018043942386 36 141.186230868992 0.735134617670553 1083558190.476 2.07429209799999 1087655280.976
1 methylseq_20000.dot 22500260922 1.60701661617031 1.38141288221545 36 60.4135236918603 0.0571037177318727 236.268201590999 2995031728.06955 1.17211487769714 1.45008721130673 36 108.279303465526 0.321887159002245 5803210345.26638 87.6559415410007 5803212792.79769
1 eager_2000.dot 14754556884 1.61821273184909 1.4205695008875 36 842.392195500555 0.565095150606399 3.023833017 393807177.806103 1.46090483954261 1.27180213680738 36 152.998070139747 0.550355631432789 347844924.918526 0.723023573999997 347855511.218344
1 atacseq_20000.dot 11187378708 1.14916975919746 1.11268123879354 36 50.8590983389337 0.556296925237026 32.50187027 4960086012.3491 1.07168272081277 0.949842048794039 36 112.604812748801 0.929907918063308 7147245237.33595 30.478341063 7147236620.03652
1 methylseq_4000.dot 22500260922 1.39842223175557 1.38204697080345 36 61.457024450164 0.0597184690972888 5.35137430399999 601253492.646958 1.15179465179465 1.44315520977086 36 108.075245720929 0.300374821795418 1107454847.46033 1.93329249199999 1107455284.00972
1 atacseq_15000.dot 2223941232 1.14579074850404 0.353180883301688 36 4.92029196038937 0.946529654019831 16.659620009 1335302189.95022 1.06807842660371 0.331737907002295 36 9.04743166235669 2.43660124399774 1941391177.23351 15.8819018490001 1941364245.71934
1 atacseq_8000.dot 2223941232 1.19382488366887 0.448732949193993 36 6.99509184746355 1.32076845168862 7.68820596999999 701562733.870235 1.06569370845824 0.490331876114856 36 11.5642915225255 4.22931084543219 998699420.186751 4.04171837299997 998702210.844942
1 chipseq_200.dot 41366257414 1.85565476190476 1.15066130285709 16 0.118404642330386 0.116940886251536 0.049544638 242961768.612279 1.32514880952381 1.75735141979916 31 45.2990102069019 0.0664522678289463 228465472.803518 0.004621432 230509359.069172
1 eager_200.dot 19132169434 2.80341055341055 1.88413043642631 12 100.648997362708 100.645550502916 0.130444879 34652817.8742086 2.52462462462463 2.28012623507079 19 436.160596569367 78.2972128104216 25614084.1679621 0.017384752 25615106.4148561
1 chipseq_25000.dot 4807293396 1.17537228474728 0.964211461634595 36 27.9923906105593 0.861716441694601 33.294141167 6889670795.69884 1.08163126392291 0.606991063932298 36 48.9681284506631 3.13107349088357 10279270403.1277 58.0027513210001 10279302100.0944
1 atacseq_4000.dot 2223941232 1.21339639164394 0.534889054587813 36 17.9485895866703 1.94139975143406 3.977563089 338371133.929708 1.06218507886076 0.60589266518493 36 16.8504141207591 4.83473487253929 477741075.874606 1.106112876 477783356.633427
1 chipseq_10000.dot 41366257414 1.11808637008356 1.4278858954589 36 51.5128190237514 0.0613617389024888 8.23556729599995 16030748060.1867 1.08399180967321 1.2429905675004 36 72.1293172574099 0.177817476787601 16502392994.4421 1.334800393 16510023738.3603
1 chipseq_4000.dot 4605965334 1.16924381959759 0.877090829361713 36 19.3182787234968 1.865230329532 1.938764234 1070497205.68781 1.13971720103795 0.739741125415891 36 41.8517701960176 3.18889254585157 1526935648.69902 1.169202739 1527093297.89117
1 atacseq_10000.dot 2223941232 1.18572245343845 0.393683895520258 36 5.88313967778995 1.14244997723682 10.674104996 883175809.5466 1.0648079652223 0.440526555051583 36 11.3032194963579 4.40253115339334 1255192633.47982 6.30587035700001 1255240557.90695
1 chipseq_25000.dot 3793245764 1.13404531633697 0.541193716673372 36 6.60091487065979 1.71939111470695 21.044229332 5850756336.02265 1.09364279676777 0.552050855641685 36 18.9823946838881 2.55312572632776 9210549192.26032 50.0224495030001 9210762751.98517
1 methylseq_25000.dot 17027257018 1.40153662681268 1.94730138795364 36 176.752735932868 1.60345008442904 296.660565038001 12772587599.8664 1.15533215473209 1.76327721581036 36 636.106108779374 4.952862641396 23865180584.3705 228.045226584001 23865181756.2134
1 eager_30000.dot 19132169434 1.23404547259886 1.25156608006738 36 105.141577150236 0.386739030511449 114.103614393 6835246329.58197 1.11080996667463 1.08714164036893 36 103.979352043616 0.747337162353869 8099887676.35554 185.667441849001 8100099994.41813
1 eager_2000.dot 8330435694 1.70922589558953 1.41708689907948 36 1122.4026726053 2.6053381343231 2.842694787 304910538.6825 1.64222386544368 1.30790340285 36 481.866637730945 5.67858478291802 392741182.735345 0.965273332000002 392782526.220687
1 chipseq_30000.dot 5058052541 1.20678904949651 0.856562064332929 36 25.1608503316093 1.46003668057966 34.669625689 9168335959.52057 1.10648279299239 0.581275911846923 36 47.438568064583 3.55362350729244 13970112505.0951 90.2138831870002 13970149814.0682
1 methylseq_4000.dot 11897958606 1.28553950776173 1.96560608050933 36 131.588988331606 1.34393431299075 4.822523297 1453586704.83294 1.0999531277309 1.84621156282584 36 570.928812797266 3.57819451751683 2679792150.66736 2.458802623 2679793879.98891
1 chipseq_4000.dot 4807293396 1.21254626531749 0.98799319506995 36 39.2220094979519 1.29381914132288 2.591796489 1020532673.62924 1.07497936418927 0.691882205902051 36 43.8045142792099 2.81782020510495 1564680894.47823 1.19233527 1564654715.20712
1 eager_200.dot 14754556884 2.58985413985414 1.81218761011917 13 140.60497815705 97.1125415119924 0.140236839 14890604.2654107 2.58393393393393 2.30388967296693 18 206.021614544596 44.3522452877568 12509322.5178982 0.019232372 12508227.0312306
1 methylseq_15000.dot 22500260922 1.46909061640847 1.37785361564141 36 57.7890500495414 0.0553300892558361 110.51686506 2229646741.90567 1.14347562706253 1.44813080270556 36 108.921138776874 0.308826837279372 4288560713.99323 40.2659741259999 4288562383.68684
1 chipseq_20000.dot 32978181418 1.2212243391256 1.77560363782446 36 35.3773718437675 0.0945547221393384 17.773790785 37552130957.1698 1.10354931754726 1.62399412752568 36 89.6538947603129 0.272826899914754 40148761590.267 5.63763997900003 40152676866.9001
1 methylseq_2000.dot 6273818718 1.3326002422388 1.65968155331255 36 128.185070491014 1.92473061492891 1.523967395 233324748.164544 1.17108911837827 1.39546894352127 36 198.92668863102 2.20932466895273 381988527.706117 0.487436549000001 381989593.616578
1 methylseq_1000.dot 17027257018 1.56006565946325 2.00176722780564 36 158.286804967558 1.61670122298133 0.560962345000001 514599878.128022 1.28639956652005 2.02639658944918 36 1498.41093575182 2.32811235820129 924470420.653673 0.156343711 924470450.507298
1 eager_25000.dot 19100037384 1.2474637782193 1.29806648531015 36 152.435011785341 0.401720989629809 92.4309458049998 5776028524.98013 1.10344127177999 1.11575720489409 36 106.126266278117 0.755331966412145 6819138505.09194 118.511628030999 6819420625.35577
1 chipseq_8000.dot 4605965334 1.14758443946336 0.834615423919312 36 18.4063317476249 1.59886397853992 4.492419979 2175190858.52105 1.12003737184968 0.640619026515897 36 29.0064270548682 3.25297755956058 3298469770.16368 3.73408613400002 3298757845.83922
1 atacseq_2000.dot 2223941232 1.26886657278814 0.952056426416935 36 18.729887468974 2.01768099347461 1.518749025 137108415.683452 1.12696240573259 0.664330803352273 36 24.3248135604745 4.17696933874017 206565217.898876 0.34188561 206883474.407966
1 methylseq_200.dot 6273818718 2.04513888888889 1.77115233899956 28 3.8571894902789 0.0420108103038283 0.076799389 3134561.29281215 1.39492394179894 2.10306998760025 36 7.07239466746813 0.1053208324683 3590012.94256608 0.009719621 3589975.07259592
1 atacseq_8000.dot 11187378708 1.17269641299771 1.14211398777017 36 49.1075988893269 0.598083261427768 9.76826241 1961749108.68402 1.08151307238647 1.0389239699293 36 112.746875062629 0.891930142153546 2804529082.16616 4.51780551700001 2804528974.02289
1 methylseq 8885797810 2.83333333333333 1.58779876950543 4 13.5525189421936 13.5525189421936 0.003056008 145127.929227518 3.11111111111111 1.01867076514292 4 0.060863813629998 0.060863813629998 1401895.6 0.000271173 145760.506942908
1 methylseq_10000.dot 22500260922 1.24867248486697 1.37796973943686 36 57.8285850693332 0.0577846211734404 35.7775467389999 1506172346.81991 1.1624284634489 1.45538706127565 36 110.473256971232 0.314595486733671 2847650010.0029 15.714361943 2847650436.1207
1 methylseq_1000.dot 6761426956 2.74134633773188 1.92490598505929 36 59.008407736493 1.80888226914232 0.66454705 189166716.751621 1.20167973481226 1.82186007551444 36 678.941477486793 3.63938510787949 331217891.831615 0.146835257 331219566.748482
1 chipseq_2000.dot 3793245764 1.18115619875905 0.74797189618722 36 17.1243126797045 1.64833446586687 0.931334237000001 453182564.010087 1.19189394466294 0.563917263684189 36 21.2002791789992 4.05931387673963 627455803.652277 0.480763863999999 627487302.959641
1 methylseq_25000.dot 22500260922 1.57785563150416 1.38179748431568 36 61.1630667963296 0.0570364792595564 388.482036525 3745584361.636 1.12491014435329 1.45114660485923 36 106.677407775647 0.315004539666616 7086813013.68925 170.592708068 7086815200.70884
1 chipseq_30000.dot 3793245764 1.13453048116048 0.544769666675368 36 6.920310645603 1.70883363850458 30.4174493000001 7092075065.26637 1.09666781474016 0.512190886154942 36 16.9701353447911 2.02859248962983 10938676759.6225 76.189856259999 10939002877.0289
1 methylseq_1000.dot 8885797810 2.75836680053548 1.93063502941687 36 69.9736716142936 1.83519508143378 0.739169692000001 249326693.758138 1.18247593548798 1.98295967126575 36 1315.48221133275 2.17927207700476 438283726.394289 0.16126364 438284750.922769
1 eager 19132169434 2.94594594594595 2.59592856582849 8 18.5178995449721 18.546907320881 0.049016097 28457891.6026361 2.68725868725869 2.81486850106237 9 1642.1430698817 1634.57287685161 24789157.6230631 0.004912288 24731389.5745012
1 methylseq_10000.dot 17027257018 1.41529627724105 1.94587706380587 36 373.268038452937 1.60162591900675 32.5509148280001 5103532525.09799 1.20841670001336 1.80957010588379 36 681.544056615607 4.69757484155634 9581981305.80215 19.9113972079999 9581983395.03258
1 eager_200.dot 8330435694 2.66842556842557 1.71940876397608 12 124.497529905673 124.521087862366 0.132663595 5792609.13284246 2.45495495495495 2.30024704339214 18 185.33139967954 46.3283872171172 5002821.69869288 0.019309984 5003203.0743062
1 chipseq_10000.dot 4807293396 1.17171813670874 0.910638272290123 36 32.297465067355 0.950404371283979 7.224363851 2680516719.6553 1.08306089274135 0.612615035586249 36 51.1780066474334 2.9260110681493 4180427283.06237 7.50106398799999 4180464877.53555
