algo_nr wf_name inp_size avg_spread_dyn cv_proc_load_dyn num_used_procs_dyn idle_to_work_dyn idle_to_work_30s_dyn dur_alg1 ms_1 avg_spread_stat cv_proc_load_stat num_used_procs_stat idle_to_work_stat idle_to_work_30s_stat ms_perc dur_alg2 ms_2
1 atacseq_30000.dot 14091675276 1.0687297026137 0.74418161778885 36 2.60246811097189 0.00995324834071997 24.304493253 718546582.640297 1.07385267128537 0.798138911871872 36 3.94228993934743 0.0378976793372865 830614718.616374 54.5264777719998 830802350.073914
1 chipseq_15000.dot 41366257414 1.10808804613582 0.912651943732289 36 4.03354021426329 0.00130061300156436 10.760488601 1460469697.11322 1.09753760951067 0.821148439577953 36 3.583877402969 0.0155887118903954 1540188820.05477 3.489334163 1542822257.5479
1 methylseq_15000.dot 6761426956 1.11306187807391 1.79197256299414 36 20.1851096838756 1.23426937673469e-05 142.368561191 223361224.183969 1.09333922164189 1.75219593931484 36 21.4524322667956 0.0250904379343878 254092962.512582 54.5520053509999 254093626.935453
1 atacseq_15000.dot 3908761308 1.07736084788685 0.174568898979019 36 0.323100507633895 0.0267774679151875 15.483017864 95703490.0211884 1.07482343173404 0.25865006439954 36 0.725987009709358 0.0526932018044504 117787352.677162 17.5366940069999 117890693.114582
1 eager 19075314980 1.87612612612613 1.69509457515234 8 30.9510650093396 26.5047994454071 0.036084329 5791451.44739043 2.29459459459459 3.25553047985072 13 757.682525939306 39.915448985584 7831121.71945199 0.004716984 7539962.37583619
1 eager_1000.dot 25705994498 1.37640053044465 1.64940382046971 36 39.8207134781624 0.152255505393534 0.829065689 32273830.8067274 1.33204628223978 1.24359480442379 36 16.8702127354748 0.0528855928343357 20460750.372255 0.176411012 20461329.579665
1 eager_20000.dot 8330435694 1.21065663868806 0.780005674314694 36 6.12661238620608 0.0429969076177421 75.7556948499996 113042051.579231 1.20718982734848 0.318929307468233 36 1.39012854280819 0.0676135522368557 118250599.909231 97.093912964998 118252961.870254
1 eager_25000.dot 14754556884 1.18380009793947 0.963812887826979 36 13.0407392673845 0.013628073601055 98.8127348609992 314392041.992593 1.11150716519928 0.684815771302449 36 6.8190560812834 0.0422264934888149 330130049.295508 136.979373448001 330143184.205002
1 methylseq_1000.dot 110641579976 1.2025403200102 1.92557694921932 36 206.990855331446 0.00248933925588238 0.516363498 240892352.193809 1.10095939312807 1.89473631205317 36 151.446882005493 0.0128162965530073 253733152.786461 0.131083091 253734280.52538
1 chipseq_200.dot 5058052541 1.3015518707483 0.765138723887556 14 1.87576484923345 0.0615448146870747 0.055369986 2911728.62747907 1.29389880952381 0.989398879814743 34 3.1059313083113 0.0455249603765415 2584778.29445854 0.006429535 2584947.77262591
1 atacseq_30000.dot 11809629756 1.08750099793328 0.668901028618919 36 2.27513677331306 0.0159023499484941 64.9630574790001 339458175.670979 1.06583615338684 0.732247555897993 36 3.45816551040202 0.0415177988155077 390058316.346295 98.0061851749997 390168920.282171
1 methylseq_1000.dot 6273818718 1.30211321476382 1.20821914863303 36 12.8096062753769 0.00508731289756042 0.526246749 12238538.5612631 1.10467265888953 1.19759260213694 36 14.3285852401537 0.0306057333883329 13580792.0948933 0.13980687 13580914.040152
1 chipseq_4000.dot 41366257414 1.09901939648402 0.840531393150147 36 3.4751273154619 0.00113305441900087 1.662110356 382623930.917984 1.08002738220898 0.753249540020402 36 3.53247874941558 0.0267702805204427 423628192.152585 0.285337524999999 424729692.179899
1 atacseq_2000.dot 14091675276 1.07136169370166 0.775782989985578 36 3.17809081337096 0.00971615652266298 0.773869114000001 48783766.8774542 1.06625458235536 0.628227187278078 36 3.33738741282361 0.0601077959866065 56506572.208212 0.218610665999999 56571883.9216656
1 atacseq_1000.dot 11809629756 1.13129612517113 0.853076982736504 36 3.78060397672456 0.0160900980717561 0.442159216 11103910.0396557 1.0783989139945 0.674536470364256 36 3.97636819002778 0.115161487405122 16290842.2272029 0.089727567 16311269.9586998
1 methylseq_200.dot 17027257018 1.86656746031746 1.76282843139187 28 4.31967843972429 0.00845912918084406 0.072979372 7284409.53739866 1.5094246031746 1.985054839282 36 123.053044225115 0.0824034298599853 7015581.35486977 0.009580259 7015727.52560182
1 methylseq_30000.dot 110641579976 1.09704887245907 1.84729966075615 36 23.746702891773 4.33124278331204e-05 532.464634864002 6980199567.35679 1.10400562341342 1.84406516323131 36 23.9424250395018 0.00225795935235203 7059479647.91663 259.456885267002 7059480721.49413
1 methylseq_8000.dot 110641579976 1.10141093474427 1.85021451706088 36 23.9270803618616 8.84296102555562e-05 27.083475128 1860966721.96458 1.07715453548787 1.84058329356594 36 24.6171497467801 0.00587235385076125 1890428763.73633 8.69995070300001 1890429472.3337
1 methylseq_20000.dot 6761426956 1.29238679598825 1.75035470891486 36 19.4419678248812 8.45640360045338e-06 199.628726546 297324964.524178 1.09265690403149 1.77077945817079 36 21.7622505108743 0.0216634314924716 335053991.88229 117.480732948001 335054717.139559
1 atacseq_8000.dot 3908761308 1.08150843311532 0.194439632430836 36 0.375261465198861 0.0258316816907325 6.824234292 53197617.9219906 1.06700065264988 0.248855042130246 36 0.706066239509137 0.0560373194510409 62596590.9935518 4.582139934 62790713.75811
1 methylseq_8000.dot 17027257018 1.44915153248486 1.87823230526146 36 8.02900040097126 3.42999011747386e-05 20.256233809 278320045.471932 1.08000460778238 1.75182849937321 36 22.5768136500315 0.0324474135838033 288877725.714515 11.4788417229999 288878019.602102
1 atacseq_10000.dot 14091675276 1.06977382437229 0.77969250401744 36 2.96179421915455 0.0103613096455862 5.56877410000002 240706633.500109 1.06224466672035 0.727449547547799 36 3.60756073921089 0.0451768310688757 279000983.747843 4.26998403099997 279243580.222461
1 atacseq_20000.dot 11809629756 1.09270711168436 0.654684188736798 36 2.21645530717356 0.0166564373346011 32.239763859 223630085.197118 1.0689242250507 0.705561363991571 36 3.37786990872943 0.0475158661217255 271839532.47735 37.051469874 271935369.412148
1 atacseq_30000.dot 3908761308 1.08060123810741 0.187412076691374 36 0.343235490840954 0.026172957362566 51.8058588209998 198565062.458315 1.07280530799665 0.257481564543481 36 0.743599069496969 0.0510385695842477 235737852.929448 82.8692475359995 235861840.47112
1 eager_2000.dot 25705994498 1.30601260879898 1.31249723663435 36 28.7619730752146 0.0879770242712367 2.02887279 50844989.446219 1.15771053990868 0.942334816649945 36 14.1862320492465 0.0525386012888603 38920501.8244745 0.473036793999999 45124290.5592405
1 eager_1000.dot 14754556884 1.35631240943741 1.68081258176399 36 36.2025042880103 0.0565299576905066 1.104743438 19416956.6081495 1.30960707937295 1.28689335582823 36 16.4343178286398 0.11910556561499 20692443.0124178 0.216679442 20691466.289453
1 atacseq_30000.dot 11187378708 1.08647495344648 0.627081529000995 36 2.00655760109583 0.0135428268154511 49.1123236639999 362101916.256179 1.07234151604945 0.738215750337294 36 3.34410208217263 0.0339024135006937 428513468.431932 105.760795607001 428639183.640828
1 methylseq_10000.dot 8885797810 1.12288089839112 1.80237978227642 36 20.7869150461219 8.0915336909269e-06 52.67164992 193611229.55372 1.09174145848818 1.80430838017433 36 23.982008481626 0.0211172983237721 220717898.017287 20.5296249300001 220718283.998813
1 atacseq_4000.dot 11809629756 1.09652474651934 0.699481586824954 36 2.50706482680395 0.0153907362144235 2.704420649 44678247.9025375 1.06215039426004 0.638994124316096 36 3.37388996389906 0.0848774799900467 59274924.0366897 1.199408316 59360282.5919161
1 atacseq_1000.dot 14091675276 1.09672222956782 0.888316957067169 36 4.10855493784005 0.0096035126534516 0.341794705 24836477.4882056 1.07075724357342 0.65123253402976 36 3.32052185157252 0.0489157696473971 26603033.4880715 0.074046267 26682282.8025
1 methylseq_4000.dot 6273818718 1.16158221713777 1.21576668761229 36 12.4195001477944 0.00210544327438821 5.71482767699998 46890967.8578903 1.08350811128588 1.1805483719348 36 12.8486749115017 0.0400613603077342 55974844.8671458 2.11983205 55975300.5547473
1 chipseq_1000.dot 4605965334 1.13751899809592 0.457224022031491 36 1.12117055395394 0.0190932717133664 0.407038598 10026533.721805 1.1513924110078 0.394787774138867 36 1.47083040858528 0.0904583651423569 13445729.3719543 0.091188551 13450270.6917722
1 atacseq_200.dot 11809629756 1.3188955026455 1.14914468136471 17 2.70435872137218 0.18465572825259 0.059779776 3760078.35654884 1.22420274170274 1.3377306711479 30 14832.5201675509 0.232436584340065 3382003.73042452 0.007935077 3393891.7579703
1 eager_8000.dot 19075314980 1.29038165122786 0.987705741608736 36 14.0918236157717 0.0268356837586956 19.753600762 114259359.504433 1.15068087944248 0.775048809428701 36 8.42347949658457 0.0816587804595644 123966651.269836 8.01293964499999 123969057.957125
1 methylseq_10000.dot 110641579976 1.13372174266533 1.84956588440293 36 23.9222796704022 0.00017785187461758 40.2109251310001 2329854082.55839 1.09840920495184 1.85061983872475 36 24.6041356339652 0.00202936145488833 2325628232.44427 15.769936661 2325628672.25024
1 methylseq_2000.dot 22500260922 1.22977624784854 1.23111360212216 36 13.4901020965808 0.00411856050429817 1.366368036 74155942.9218177 1.09730987441831 1.23617326145496 36 15.5139329869183 0.0135300824007322 80773171.6056874 0.465729441000001 80773380.3134509
1 chipseq_200.dot 32978181418 1.36118197278912 0.959929118165491 16 9.25988225458536 0.0488565588179271 0.048181932 16031327.0790403 1.09280303030303 1.3855819118903 30 7.27419782861549 0.0371006557570319 18043182.0609646 0.004196128 18280424.7462197
1 chipseq_2000.dot 4605965334 1.11063119370081 0.355516417860823 36 0.73626144745347 0.0237691732232045 0.897822808 20221383.8910806 1.09917614031538 0.397866328066767 36 1.44769624588519 0.0817542113917819 26247019.0447485 0.312073469 26494272.2302993
1 methylseq_30000.dot 8885797810 1.10538977495763 1.81031471483436 36 21.265776776009 7.01901953875237e-06 714.448975285 581472972.175159 1.10204769738586 1.81002355660752 36 24.1449527603071 0.0210347658901533 650864438.106146 342.742906952997 650864966.79654
1 eager_20000.dot 19075314980 1.23854149091295 1.0071482272764 36 15.2557776433092 0.0193931135989917 96.0925305529996 284057875.995071 1.12747916498122 0.760723246581523 36 8.27997859640563 0.066190352424744 307213401.154583 73.7699801170004 307220799.21591
1 atacseq_8000.dot 11809629756 1.09700500214489 0.662858444975568 36 2.25502089014278 0.0165890027808123 7.77130726100003 89690914.8283873 1.06562478404481 0.742586262062395 36 3.63716757424905 0.047469342167104 106845206.042753 5.20288998 108370330.781603
1 eager_30000.dot 19100037384 1.16333049775678 0.987810685182039 36 14.0900767900219 0.020656388278836 160.471662311001 406471432.996473 1.1360935940072 0.73496800782285 36 5.80245084201465 0.0370215150824109 417487682.203587 212.451513066995 417506493.499925
1 chipseq_200.dot 4807293396 1.39126275510204 0.792724043514788 14 1.69628754021262 0.0155978091045761 0.055622523 2340807.5471583 1.13818993506494 0.997713208287757 31 5.54693481679022 0.069107524008102 2136447.05174506 0.006698342 2143872.27897094
1 chipseq_200.dot 3793245764 1.28411989795918 0.513511983407888 14 1.06138288483837 0.0569075194655852 0.057451841 2919668.75400119 1.22781385281385 0.76534498949352 36 3.08895248286819 0.0992746238101202 3522308.77366083 0.00705673800000001 3548819.32548072
1 eager_8000.dot 19132169434 1.27420946808973 1.00298590355991 36 14.7774815919853 0.036663522840605 17.2500980029999 119667929.791519 1.13121068175763 0.78172741780129 36 6.867224142283 0.0613191647949898 124237305.460034 8.45890987000001 124347725.140846
1 atacseq_10000.dot 11187378708 1.09417745399048 0.637782528025221 36 2.09020279840304 0.0131414190962981 10.9574832749999 120444158.200803 1.0657454003107 0.761101702249946 36 3.49119134061897 0.0311113881231434 142108424.125197 8.75116781600004 142193099.144257
1 chipseq_20000.dot 4807293396 1.09268569613529 0.395538222954802 36 0.93469061228486 0.0343792961475115 23.074480735 170496645.349432 1.09912075044269 0.540426652408784 36 1.93616421281761 0.0662309311173321 222430384.258833 42.5081035160002 222509882.112478
1 chipseq_10000.dot 5058052541 1.10156747492274 0.393778978115643 36 0.902509814325359 0.0322574659743011 7.990451309 100797878.117793 1.11147248741234 0.498333931929215 36 1.74803478559031 0.0704617378818981 133306409.464423 9.42307925300003 133428361.330656
1 atacseq_4000.dot 11187378708 1.10974723478868 0.681407580495904 36 2.34690384188332 0.0124079318698746 2.637379434 47822191.5602115 1.06950080255299 0.70065965028213 36 3.17394378836649 0.0424684676635165 57390535.929467 1.201683902 57468981.8855676
1 chipseq_4000.dot 32978181418 1.13426448420552 1.04480881659669 36 4.98972204598433 0.00202908598960747 1.598284223 329891684.134816 1.09942438981354 0.929856307182689 36 5.4019327914216 0.0284129045805825 337910924.698641 0.306160720999999 338002159.323774
1 eager_4000.dot 19075314980 1.34448283738521 1.0375261283406 36 20.0990989031923 0.0510206494541825 5.534171376 63395456.4925107 1.17206212425703 0.797646137982522 36 7.08486832148661 0.0384696261854903 55562763.5653053 1.967709657 55833363.023118
1 methylseq_4000.dot 17027257018 1.48034542478987 1.8797366425714 36 5.85235370402297 0.000297263406905757 4.446763032 139464853.023306 1.08437405659628 1.78327130191198 36 25.1465430057461 0.037220253746278 151830396.831966 2.52089229100001 151831580.268902
1 chipseq_1000.dot 41366257414 1.10622870719025 0.834501884546079 36 3.84372701060724 0.00113345510694475 0.310619961 91585309.0561661 1.09493791464945 0.78333153635997 36 3.40061503303379 0.0202564910129073 102718137.218913 0.030649245 104123729.819419
1 atacseq_10000.dot 3908761308 1.07572660703693 0.192565065201402 36 0.363397286129624 0.0246904453281314 8.28370988300004 64607119.4353304 1.06633478884313 0.244060813167958 36 0.737037578632662 0.0683059144393497 80301460.6113247 7.02660032699997 80451594.2595669
1 eager_1000.dot 19100037384 1.37430474930475 1.65354480921796 36 21.1826974214805 0.0817050428685382 1.079284455 20808041.6279952 1.31870233800381 1.17099148102308 36 12.3868144812457 0.0419747260851896 16760567.4222674 0.203643754 16765115.2470445
1 eager_25000.dot 25705994498 1.23665120702537 1.27906854158587 36 19.7291923636328 0.0340051271668682 213.143284749001 527863921.690754 1.11315442722465 0.822868425017959 36 6.39013474364677 0.0348138697495749 482270194.046585 107.727362483 482278223.263361
1 chipseq_25000.dot 41366257414 1.09660566431398 0.926713876132781 36 4.15222323931185 0.0012625123456596 26.7246918009999 2441473764.09448 1.0994943859527 0.771836112720996 36 3.27141302930388 0.0202407214033585 2628495999.93187 10.063105192 2630569069.69426
1 methylseq_15000.dot 11897958606 1.46836622737344 1.8659148257952 36 9.04936949358935 0.000112765475851342 84.1913051500006 431526327.717944 1.09668899140479 1.79463091516643 36 24.2299448521781 0.0273148681976303 454124911.841536 56.5974814149999 454125480.085226
1 atacseq_30000.dot 2223941232 1.07675207029578 0.0888313512044285 36 0.149822669792765 0.027371977811458 67.4144898690005 110418913.370952 1.0657118388576 0.116038805041594 36 0.405452747237838 0.0516226218521645 129016661.200737 96.4596877719997 129052380.135277
1 methylseq_1000.dot 11897958606 1.5476509211449 1.94101949723117 36 3.85103532366961 0.00191819687816741 0.505709099 29437187.2435308 1.10210684005865 1.82222690137764 36 34.3257498036227 0.0455263646841086 31856291.9904726 0.146643305 31856384.9736563
1 atacseq_2000.dot 3908761308 1.11622916523436 0.292491464128169 36 0.544353334279131 0.0188998167765731 1.116428984 13363628.2372755 1.07467546150505 0.241771699379359 36 0.741875415938582 0.0501100072231712 15076445.4590782 0.323008789 15144434.1057233
1 methylseq 11897958606 2.83333333333333 1.58767879185169 4 68.4091885008619 68.4091885008619 0.003098433 1002530.98909331 3.11111111111111 1.55619659273085 4 2.6775668826845 2.6775668826845 1839399.0625 0.000268671 1003017.63082545
1 chipseq_25000.dot 5058052541 1.11791993041991 0.378112307659456 36 0.855866647354445 0.0350014832749942 38.156110726 251735604.185689 1.1186801186801 0.465808196848587 36 1.65106812773184 0.0749828676470987 329909543.867302 68.5858015010005 329976742.398062
1 methylseq_15000.dot 110641579976 1.12788749518135 1.84888260635936 36 23.8696323615633 0.000192714432833823 123.609349554 3497669732.83467 1.09353090938362 1.85479909231067 36 25.0500319180115 0.00370699222278516 3590187803.87756 40.2991132629997 3590188185.23168
1 methylseq_15000.dot 17027257018 1.44722021003047 1.87178388563954 36 8.42359409710584 9.64074249648376e-05 82.0362825259997 521783798.398457 1.10115817521745 1.77183970664782 36 23.3161454056802 0.0301633214805106 534811440.283271 58.1037566780003 534812799.126303
1 eager 14754556884 1.87612612612613 1.70311469147563 8 48.9911436239651 39.1011880251403 0.035664771 6484056.14524655 2.29459459459459 3.22555066962244 13 614.305667729949 26.3090923194389 6310378.34592651 0.004696883 6051263.76502563
1 chipseq_2000.dot 32978181418 1.15216435726721 1.05404010403298 36 4.90211027304072 0.00198447021453831 0.684613724000001 162813446.097924 1.10951851418624 0.922742434913641 36 5.95652685302461 0.0315480848196879 168500490.249803 0.0955689879999999 168533915.83416
1 eager_2000.dot 19100037384 1.37784769549475 1.26453794946378 36 29.4812310208686 0.0650887563486339 2.217992574 36978220.4784745 1.263252269402 0.908952930258608 36 9.27888651298714 0.0632954561579839 30014763.9002507 0.567847174999999 31354007.308843
1 atacseq_20000.dot 14091675276 1.06897965096744 0.764604149846333 36 2.75187577851177 0.00959949952911984 13.2842304669999 480008808.43189 1.07090742149442 0.772905667821414 36 3.82611082786994 0.0388533567606805 554650727.642367 21.5444612529999 554695976.827901
1 atacseq_20000.dot 2223941232 1.07547872809676 0.0778505248388278 36 0.134755416914737 0.0241919466502111 34.498852014 72613863.77046 1.06728408103205 0.11747315687288 36 0.398824115375276 0.0563749255511352 85973700.7517509 36.141525914 86046148.830022
1 chipseq_2000.dot 5058052541 1.10127860009189 0.526558911135507 36 1.31447338739686 0.0299087510473347 0.929714927999999 21115396.6428526 1.11566736270059 0.49803826035445 36 1.6730098887276 0.0865718398573728 26457180.4015711 0.374127739 26507291.7082639
1 methylseq_20000.dot 11897958606 1.44598791897714 1.86783603261778 36 9.41151120434244 5.18482633880269e-05 164.267544511 575195655.199125 1.0881590731531 1.7817889857805 36 23.0279144939897 0.0258261374859909 589546966.512157 118.146936767999 589547827.051409
1 atacseq_25000.dot 14091675276 1.0695514957133 0.760940230262963 36 2.6184603240368 0.00986496289711575 17.6217642929999 597540141.661505 1.07349142770269 0.796593374368473 36 3.97207749170616 0.0386297975165148 692535155.892002 36.735072179 692680764.635073
1 atacseq_4000.dot 14091675276 1.08290588968573 0.804105082741209 36 3.23699084786865 0.00960653946237603 1.710735066 96780130.4905143 1.05797588729033 0.644030999773665 36 3.27320186717654 0.0548750839094694 112677974.754227 0.728876661000002 112684514.123876
1 eager_200.dot 25705994498 1.84886314886315 1.33436552705116 14 209.35739757259 4.17174316755218 0.141138876 11139346.8909965 1.94081354081354 2.38110964278863 24 83.587836676417 1.23194431871868 9595566.0948108 0.0330803580000001 9613285.29966672
1 chipseq_15000.dot 4605965334 1.10794097735874 0.327667740529158 36 0.677776416109506 0.0241881775051018 12.087917169 152019115.647289 1.10420927326706 0.417240507459627 36 1.43244499641369 0.0639490810150222 197037506.296088 17.755911377 197173995.20021
1 atacseq_15000.dot 14091675276 1.07155507587924 0.761072313747895 36 2.86674211896057 0.0100683972699389 9.09303858200001 362623120.521408 1.07418256174765 0.755246302734696 36 3.74946269261463 0.0396227480660773 417198643.628175 11.65859698 417440989.627448
1 methylseq_200.dot 110641579976 1.77480158730159 1.75838493091335 28 3.10371458900864 0.00223136088950101 0.073154868 46101285.2658496 1.3192791005291 1.97975553639789 36 3591.25510961516 0.0363953254517741 53699753.7981295 0.00877427799999999 53699849.4774271
1 methylseq 6273818718 2.83333333333333 1.58180174721975 4 70.4097482901621 70.4097482901621 0.003328959 891152.083101448 3.11111111111111 1.57428689778278 4 3.07318033785787 3.07318033785787 990742.8375 0.000277666 890779.526433276
1 atacseq_15000.dot 11187378708 1.08585389928641 0.63950958701483 36 2.07845907823363 0.0137307747087514 18.756460929 181209847.559781 1.06948138280762 0.712509491232602 36 3.20576494753391 0.0377550639838039 211745725.935164 20.3322582819999 211829145.818148
1 eager 25705994498 1.62837837837838 1.60738082129363 8 21.2606888716479 13.7970939782162 0.034792157 9980532.64691596 2.61261261261261 2.95147372886545 11 180.039834690136 45.7970536659061 7111882.14197583 0.004779698 7132716.47054606
1 methylseq_4000.dot 8885797810 1.14956623289956 1.80071868771533 36 20.6233849165503 0.000666826942399662 6.591270306 77926172.1157012 1.07800657800657 1.76633824816243 36 22.3059292458931 0.0235381061566066 88357977.8275568 2.37905327400001 88358130.8595528
1 methylseq_20000.dot 110641579976 1.10337944701693 1.84774720440612 36 23.7812344211698 0.000112205851578538 214.870990563 4653031320.28488 1.09768986959866 1.84135765654061 36 23.7946648941016 0.00202295225647712 4687310229.32776 89.1033616020011 4687310643.33709
1 chipseq_2000.dot 41366257414 1.10590510491618 0.854547088462743 36 3.87372272148538 0.00132120067466868 0.769078594 189706089.742548 1.09791757556789 0.774826870008422 36 3.53526862428237 0.0243142258829657 207319441.973354 0.0886630439999997 210941930.86563
1 chipseq_15000.dot 32978181418 1.12816101886426 1.20130291024753 36 8.43149457761965 0.00205653628983234 11.893016325 1276833132.87657 1.10004792439056 1.0194621805752 36 6.92032213736163 0.0260998397560987 1285406414.70295 3.347232033 1285597411.10064
1 chipseq_8000.dot 5058052541 1.12168904762949 0.385195020957272 36 0.881361623356763 0.0355752244990297 5.68584166500001 78874753.0973048 1.1157276142092 0.516418306813093 36 1.78622901517581 0.0685967630299419 106793044.148733 5.54170414899999 106882216.473004
1 methylseq_8000.dot 8885797810 1.12469215246993 1.80232267348794 36 20.7931086631476 7.30380999564075e-05 30.8549893099999 154752714.94107 1.09105136882915 1.79157363893775 36 23.495624361975 0.021520160779391 177982716.663054 11.74517713 177983618.562783
1 chipseq_8000.dot 41366257414 1.08843303705177 0.861951856957059 36 3.64014111466064 0.00129373831669317 4.19286522499999 771693612.79947 1.09911291033941 0.814004446318564 36 3.68284904792236 0.0177929022459175 821526231.424102 1.003549631 822261362.347452
1 methylseq_8000.dot 6273818718 1.10319843653177 1.21204611628223 36 12.0572020272505 3.66923287796163e-05 30.4042141399999 92707358.0703933 1.07752991086324 1.20335652388199 36 14.4043621103076 0.0510036184987674 120069844.363288 10.477134543 120070185.581185
1 eager_15000.dot 19100037384 1.27520485194605 1.0500525178875 36 18.182828737202 0.0202262317296898 66.8717075320002 216565323.794059 1.14096529151258 0.73069029488743 36 8.99352613531572 0.0813806597610808 246055393.146007 39.1831351519998 246068395.853647
1 chipseq_30000.dot 4807293396 1.08958311288377 0.402886001398184 36 0.955083912195388 0.0338244393661031 49.748697338 257651111.564329 1.10255186934971 0.532170959296046 36 1.88602495454519 0.0704858249476704 332719663.453576 112.027211450999 332766884.622951
1 methylseq_30000.dot 6761426956 1.10507112898072 1.79590601408284 36 20.4053345871003 1.3230900103344e-05 762.434223216999 447129911.112045 1.1008022256522 1.7915459992205 36 22.8780213994633 0.0209835232013703 504448806.913032 338.546543552998 504449771.936863
1 chipseq_1000.dot 32978181418 1.14135263774687 1.19525145553653 36 11.1804843873092 0.00236180092209028 0.326132253 80778552.7567275 1.10792759590836 0.995935670110399 36 6.74732839184523 0.0323111293047243 88744338.941569 0.034604331 88785276.2716774
1 chipseq_30000.dot 4605965334 1.1149077326621 0.323119243173094 36 0.673837638434364 0.0237981655983252 37.5383717530001 311156460.359166 1.1100910748273 0.432827093131358 36 1.46494222091381 0.0581299309813719 404062442.011833 86.4634397469996 404389685.531303
1 methylseq_10000.dot 6273818718 1.10318730666871 1.20971290484369 36 11.9075821492043 0.000543726350746425 53.2711322039999 116211121.477533 1.07464255543489 1.19380950567252 36 13.0130237151048 0.0296806352801061 136320998.101332 17.3362984839999 136322600.371395
1 methylseq_25000.dot 6761426956 1.11467358586901 1.79426556789525 36 20.306404915851 1.07011580360457e-05 462.989502067 372707979.83991 1.09181913550616 1.78035883335895 36 22.4973183442452 0.0233790138050981 427032428.3838 218.405328218 427033091.978871
1 chipseq_10000.dot 4605965334 1.1151392467182 0.325091725548525 36 0.685828846751973 0.0237520899516124 6.98405945000002 102848506.255729 1.11853293949159 0.399091763508357 36 1.35681153625596 0.0562474572964673 128513931.817925 7.17435518800008 128827812.299184
1 methylseq 22500260922 2.83333333333333 1.58765310536204 4 234.905084803156 234.905084803156 0.003330789 3634608.28021324 3.11111111111111 1.62455789219937 4 4.80354709849316 4.80354709849316 3630705.86039425 0.000268564 3631123.08156163
1 methylseq 110641579976 2.83333333333333 1.59495857170451 4 21844.2992846747 21844.2992846747 0.003287639 28320485.710626 2.83333333333333 1.88900831405777 5 23485.5905218329 23485.5905218329 26868697.6934267 0.000261433 26873319.8302175
1 eager_25000.dot 8330435694 1.19331326892751 0.820277682496052 36 7.11236258405124 0.0451653940577022 119.553158046001 145137154.523299 1.23070068488024 0.253996502274136 36 1.48653294081032 0.107342712598805 174077969.136207 185.065310205003 174080597.285903
1 chipseq_20000.dot 41366257414 1.09759728173368 0.887001586092645 36 3.82839457289615 0.00127341628171454 17.4457451830001 1943631168.3605 1.10252089509362 0.802177687092526 36 3.39485382866057 0.0160156944027277 2072073326.80981 6.24184884799995 2076360619.99806
1 chipseq_20000.dot 5058052541 1.11743215456839 0.392378369144333 36 0.892864934775879 0.0309506715600956 27.8099948910001 207378922.282943 1.11249446215026 0.467159285263361 36 1.63434707467924 0.0728586024233209 263999021.374028 40.987402339 264097817.131671
1 chipseq_8000.dot 32978181418 1.13634659162677 1.12808316490806 36 7.15605519372916 0.00211410399924178 4.410348175 672195218.142898 1.10163076865664 0.997571984792148 36 6.69890737007079 0.0281779535026355 682397758.902913 1.044201342 682503957.827115
1 atacseq_25000.dot 11187378708 1.08721418925232 0.614465286040474 36 1.95507588335607 0.0141876490298234 46.8467365830002 299371983.664566 1.07221636775489 0.711398472058405 36 3.26802192028636 0.0401136646916436 362916650.924018 64.0676997549996 363210795.788709
1 atacseq_25000.dot 3908761308 1.08024881213471 0.180182584506408 36 0.32713801734386 0.026904508800299 33.6945057549999 161121397.987022 1.07584976487376 0.266081502415485 36 0.740759776810437 0.0542630306587824 195766026.849214 54.5708528789997 196017777.348722
1 chipseq_4000.dot 5058052541 1.09825276924333 0.403553936308145 36 0.934556326775249 0.0341300389644697 2.209882849 39527622.8731292 1.10871004650486 0.502018793596245 36 1.68963673443851 0.0872955342421166 53261470.8884986 1.335731439 53328824.3932139
1 eager 8330435694 2.02027027027027 1.758211684401 8 31.3985100440275 29.0435053010304 0.039667745 3481896.17851422 2.6036036036036 2.7597557736289 10 112.545516930728 31.9357287265527 2729134.3861744 0.004900165 2762155.7849286
1 eager_15000.dot 14754556884 1.20907887015553 0.988175902348871 36 15.1687470590334 0.0210856939804891 47.0066581429998 196450551.594168 1.14221106176752 0.678222630029356 36 6.38802246153468 0.0566117265328011 214150945.733959 42.4781238180007 214156287.516472
1 chipseq_15000.dot 4807293396 1.09228018955167 0.393783985730113 36 0.929385346220923 0.0363160786279235 13.027687552 125707178.469992 1.10491695977921 0.565356967935571 36 2.05578732101044 0.0592539284017185 168828204.65584 22.5600217740001 168853647.35226
1 eager_4000.dot 25705994498 1.32035190107138 1.32801294291175 36 27.4497825464664 0.0536666809085263 5.23910763400001 91434931.0265639 1.17246502414702 0.89099089561203 36 11.115467545024 0.0580560336721349 79258129.7746028 1.57743733000001 79265908.5998663
1 eager_8000.dot 19100037384 1.29395897149249 1.0139397561805 36 16.7806094158572 0.0304871100414325 18.1402630290001 119350717.97972 1.11945861236883 0.739439812880039 36 8.56228464414406 0.107018204041567 147160999.007868 8.79574776699999 147167750.82012
1 methylseq_4000.dot 110641579976 1.14541922875256 1.85922303782484 36 24.5956916525539 0.00029628787413501 5.36077756500001 934438798.203226 1.07457854680077 1.84076613484835 36 24.8816487145366 0.00487917386835352 932706174.30866 1.85332447099999 932706433.954591
1 atacseq_200.dot 14091675276 1.29382275132275 1.06976973575656 17 2.48775995868212 0.0870595830406952 0.056212641 6188292.32665683 1.11698995448995 1.08482192176297 32 5.52286500612665 0.108492912719874 5921494.03876021 0.007115651 5925369.08159282
1 chipseq_25000.dot 32978181418 1.13659048034047 1.23918552685269 36 9.08892015477698 0.00201889978563168 32.205804636 2137409439.76897 1.10467238592237 1.0015008694653 36 5.88939561582232 0.0263669085603029 2117613661.87362 9.72345267899991 2117767702.10461
1 eager_10000.dot 19100037384 1.29440660784842 1.04083855580108 36 17.1925747202333 0.0245564012586608 27.326471962 146647289.278089 1.14462088229743 0.747320802257989 36 6.60217251452335 0.0735002748834875 150734687.984582 15.235661793 150743700.097065
1 methylseq_30000.dot 11897958606 1.46663956587925 1.86629217394755 36 9.65680985791544 5.79572131328734e-05 437.052371028998 862945600.999586 1.10153373518723 1.80780485714387 36 24.9020995441167 0.027495415032884 901992133.533954 338.830040988998 901993858.803575
1 atacseq_25000.dot 11809629756 1.09050265798972 0.667174677803337 36 2.27555562806472 0.0157719832865014 47.6042910400002 277385713.653731 1.07079221909326 0.748956148976733 36 3.55544999028464 0.0397698202575345 331598863.361905 63.1567557499995 331734878.696016
1 eager_30000.dot 19075314980 1.22703891016921 1.00490489805268 36 13.6689515855615 0.0202516677689238 193.392660529001 419777484.68174 1.12915214357431 0.763386587154856 36 6.72368078823836 0.0452383426863096 423804876.886266 220.435014871997 423823715.665144
1 methylseq_25000.dot 11897958606 1.46067624788221 1.8677197768339 36 9.17083942628991 0.000111215429706806 288.076327031 719632750.897353 1.0965843423837 1.80742289236069 36 24.5648045011911 0.0257137817143418 733599242.6057 219.430604434002 733599800.732894
1 eager_15000.dot 19132169434 1.25358232273777 1.00418685162921 36 14.012451894528 0.0244474258292087 57.964413017 214144605.657834 1.14719766543041 0.744652801185776 36 6.33511594459906 0.0605013580138202 231110792.40351 37.4063256150001 231116990.96003
1 methylseq_30000.dot 22500260922 1.12403638704162 1.23278950426678 36 13.6243757778006 -4.56216710961812e-06 564.044260054002 1054358209.38177 1.08346513208461 1.22458674741793 36 13.9255107872545 0.0146400288978593 1119845029.47575 286.472119457 1119846115.91481
1 atacseq_2000.dot 11187378708 1.07622436781895 0.69692770207236 36 2.45122573051375 0.0123001687445618 1.035141727 23672220.6793959 1.06480698178002 0.694572378613968 36 3.12492908970862 0.0458652097639436 28489971.0427183 0.330448961000001 28513814.1199925
1 methylseq_10000.dot 11897958606 1.45762749544262 1.87113544973123 36 9.05621951583687 9.08395869572542e-05 33.807820764 287956559.084838 1.09101100757765 1.7725442363765 36 23.3088508706793 0.0308209259776518 297644178.160665 20.4699541 297644998.261167
1 chipseq_25000.dot 4605965334 1.10590716319881 0.324051106650249 36 0.677281824449858 0.0239745480369822 27.3320631619999 256417099.783465 1.11427399969065 0.427515286478506 36 1.44825832886139 0.054081003552845 331974590.637225 56.2578319000004 332052604.430193
1 methylseq_30000.dot 6273818718 1.12120880098074 1.21489189737815 36 12.2144260483288 1.76885851220044e-05 665.516345286001 348066486.200847 1.07974142037771 1.21686376648005 36 13.6699540756793 0.0324689820192577 409185492.281241 309.383443037002 409186600.430385
1 eager_30000.dot 8330435694 1.24517556370114 0.776874858569065 36 7.23123448001218 0.0442157723356819 244.516227540999 185307268.428293 1.18036367811512 0.292751322594079 36 1.29015975930148 0.0715162629417076 177167391.483309 228.067212002997 177172590.421634
1 chipseq_200.dot 4605965334 1.26987670068027 0.590693109815072 14 0.830292137189897 0.0875236895212607 0.059070146 2894029.75355799 1.10001456876457 0.740002299304652 36 1.70573647411234 0.0380140935564146 2481844.59649677 0.006900102 2520568.67583662
1 methylseq_15000.dot 6273818718 1.1013763391666 1.21408837783741 36 12.1611117866757 3.01435833058799e-05 139.943694077 173792340.670683 1.07892239717703 1.19860016354662 36 13.261914232604 0.03502534360252 207537717.108503 48.159607953 207537916.919549
1 methylseq_2000.dot 11897958606 1.46565627589724 1.91054233064106 36 6.92966781367802 0.00157301344995151 1.353712189 58022831.6349325 1.09246509848919 1.78715626018119 36 26.343485012969 0.0355732779760279 59872391.3428525 0.538290965999998 59873246.1836991
1 atacseq_200.dot 3908761308 1.22493386243386 0.801912466442598 16 1.51604043962892 0.115476569625996 0.067896862 2563062.69679164 1.14715118215118 0.844820391353259 33 2.71105050557459 0.0886966190277812 2071101.07110963 0.007953195 2106629.61241562
1 eager_8000.dot 8330435694 1.28763044377078 0.945994006419153 36 8.61066236276069 0.0403741363616516 18.142382003 46674776.4572012 1.21955403287704 0.33562548225793 36 1.76637128472689 0.0958123978519944 52265683.2440697 10.45098055 52266814.6511831
1 atacseq_200.dot 2223941232 1.28218253968254 0.691834674691513 16 2.41751579275093 0.144864864743009 0.066399853 1717401.65483455 1.13982545232545 0.840062946886916 35 3.26066509345533 0.105566439356615 1596300.52364561 0.007940492 1612865.60839166
1 chipseq_2000.dot 4807293396 1.0861264263163 0.480184724117029 36 1.24525694723414 0.0315835875029479 0.988062754 17476822.8144527 1.10246682378803 0.468885128337969 36 1.72921589367492 0.102772606174113 23694647.1644234 0.340488387000001 23706561.201404
1 eager_20000.dot 19100037384 1.23713548049152 1.01253305418922 36 14.6599544846111 0.019604057524792 92.4355658620004 284295180.023946 1.13352565966512 0.669737217745661 36 6.15248800643962 0.0614401919953242 284003474.977527 75.6109036940003 284026526.444071
1 eager_10000.dot 19075314980 1.27773007203637 1.00952390794929 36 17.1400074320854 0.0235972589913767 30.0823579579999 145416688.952551 1.13765149295403 0.737268773106171 36 8.50922631581931 0.0953185043126544 171528951.790014 13.711159986 171539026.462713
1 methylseq_25000.dot 6273818718 1.11036305491421 1.21507939515504 36 12.2172649403576 1.58269411431366e-05 449.028127792003 290002755.75886 1.08764576935488 1.21493910864924 36 13.5624310461595 0.0259935304461787 328941840.92583 189.534751835998 328942441.190042
1 eager_10000.dot 8330435694 1.26462786299833 0.912779414451238 36 8.79826932902334 0.0430687966678872 27.039045059 61842153.3479069 1.24912492146813 0.370501274910792 36 1.77430088897601 0.0803162706507712 62118343.2135283 19.133996392 62121694.8031755
1 methylseq_200.dot 8885797810 1.68427579365079 1.74532652245315 28 120.518301163463 -0.00192290593999699 0.07348741 3852641.95834493 1.30977182539683 2.02903112801546 36 301.492577408491 0.0480588796894877 5231760.15889637 0.00920093400000001 5231908.48194417
1 chipseq 32978181418 1.91666666666667 1.1907123934961 5 9.28301871945331 9.28301871945331 0.006168436 8884366.01203183 2 1.48251051668802 6 16.801408174069 16.801408174069 9607901.4789859 0.000513515 9126482.39415671
1 methylseq_2000.dot 6761426956 1.1191990182954 1.78860220322845 36 20.1063734733668 0.000656327761181435 1.59273748 29853344.5580253 1.10384394721744 1.79006034845321 36 24.6442170352565 0.0202215784389615 33144161.3795838 0.542679584 33144341.720213
1 atacseq_20000.dot 3908761308 1.0789009771015 0.187311077674663 36 0.340297063888897 0.0260611506346947 24.375446812 129756001.494389 1.07021621408826 0.254204854342245 36 0.730238101124196 0.0557898123202385 159479416.877892 31.716201138 159557628.36492
1 atacseq_1000.dot 11187378708 1.1217774031524 0.86343209962712 36 2.23868536546177 0.00971675846785568 0.433514714 11907775.4227844 1.05911532911533 0.639941810555446 36 3.13900189653642 0.0758704707760063 14804018.1315632 0.090577048 14868763.3761007
1 eager 19100037384 1.8545045045045 1.70980281981579 8 151.277374391297 143.073357292499 0.035050599 6321920.58968975 2.28378378378378 3.32012216974384 14 716.354408144999 26.2867134104512 7279496.05892537 0.004916866 7272316.50593414
1 chipseq_10000.dot 32978181418 1.13011865431979 1.08304746095725 36 5.24956914262818 0.00189199006329404 5.20589708 836937005.198516 1.10249223677326 0.99031833417879 36 6.31089893222372 0.0267281954360824 859058068.924725 1.52836153199999 860218110.562551
1 methylseq_2000.dot 110641579976 1.16323229425639 1.89412311987757 36 28.9311345852564 0.000294607796078329 1.509283922 467194558.616047 1.09154873462102 1.86641336788018 36 31.8123392864237 0.0127212176679566 501223939.980991 0.438596284 501224908.074717
1 chipseq_8000.dot 3793245764 1.09617278293807 0.248326022896796 36 0.483292825597648 0.0200901472432741 5.556037737 79704690.5995226 1.09970781243313 0.301133467047838 36 0.877188090055015 0.0466459629472435 98807089.2316236 4.25241515600001 99028283.6057642
1 eager_25000.dot 19132169434 1.25674554655519 1.00408783821785 36 13.5471255827217 0.022174573373719 192.632997326001 347766329.421937 1.12727069947938 0.722949180384247 36 6.99439495904726 0.0401927382343831 348473063.389852 140.053558486002 348480197.926236
1 eager_4000.dot 19132169434 1.32440031091666 1.02666695662094 36 17.6365806370891 0.0429728077024072 6.12478082 62591604.9543592 1.17278921207344 0.887046516038922 36 11.6125557413191 0.0767896947957416 67550948.4367872 1.877508763 67557301.1666757
1 chipseq_1000.dot 4807293396 1.18454675666214 0.641736628850552 36 3.18845188013597 0.0393159090422191 0.38228985 9431731.74629357 1.06405987175218 0.525502876297806 36 2.04578007066226 0.110973107936326 12248741.2525008 0.0997968259999999 12300060.2191172
1 eager_15000.dot 19075314980 1.24544693115975 1.0133723549266 36 15.4937538007056 0.0200487661406079 50.415708831 211044514.554813 1.15331382290075 0.709596163209819 36 7.45834290227678 0.0469733399434553 213802996.615512 34.70659044 213825246.197726
1 methylseq_200.dot 6761426956 1.62872023809524 1.74041291179266 28 3.45079528972907 0.0076424248316914 0.074047271 3095397.06170488 1.21577380952381 2.02774002114041 36 454.901472317445 0.0695046094377351 3269190.41406521 0.00984910800000001 3269333.39986418
1 methylseq 17027257018 2.83333333333333 1.58749941335451 4 225.953588821063 225.953588821063 0.003255552 4160749.90868841 3.11111111111111 1.61839267705864 4 4.50929669906685 4.50929669906685 4160165.88312647 0.000262108 4160287.0333351
1 eager_1000.dot 8330435694 1.37337543550779 1.59272868797773 36 23.1127655369931 0.0901809088111359 1.023747613 10560737.2616715 1.3044498418144 1.15906633791933 36 8.68026367136591 0.0672449387974988 7518859.9792425 0.177964779 7028387.4573845
1 chipseq_4000.dot 3793245764 1.12101597302069 0.221202971110489 36 0.425962197617359 0.01893148796358 2.246147556 38402100.4793344 1.1109127376816 0.315661735333229 36 0.930963164441215 0.0427837005132288 49226653.1871866 1.196380311 49470085.1425074
1 methylseq_200.dot 11897958606 1.86309523809524 1.76378023930458 28 3.72185079143004 0.00886962567004434 0.074997722 6108834.83999808 1.31357473544974 2.00787477886369 36 6.08290263259266 0.0545636584018665 6539404.98455273 0.009498958 6539507.99597167
1 atacseq_1000.dot 3908761308 1.1569398009398 0.53235863423424 36 1.18217030738258 0.00844788763495713 0.443144239 6929186.6255506 1.08611274183333 0.245364778660087 36 0.949456399023005 0.0571649690256937 7775460.08674515 0.0896932240000001 8199217.69065622
1 chipseq_1000.dot 3793245764 1.12774765298804 0.371299633082463 36 0.911387141895684 0.016491765822998 0.428513924 10226523.9549595 1.09988142199681 0.33349070315746 36 1.05661397202303 0.0419783596332621 12116035.4462863 0.0958715959999999 12203330.0831903
1 atacseq_2000.dot 11809629756 1.10817632842936 0.719529241098989 36 2.7396479610822 0.015717162362068 1.02050548 22016632.2078183 1.05937984985347 0.700776678769307 36 3.46489329486488 0.0563608159148787 28656099.4964049 0.339466789 28709513.337353
1 eager_4000.dot 8330435694 1.31031560919737 1.07956433581661 36 16.7544329010302 0.118020462464748 6.028343665 34371453.9577314 1.27632038922645 0.420194539761277 36 1.96950562619801 0.115264573506507 28629718.5848819 2.336291905 28681971.5212837
1 methylseq_200.dot 22500260922 1.74578373015873 1.75013505067632 28 3.38359009956738 0.026604958938749 0.072411031 9014238.27523503 1.37103174603175 2.07135904318514 36 224.226257318361 0.0208782199540956 8389179.02496218 0.009205195 8363878.79997795
1 eager_4000.dot 14754556884 1.33784088748971 1.00116550902112 36 16.9110386009188 0.0437051912849175 6.20800161499999 58160635.9247326 1.17825246398556 0.7683148030635 36 9.90802774207488 0.0661296166664046 59600877.2401879 2.19221188200001 59601384.404909
1 methylseq 6761426956 2.83333333333333 1.58378317094577 4 121.583304966884 121.583304966884 0.003249506 1696397.01591447 3.11111111111111 1.59575276178004 4 3.66845464828637 3.66845464828637 1695295.50598552 0.000268966 1696383.34804802
1 eager_200.dot 19100037384 1.96692406692407 1.27647681299047 12 105.135721813387 17.3770657403844 0.126536938 8388529.46518413 1.82847242847243 2.57958701090851 25 96.0529993816238 2.47517212661658 8017833.47399502 0.019998333 8019566.29112912
1 methylseq_20000.dot 8885797810 1.11862522786896 1.80815370000416 36 21.1292042187181 5.60984620603156e-06 276.565894901 387638334.744894 1.10314522634454 1.80328668856883 36 23.8521866238156 0.0224317266988335 433936608.496673 126.150125826001 433937214.770695
1 atacseq_25000.dot 2223941232 1.07631614583417 0.0734695893500308 36 0.127188911438824 0.0262946442589404 45.8871869490001 90628083.1774756 1.06966217207397 0.119205568536569 36 0.415935782787578 0.0632258909028568 108071920.140224 57.028385344 108251234.475605
1 eager_20000.dot 25705994498 1.23957865081003 1.25744120717973 36 20.1517789869576 0.0378094371282142 117.330929798 429754762.555606 1.11614957350893 0.769892560146648 36 6.12001548822365 0.0415011185215699 385637280.937162 59.5465369699997 385643928.978037
1 eager_25000.dot 19075314980 1.19765181802926 1.02111553496776 36 15.8752217802116 0.0214885037482703 120.963696537001 347320723.758526 1.12135196045676 0.723189956814704 36 7.10228482113513 0.0502871041197477 366359758.287089 132.828091700002 366368730.88187
1 chipseq_15000.dot 5058052541 1.11745836245 0.36893016719579 36 0.826173792135003 0.0335433455827261 15.930706868 150562151.057829 1.10983708834291 0.489075086447209 36 1.70017536556089 0.0671148423646712 196075888.942833 22.1946740360001 196180661.090176
1 chipseq_1000.dot 5058052541 1.12216015821785 0.709666180485341 36 3.42077535624796 0.0227769880858436 0.418251223 10960859.5903487 1.12138595912634 0.404341828658556 36 1.45707436361415 0.0826616912649659 12802925.6184072 0.101222268 12830010.3868676
1 atacseq_15000.dot 11809629756 1.09779489978152 0.644207513787233 36 2.15652668611767 0.015816144664157 18.098934864 167796997.141841 1.07026225275735 0.731319979212445 36 3.53806911661912 0.0464120733838947 201873067.161151 20.143215044 201935359.981397
1 methylseq_2000.dot 8885797810 1.12625900427105 1.82195975922387 36 22.1153126288841 0.00122907152534686 1.64233919 38946794.5370451 1.08571587939058 1.79905949006436 36 25.4296162284425 0.0285555470325466 44612198.6333201 0.563552910000001 44612509.7719109
1 chipseq 41366257414 1.625 1.28112899557985 6 8.41198965647487 8.41198965647487 0.005383022 10765013.8829809 1.66666666666667 1.30170401880509 7 9.9877306369395 9.9877306369395 12722163.957144 0.000465086 11178995.7167015
1 methylseq_15000.dot 8885797810 1.10994721703291 1.80465507779941 36 20.9169216417409 9.91256376973552e-06 138.64649681 290531489.850076 1.09667734187353 1.80447199223207 36 24.1316584151922 0.022854996335715 338289104.413293 59.9465612429999 338289349.726387
1 methylseq_30000.dot 17027257018 1.11983841155513 1.84586998281164 36 23.2616011156964 6.20891146306731e-05 327.889809086001 1043401986.44092 1.09685143898833 1.78475067358345 36 23.9942055149304 0.0313274227363478 1070859928.27022 348.121941470003 1070862089.60341
1 eager_2000.dot 19075314980 1.39727510006147 1.27977000167321 36 26.0520046354759 0.0341916405541945 2.302754845 33237512.841685 1.24989858626222 0.871680537495216 36 7.07168687348579 0.0620257903697849 30034514.5084049 0.589895715000004 32310224.7981623
1 eager_2000.dot 19132169434 1.35625927963389 1.2511149987597 36 25.8188627572586 0.0374119405047305 2.300599903 33219568.2319969 1.23989733386018 0.906849942731185 36 10.4610965513814 0.12364378312841 38186312.1906499 0.577334287000001 38185740.4447175
1 chipseq_20000.dot 4605965334 1.10752992053834 0.330278974916968 36 0.693669021419014 0.0235559671233444 20.0994460820001 209628034.513341 1.11058037446489 0.416384568165127 36 1.43334166725661 0.0600775575412461 265178540.034843 32.739181035 265324908.839071
1 atacseq_200.dot 11187378708 1.34343253968254 1.06818729690476 16 5.06147485824244 0.160861974711121 0.059608167 3963597.8032896 1.11255772005772 1.3328045622359 29 5.2346889804513 0.316410398061627 4006727.1699493 0.00782395699999999 4023114.59149892
1 chipseq_15000.dot 3793245764 1.10499513702767 0.259848596215951 36 0.511315195919553 0.019943436390883 12.130484589 151665443.541854 1.10066045181861 0.320272109436872 36 1.0123839650426 0.0466587923333913 190642170.852672 17.671979533 190902408.862607
1 atacseq_8000.dot 14091675276 1.07084593467933 0.766876804729647 36 2.92970670513682 0.00968422565685287 4.095979176 193386112.587437 1.06484547965718 0.701644533327513 36 3.38770628329257 0.0393569025804524 222645416.341895 2.67442348299999 222689588.849999
1 eager_10000.dot 19132169434 1.28084801008846 1.01614443413682 36 14.0330336553938 0.0236749323460223 26.9060378359999 143574519.870359 1.14524354806931 0.724461775617966 36 6.69029534094586 0.0773365468004829 159181465.161776 13.303772012 159183205.418156
1 methylseq_8000.dot 11897958606 1.44027360694027 1.86952149150369 36 9.14393279135185 0.000116042697912681 20.091146235 230569169.243376 1.07559940893274 1.76307734174956 36 22.288714340865 0.0269458496672288 234916402.981215 11.191358512 234917588.103097
1 eager_15000.dot 25705994498 1.23855103752413 1.27259061320297 36 20.1812194879158 0.0378627131041908 61.9032864149999 324065193.261357 1.11365388169282 0.78782588556313 36 6.61537715208338 0.0449377782879472 299316613.699176 28.8409689049998 299332451.083225
1 eager_1000.dot 19075314980 1.43690088065088 1.72134651212792 36 29.908841042602 0.0477674216107251 1.068618255 19579196.9961089 1.4192676327835 1.2336364608464 36 13.2020490432099 0.0703254561751828 17800718.0746458 0.214742841 17802484.5008381
1 eager_30000.dot 25705994498 1.21980470551022 1.31239221291043 36 19.6686197538351 0.0264427779301038 250.142672375001 613940175.741359 1.10732419112973 0.768730556744224 36 6.77353459316863 0.0462454860905063 593675072.3036 165.388206949996 593690432.49329
1 eager_10000.dot 25705994498 1.28185922071825 1.29120789376814 36 27.5155580505051 0.0441530179756884 30.6251335399999 222466637.284398 1.1198973190363 0.808555431058773 36 7.66611823924459 0.0622146684705362 207071437.322115 10.7192846499999 207069113.811155
1 chipseq_20000.dot 3793245764 1.10398522785097 0.220686982277362 36 0.395409600110634 0.022152327641506 20.452947444 195732816.730015 1.11065267778735 0.32619454015623 36 1.03606270994709 0.0472435598834548 256506951.770786 33.5480885870003 256869428.188902
1 chipseq 5058052541 1.72916666666667 1.06839013967748 5 7.41837009507796 7.41837009507796 0.006171927 1845934.04875138 1.66666666666667 1.55221437732515 7 10.5935118054508 10.5935118054508 1729658.920629 0.00060066 1651710.42684184
1 chipseq_30000.dot 41366257414 1.09824316547366 0.964916368113188 36 4.48718964369807 0.00130678833937735 36.967805108 2944528902.0675 1.09537197060653 0.812373681112925 36 3.48724171391748 0.0147589644609513 3097057136.77451 15.7404010399999 3099750885.78474
1 eager_8000.dot 14754556884 1.28209830726856 1.02717287907414 36 15.6887097685265 0.0222874693375888 15.519046437 109361292.736114 1.15796627890539 0.636239350413268 36 5.02086704677689 0.0767612221692295 122609328.57178 9.31740036700011 122626045.350895
1 chipseq_30000.dot 32978181418 1.13021603170945 1.16091524964436 36 5.63288944349171 0.00199966599852589 30.768603004 2543955709.89383 1.09992313861422 1.04348418820888 36 7.03970372102568 0.027317909538602 2582582128.4663 14.525981462 2582732552.71132
1 methylseq_25000.dot 110641579976 1.13373377835695 1.84822355169833 36 23.8323758717338 0.00010233518333215 388.900543444998 5817781852.65102 1.09556449666871 1.85040155544713 36 24.4065810236263 0.00207637302488663 5886479872.87114 157.667095109002 5886480352.43105
1 eager_10000.dot 14754556884 1.29128620003276 0.983785536448623 36 16.1827837569723 0.0218607876277834 26.656715819 136114285.57416 1.1784535608761 0.729519852586901 36 6.96015635343123 0.0549943156095166 136545707.722274 16.472797708 136548255.286564
1 eager_30000.dot 14754556884 1.20741249683164 0.982461545974763 36 12.1305680309399 0.0135370430710801 154.134049782 379716492.249535 1.11803911626623 0.669371928627297 36 6.21682100373841 0.033363718425973 372027102.886884 222.894150725996 372036913.035157
1 methylseq_8000.dot 6761426956 1.10947654003209 1.78699491782533 36 19.9378876460146 0.000221777649784905 33.145910254 119054783.542709 1.09471773360662 1.77364510782473 36 22.3166672438717 0.0233801757455626 134535029.804096 12.221591567 134535954.146159
1 atacseq_10000.dot 11809629756 1.09031134665542 0.665028625509063 36 2.29252765272867 0.0171910312953441 11.0253049540001 112628616.532086 1.07190070187975 0.743127050296162 36 3.49952710118492 0.0391688139284878 129861804.094401 8.41298181399998 129952167.927211
1 eager_20000.dot 19132169434 1.23937614570414 1.01225340850621 36 15.6111394510839 0.0213954381425526 80.5581257649999 284405731.628637 1.13802320673004 0.743569933123453 36 8.36706730513214 0.0528883457961143 295624580.926709 74.4536022309991 295629599.99495
1 eager_200.dot 19075314980 1.91591591591592 1.23824914150951 12 81.5045115724625 2.18578197269569 0.13117301 8611553.13898282 1.8971124971125 2.43197224826561 23 112.631619496217 3.89494542290828 7935502.99805286 0.019281112 7939753.18366211
1 eager_20000.dot 14754556884 1.16831412822722 0.979993374710141 36 14.9751549711074 0.0167109519004421 80.5140667659996 256864994.361974 1.15062927449347 0.652290830579554 36 6.1360224765027 0.0553577689120796 279480549.140055 100.460340107 279507735.266992
1 chipseq 4807293396 1.8125 1.09423812976061 5 7.64748192803583 7.64748192803583 0.005706551 1393612.24067902 1.66666666666667 1.59063970838652 7 6.04845650662467 6.04845650662467 1445344.43778171 0.000591343 1409641.7293442
1 eager_15000.dot 8330435694 1.25921106674748 0.92139783703212 36 9.74586418895308 0.0434644417012352 55.3643176130001 86255957.7674927 1.25859817662187 0.312812732954507 36 1.36446810627502 0.0720266323535993 92543248.1934878 53.8153157039995 92552434.895718
1 methylseq_10000.dot 6761426956 1.10227900684085 1.79251166389942 36 20.22360414165 1.7897514217036e-05 58.4331477459999 148930007.709167 1.09945724321476 1.77189725083705 36 22.2231334613056 0.0229958338619741 170757223.054263 20.08386423 170757708.353955
1 methylseq_1000.dot 22500260922 1.35849748199146 1.24070994666466 36 21.9261394501716 0.00512453004388603 0.518609277 37467417.7040614 1.11479250334672 1.24563267682278 36 23.5735035128877 0.0684627684915826 48709892.6856251 0.13120706 48711909.0069162
1 methylseq_8000.dot 22500260922 1.11724422835534 1.23059750222486 36 13.5116421297387 4.37380228550923e-05 26.03241169 281336013.35428 1.08112676168232 1.21467063125594 36 13.5057886207459 0.0144013796838771 300547637.267851 9.54226916900003 300548624.809716
1 methylseq_25000.dot 8885797810 1.11403284843038 1.80994667507591 36 21.2394983552195 7.66550295906397e-06 477.228154912001 484735536.908573 1.09972071721955 1.80115686908298 36 23.7899553973441 0.0227296162019721 553419260.882384 218.021066646002 553419756.373681
1 atacseq_1000.dot 2223941232 1.13397521922522 0.396794185763935 36 0.853325593260373 0.0180459494350169 0.473626173999999 4002881.2981117 1.06309594572095 0.215525941793327 36 0.605663794519976 0.0242860120185907 3968263.90277105 0.091954052 4055536.3971345
1 atacseq_4000.dot 3908761308 1.08370941509097 0.195560252106011 36 0.401205479724631 0.0244173009114675 3.035870707 25919948.7896274 1.06318449448315 0.263323172057434 36 0.782865899717598 0.0628225986643773 31914023.3217212 1.150756192 32128450.3032494
1 chipseq_10000.dot 3793245764 1.11529847032667 0.202142609878262 36 0.366397662847101 0.0223193970455066 7.75602430699999 95625345.8937499 1.11061909581647 0.302854126036876 36 0.971362635607145 0.050690966283976 125070757.292416 7.35017495400003 125371714.058007
1 eager_1000.dot 19132169434 1.38785011689424 1.74038631572781 36 46.3592553681224 0.10065836060547 1.06714838 24397795.4642163 1.35654892934305 1.14017990076002 36 12.1317835359193 0.105803114350194 19464057.5265218 0.212873316 19463647.6579592
1 methylseq_20000.dot 17027257018 1.44216813709613 1.87161769412593 36 9.29669468084036 1.68148042442035e-05 163.353737539 695504458.695361 1.0951388491905 1.78054403009895 36 23.9383894269041 0.0334579579658037 727008982.715193 125.757592854999 727011085.932315
1 eager_8000.dot 25705994498 1.28150218873643 1.2880081489903 36 21.5939573940534 0.0348784913812192 17.998970155 173751974.659269 1.14270193815085 0.801011629125959 36 6.67728064370817 0.0424477612507938 158555188.333158 6.76468511200008 158567618.788457
1 methylseq_2000.dot 17027257018 1.50995250844648 1.91248067498332 36 6.95186289090603 0.000568640057773629 1.340273583 70134022.8985628 1.11222668451584 1.83518305726607 36 29.81339615458 0.0399772823342379 77878181.7189375 0.571138096000001 77880584.9007985
1 methylseq_4000.dot 6761426956 1.13530594086149 1.7905134827841 36 20.0975168861876 5.41221445780388e-05 7.317634961 59530820.6972331 1.08310691644025 1.73066585146242 36 21.0344514591104 0.0238516758695316 67068838.993495 2.48847505699999 67069983.9974458
1 chipseq_8000.dot 4807293396 1.08945878768567 0.398239658654984 36 0.944488440950299 0.034275571485696 5.67031974599998 67493767.9646791 1.08912542851611 0.55610209535066 36 1.94059925113685 0.0639382966649821 88298337.7146644 5.72810026099999 88359848.1483497
1 methylseq_20000.dot 6273818718 1.11812899763083 1.21531063839778 36 12.269798982072 1.12829856191435e-05 252.750214196999 232175762.722122 1.08279661070781 1.19338743270442 36 12.8251393122345 0.0279846488276461 264754562.099808 106.886173549 264755236.726185
1 eager_4000.dot 19100037384 1.32876653118325 1.06765022475268 36 19.661108820241 0.0527351743467859 6.32818760700002 65753412.9093187 1.18824817085526 0.814644404296479 36 7.32758838316784 0.0517001307939199 57377348.2192846 1.923000575 57382341.9890945
1 methylseq_20000.dot 22500260922 1.10515952412714 1.23173216632028 36 13.5298786737202 1.39231253601779e-06 189.784566598 702699124.578085 1.08059652432405 1.21799012001261 36 13.7232987920551 0.0156062892444396 757480033.86626 102.077531092 757482229.387695
1 eager_2000.dot 14754556884 1.3300089445178 1.2076818810545 36 34.2369673653976 0.0503536881543885 2.389170979 33432040.9015553 1.28887508005155 0.786406458949422 36 6.05047645569002 0.0565741331894294 26270748.7889708 0.674387053000002 33424352.421506
1 atacseq_20000.dot 11187378708 1.08590357357984 0.647833664096791 36 2.12455247011334 0.0136680540154169 36.6288031289999 241279300.958588 1.06518355570262 0.727432474754284 36 3.23404629065871 0.0334828086710056 278313086.701371 37.4143500280002 278350890.07227
1 methylseq_4000.dot 22500260922 1.13876574987686 1.23419891642494 36 13.8521341557565 0.00132316548693555 5.04510987300001 142848530.016762 1.08112080334302 1.21121543479658 36 14.6126564918267 0.0276476138834063 164210803.397283 2.07752467200001 164212880.538954
1 atacseq_15000.dot 2223941232 1.07582635213752 0.0757427930246545 36 0.140110909799435 0.0246233547994161 22.418230772 55171274.9777683 1.06719970456039 0.119668044207405 36 0.409196965471115 0.0618964158731464 64788906.8664051 18.6183451179999 64940683.5589861
1 atacseq_8000.dot 2223941232 1.08475133002393 0.0765950918968908 36 0.138087261294762 0.0211105275005056 8.05458726499999 29337059.6090142 1.06305238945125 0.125033591581447 36 0.421688635074798 0.0485367859978746 33827993.5754486 5.24744576499999 33854026.7230974
1 chipseq_200.dot 41366257414 1.1563659554731 0.805308439945108 18 3.24524826652297 -0.0241536115233868 0.046578262 17704034.8830111 1.09131493506494 0.86851513012209 36 3.56801332119806 0.0247219938203887 18283464.2264904 0.003585886 19572195.6299659
1 eager_200.dot 19132169434 1.93468468468468 1.45595305817653 12 101.066796181541 7.24031023525546 0.128794504 8538745.72389178 2.50675675675676 2.04464204611787 19 47.6081629321197 1.3239551519088 5362342.39954158 0.018015348 4893529.2718612
1 chipseq_25000.dot 4807293396 1.0883522550189 0.393074935770049 36 0.92221367669539 0.034778103806598 32.7079772330001 212722680.610609 1.09478138644803 0.519766274521171 36 1.85753408945331 0.0693411651489835 276028795.760347 71.0963067849994 276130478.513681
1 atacseq_4000.dot 2223941232 1.09645257304211 0.102798464512611 36 0.178289048224032 0.0165774226585474 3.322997392 14611055.4061691 1.06868038907939 0.127661252992974 36 0.418692797524621 0.0555222525997873 17463857.0300888 1.166713253 17673778.8425925
1 chipseq_10000.dot 41366257414 1.10557422423025 0.874469338522 36 3.7176542298462 0.00121891011209189 5.584820856 966589122.434458 1.09196498728924 0.808473892778516 36 3.47409486483478 0.0154543168095694 1027894366.88739 1.47774201899999 1029820677.87792
1 chipseq_4000.dot 4605965334 1.11317145249928 0.317629915412691 36 0.640212799820281 0.0253521566901347 2.201984264 38703684.0814095 1.09433402682223 0.403254076242837 36 1.28858398871278 0.0593965154282506 49620750.4935518 1.169239336 49691469.4991924
1 atacseq_10000.dot 2223941232 1.08459286311711 0.0707567413379597 36 0.135079734654862 0.0219158945847572 11.245848579 36551377.8841557 1.06725242145668 0.117541166653292 36 0.426418131222809 0.0600415232146394 44177214.4432145 7.49546108400003 44257074.4635022
1 chipseq_25000.dot 3793245764 1.10227210748042 0.261939952740503 36 0.524161476816128 0.0201110227207804 28.8284513280001 258684610.252406 1.11483540650205 0.331170260650728 36 1.06824086962795 0.0455467343905577 322749159.019876 57.9303958269993 322822822.836481
1 methylseq_25000.dot 17027257018 1.44319472067913 1.86970261193454 36 9.46777190784657 0.00011924626505321 280.460297520999 870538968.639599 1.10297647623623 1.79868047443346 36 24.6250262702509 0.0298758490834629 888350136.375655 226.264651563 888350889.25899
1 eager_30000.dot 19132169434 1.1857228020614 0.962046362004279 36 11.9181044014072 0.0212071164998436 166.867849207 412359380.68168 1.11952787749726 0.769669053104389 36 6.97680912560103 0.0449038693439655 427638872.813035 223.345947533998 427643088.55707
1 eager_2000.dot 8330435694 1.30136615724851 1.22293761082769 36 21.4730975446255 0.0930955141369423 2.485176273 16571897.3452433 1.25609647695209 0.754719527003189 36 4.54858809235569 0.0934757157190804 14361732.9752547 0.641221477 14879507.8792515
1 chipseq_30000.dot 5058052541 1.11062597744206 0.382151937699284 36 0.862989406798838 0.0328085593680568 52.1450196220003 307102657.61815 1.10973951854372 0.469650912640537 36 1.69890514317237 0.0810088435199771 403126456.975156 105.914671335001 403286319.969697
1 methylseq_4000.dot 11897958606 1.47721133832245 1.87675327052058 36 7.51684470923493 0.000676442450822254 4.58139101699999 115668137.027904 1.08098574765241 1.78605431256312 36 24.5132051582442 0.0305248403436378 119481845.269787 2.410893176 119482182.745575
1 chipseq_4000.dot 4807293396 1.08029480346697 0.3715620502113 36 0.859406943657315 0.0337315603022997 2.47456440599999 32993483.216872 1.09020117068466 0.533363715783442 36 1.81772439422114 0.0667364306194131 42408175.6000978 1.324241083 42462266.2313945
1 eager_200.dot 14754556884 1.97432432432432 1.25644670264162 12 93.7876183135539 16.3579035878405 0.137285336 9118822.2722516 1.85989625989626 2.62736147490846 28 73.7036138847204 2.39924748244562 7362418.0416116 0.023326236 7365067.67126502
1 methylseq_15000.dot 22500260922 1.12977683734291 1.23331603210052 36 13.6698576543304 3.14515577989986e-06 114.32502938 526886459.953435 1.07990837114139 1.22286335236121 36 13.9565366233104 0.012332969986005 556819437.175262 45.1658812490002 556820528.997872
1 chipseq_20000.dot 32978181418 1.1265778508621 1.20893655254 36 8.89432552173514 0.00203863256482422 20.586991558 1704550376.72813 1.10450143827801 1.02213222678448 36 6.60490554694328 0.0252081008398924 1697955764.84283 6.173063222 1697954855.52038
1 methylseq_2000.dot 6273818718 1.16100114744693 1.21456769848474 36 12.6505928412216 0.00148759386970541 1.55701386 23585220.1643869 1.07865589341493 1.20717117340023 36 16.6304346054739 0.0669748373255429 30535519.8836712 0.491851913000001 30535909.2428089
1 methylseq_1000.dot 17027257018 1.47448524255753 1.9422018337643 36 5.39513297375816 0.00296651537906842 0.510921976 35326871.8934101 1.12159750111557 1.829714288324 36 39.3061050450095 0.0471612417037009 36838311.6079296 0.155090102 36839637.1320713
1 eager_25000.dot 19100037384 1.22659685290275 0.958443220732251 36 12.8705469067855 0.0219792961709233 204.425272839 350545523.855819 1.12164445151732 0.746035516608461 36 6.18970330297277 0.0468245655477267 354400147.952678 144.041695515 354414226.361634
1 chipseq_8000.dot 4605965334 1.10224817958949 0.316665690754479 36 0.648309921674021 0.0263612592632995 5.360105339 78618352.4296814 1.11316230791153 0.399189427158696 36 1.24780533817065 0.0590430538403693 101139040.164242 4.45725730700001 101233977.321851
1 atacseq_2000.dot 2223941232 1.11319412157431 0.199418056107757 36 0.306924082151166 0.0140780778896697 1.209611237 7441568.23660849 1.05796885936376 0.113350209987089 36 0.436883454391231 0.0423935044698154 8484955.85477845 0.341232445000001 8642436.20072673
1 methylseq_200.dot 6273818718 1.87896825396825 1.74251694625244 28 3.23997592671302 0.0217490912683453 0.074439148 3036681.16826414 1.28000992063492 2.0318751299069 36 670.261815071277 0.066198113118018 3594953.06274101 0.00922494199999999 3595210.17887769
1 atacseq_8000.dot 11187378708 1.08863215912894 0.648437561452395 36 2.11028982395912 0.0130969667243078 8.30691294999999 95958934.0354358 1.06071264433532 0.694452770930141 36 3.1578181963864 0.0435819020715211 116806453.432392 4.94877405400003 116856270.558643
1 methylseq 8885797810 1.83333333333333 1.57313369326144 4 161.716407439087 161.716407439087 0.003131447 1235883.15435946 3.11111111111111 1.47468899047433 4 1.62571785392822 1.62571785392822 1401895.6 0.000267274 1236414.77382308
1 methylseq_10000.dot 22500260922 1.12115163525729 1.23229765025286 36 13.5897366214562 0.000647841610903806 41.1833230260001 352453512.624896 1.07644168778624 1.22059166126323 36 13.4194451919506 0.00884430634478977 364403778.639467 16.5728077839999 364404307.307558
1 methylseq_1000.dot 6761426956 1.35285586791611 1.83580592977477 36 29.961335659455 0.00137229812458309 0.522189851000001 15161615.8985991 1.11632243258749 1.79103903900681 36 28.2577742909593 0.0223863368951131 16395361.5630529 0.155035273 16395531.7833349
1 chipseq_2000.dot 3793245764 1.08639330079204 0.290926082639981 36 0.558562128340051 0.0187778489853718 0.922753696999999 19964325.6796355 1.10716953141795 0.271458732622285 36 0.906121190516878 0.0495010468334805 23614059.9871124 0.336132305999999 23674841.0190675
1 methylseq_25000.dot 22500260922 1.13241737725658 1.23387675735615 36 13.7237894284423 -1.10749234294341e-05 389.572845654 879010008.127639 1.07608963465904 1.21578026948475 36 13.605596456788 0.0171159362447551 940150058.770193 163.868953525 940150594.150162
1 chipseq_30000.dot 3793245764 1.10156389082837 0.259015820784985 36 0.52622412208662 0.020687519654878 41.4326341620002 309391912.273201 1.10724664201519 0.334920893169805 36 1.06320277924474 0.0519085455017739 397362863.635232 85.3758667299993 397554435.244069
1 methylseq_1000.dot 8885797810 1.27597692356728 1.85327450823251 36 30.0351277656234 0.00289184431171781 0.511514508 19801413.3247625 1.09461656148403 1.84474641018658 36 37.1129989069207 0.0219290628640494 21943474.1505663 0.1508552 21943521.2521199
1 eager 19132169434 1.87612612612613 1.70617363217745 8 36.1006834715036 28.7051057556214 0.036973207 6193060.70248957 2.61261261261261 2.8457404987414 11 190.772135229525 75.563802168988 5082490.80517568 0.004708323 4060702.21439002
1 methylseq_10000.dot 17027257018 1.46094628327521 1.87337277665739 36 8.89654081017174 0.000215326144771734 33.201162579 348316065.041741 1.10080063771542 1.79799856290746 36 24.760164451312 0.0295191325521947 355066975.866125 20.7749400419998 355068398.954056
1 eager_200.dot 8330435694 1.91016731016731 1.52979369276685 12 52.6142457822884 7.44949178780961 0.137426507 4251746.92734803 2.1048642048642 2.4838195448313 26 63.4602007185891 1.92941864145464 3353117.4482473 0.019614371 3251445.91105384
1 chipseq_10000.dot 4807293396 1.09384806400784 0.407271081993784 36 0.973521459740595 0.0355716271490534 7.72524776599999 84646745.4064733 1.0936864018396 0.573760589667139 36 2.05605727032479 0.0628405048364159 111235153.213765 9.37239580999995 111300703.055875
