algo_nr wf_name inp_size avg_spread_dyn cv_proc_load_dyn num_used_procs_dyn idle_to_work_dyn idle_to_work_30s_dyn dur_alg1 ms_1 avg_spread_stat cv_proc_load_stat num_used_procs_stat idle_to_work_stat idle_to_work_30s_stat ms_perc dur_alg2 ms_2
1 atacseq_30000.dot 14091675276 1.09979195215537 0.983585216972024 36 10.9288177921997 0.145191163630338 26.5274921280001 1960448397.92617 1.05425127090727 0.790668745910615 36 11.9460506549792 0.330392680676885 2484587569.18585 45.9972249120004 2484587569.18585
1 chipseq_15000.dot 41366257414 1.10875369066102 1.08018219747173 36 7.9061954751646 0.0235953539854058 10.063345352 3447960336.01347 1.09103690202395 0.992813169383873 36 8.30756923669093 0.0761210417173171 3601959823.06186 3.59930589099999 3601959823.06186
1 methylseq_15000.dot 6761426956 1.39260403031421 1.78139085959763 36 35.2764313048556 0.117532025040364 117.947228179 380658922.71628 1.09597519285272 1.77510277623173 36 57.8988239198758 0.319547584889283 650066902.4583 58.5609204440002 650066902.4583
1 atacseq_15000.dot 3908761308 1.12015120719691 0.294539988748973 36 1.31251748315381 0.357307221165134 13.165109003 281628837.074975 1.05904251002576 0.311600944252095 36 3.08577748353671 0.558775490011601 396064070.430435 14.966857284 396064070.430435
1 eager 19075314980 2.56981981981982 2.52554028836838 8 59.2587451836096 59.2587451836096 0.036749076 6565855.37242433 2.66924066924067 2.62309219574233 9 235.792455545578 204.588922040383 6621707.17758513 0.004677791 6621707.17758513
1 eager_1000.dot 25705994498 1.5258994946495 1.80971060188167 36 173.065794841957 0.161554935827619 0.956520225 50708719.2956777 1.34575218600954 1.09547808791365 36 43.3680753855465 0.227714015773551 39367454.3166158 0.190602671 39367454.3166158
1 eager_20000.dot 8330435694 1.22635025930457 0.780157982871375 36 20.1953664214442 0.399815636737812 98.3955944169997 418884004.005069 1.15558824651466 0.297343161422014 36 6.52025761426925 0.62057149118526 434437581.060521 93.7942755549995 434437581.060521
1 eager_25000.dot 14754556884 1.22409647774245 1.08757838266369 36 22.539851543619 0.131891836701366 118.894821270999 683629235.212812 1.10957871540837 0.773534439963707 36 12.2813013479503 0.179975833200876 696388071.588678 130.889405198001 696388071.588678
1 methylseq_1000.dot 110641579976 1.31766749537834 2.06334724556151 36 684.990486043542 0.0013794294521618 0.529544979 452936639.400813 1.18102569006183 2.026807692134 36 102.124539734923 0.0086460157788828 442586298.654927 0.121373965 442586298.654927
1 chipseq_200.dot 5058052541 1.92559523809524 1.13638698161805 14 4.00909478478586 1.0652057094113 0.056173637 7938119.27565636 1.55261479591837 1.44731761981283 30 6.28171671442049 0.189107146550306 4805028.35378432 0.00676270100000001 4805028.35378432
1 atacseq_30000.dot 11809629756 1.12445506806379 0.722345136880005 36 6.01010330379648 0.157934854869554 66.347346113 914242580.350984 1.05434710422782 0.71596709819754 36 8.99553362619712 0.32137610067116 1250573977.48259 76.5178130879999 1250573977.48259
1 methylseq_1000.dot 6273818718 1.33438515968636 1.28412631130607 36 30.1907335770826 0.099872707013916 0.521791726 18359211.125156 1.23517881048002 1.24048655806991 36 21.0662813160167 0.142088154259889 21054963.7685637 0.131403703 21054963.7685637
1 chipseq_4000.dot 41366257414 1.10500064008318 1.06121099709726 36 6.6247332134314 0.0180226605337201 1.594637586 898618498.121168 1.10312034663449 0.984495187184059 36 8.32981770683521 0.075618983442565 946859571.397806 0.300587934 946859571.397806
1 atacseq_2000.dot 14091675276 1.1093273828568 1.04982546451047 36 8.30970914506148 0.215621936585545 0.741689756 139551904.599653 1.05062342328418 0.708496897786099 36 11.8199377949388 0.318699723935756 149522549.162936 0.185511329 149522549.162936
1 atacseq_1000.dot 11809629756 1.20577952602953 1.25820579754408 36 8.91002641104234 0.128802286218797 0.453357555000001 26996181.2780071 1.09963907742584 0.790812966654721 36 8.346666824052 0.229745542333692 31052545.8089409 0.0880351940000001 31052545.8089409
1 methylseq_200.dot 17027257018 1.72676917989418 1.80276564674728 28 8.24166055582289 0.153056801583879 0.072318967 16006553.4523115 1.82589285714286 2.00219736495651 36 328.910474593102 0.242368729850872 13857943.0918712 0.007784713 13857943.0918712
1 methylseq_30000.dot 110641579976 1.09250790263199 2.01672709946867 36 45.9595813279855 4.25709970078039e-05 585.735616586998 13248228412.6773 1.08329204697755 2.00693200459417 36 45.8647687801058 0.0076833906412257 13234631153.5865 243.052739379002 13234631153.5865
1 methylseq_8000.dot 110641579976 1.10371085371085 2.01750876550929 36 46.0538979211704 0.000165976237549011 26.748387828 3538063853.09369 1.08079309468198 2.00872278699384 36 46.3055134167964 0.00767064170210548 3527223603.67268 8.64192226399999 3527223603.67268
1 methylseq_20000.dot 6761426956 1.38569634202889 1.81356087233298 36 11.816124524384 0.117815414021905 185.586663934001 507738038.755298 1.10100627552612 1.77828757743168 36 59.401642010808 0.326674950221467 880513781.956543 120.711425901 880513781.956543
1 atacseq_8000.dot 3908761308 1.12498106017475 0.322896630294967 36 1.5416254090254 0.370756947228098 5.747265815 148465887.047128 1.05765062681222 0.32178024353325 36 2.9877603744847 0.575881699336204 201811696.695082 3.73131319500001 201811696.695082
1 methylseq_8000.dot 17027257018 1.39821766210655 1.96846835365055 36 9.63218162069983 0.10336585792741 22.3567679650001 623114618.852522 1.09265217598551 1.78680470400682 36 74.0673245182545 0.430158775061395 869312630.652934 12.085144994 869312630.652934
1 atacseq_10000.dot 14091675276 1.10555114657755 1.05016120624377 36 13.756828986247 0.218112993128759 5.68399244099999 701762361.257019 1.04707448927134 0.751444287637459 36 12.101765368833 0.324081023841595 810568711.289799 3.661103167 810568711.289799
1 atacseq_20000.dot 11809629756 1.1191142217976 0.708080289736888 36 5.93681362997201 0.158443233998545 34.3874609260001 604412009.684869 1.05854927529874 0.723255934207822 36 9.40271666723622 0.287577567946321 840610782.233649 30.2547405289999 840610782.233649
1 atacseq_30000.dot 3908761308 1.1078122817734 0.277442815060029 36 1.22240625268785 0.382333149568474 37.253627862 562267178.309895 1.05535591049843 0.284333778851054 36 2.9873785447034 0.522205595941005 810864722.341175 69.0773831930003 810864722.341175
1 eager_2000.dot 25705994498 1.4302165624147 1.14291744681496 36 63.9458273633914 0.179644147012908 2.340876191 93109423.0333022 1.16018793309815 0.853216326327123 36 26.3117883036092 0.23001766243207 85371965.0642166 0.441026694999999 85371965.0642166
1 eager_1000.dot 14754556884 1.55524534587035 2.16835441166662 36 123.787810430815 0.16783779811682 1.331922944 39499347.8277205 1.43441284052739 1.1644726474816 36 20.8869242343792 0.0893003139828385 22085585.5933468 0.210547271999999 22085585.5933468
1 atacseq_30000.dot 11187378708 1.13023448083926 0.699614190659351 36 5.13965006822104 0.138722561811984 65.2977104129997 912915277.927878 1.05616238411121 0.741749142271118 36 8.07887823285021 0.2440354073511 1270770807.70473 76.4627184869999 1270770807.70473
1 methylseq_10000.dot 8885797810 1.29326174914411 1.7981381855982 36 41.3625053545483 0.152252761798527 47.1720526680001 371950322.035699 1.10063549229217 1.79991559956674 36 60.7800374020053 0.310190463125149 557548090.257807 20.517996142 557548090.257807
1 atacseq_4000.dot 11809629756 1.12978700534749 0.823066699539794 36 7.21130152885365 0.148848644093652 3.073378078 117787490.132327 1.05925567314696 0.695588376097489 36 10.0544689179207 0.302057887677185 157462586.8911 1.074498797 157462586.8911
1 atacseq_1000.dot 14091675276 1.12651986901987 1.01803753189614 36 8.16790895057841 0.162894112655941 0.333637709 63716461.392345 1.07966033966034 0.72972980126588 36 9.85127323009416 0.28179433481545 67001049.2522071 0.0688217310000001 67001049.2522071
1 methylseq_4000.dot 6273818718 1.1714373103262 1.30859729111312 36 18.6769878755194 0.143204632246772 5.95760160700001 81101682.6561138 1.09970684970685 1.33040878848275 36 25.443843881939 0.251216766992355 102626002.324277 2.050591117 102626002.324277
1 chipseq_1000.dot 4605965334 1.13269716394716 0.745741069977398 36 4.85018973154411 0.258697893217654 0.486571705999999 32105299.7462374 1.08019838067915 0.469875907111481 36 4.92315301410862 0.437050328307037 36167454.4791631 0.106015837 36167454.4791631
1 atacseq_200.dot 11809629756 1.44801587301587 1.26916724041035 17 4.25963955114919 0.294224152847861 0.06360532 3996263.28996704 1.3214417989418 1.32815563391525 27 6.95126493737808 0.0958300463668572 2850992.20637602 0.00727873 2850992.20637602
1 eager_8000.dot 19075314980 1.28804531195654 1.11072186441212 36 35.930253991721 0.147429875976692 17.48280372 272081590.788242 1.13423270375798 0.83974439329698 36 15.6894691582755 0.202829059559435 259808707.188658 8.08480975400005 259808707.188658
1 methylseq_10000.dot 110641579976 1.12527074321793 2.01702478364958 36 45.9963154334479 0.000136341482387713 47.1538784669999 4424456302.1191 1.07731028919506 2.00517201267914 36 45.5197289893606 0.00777470914513414 4414153123.28238 14.1131660420001 4414153123.28238
1 methylseq_2000.dot 22500260922 1.25701217568687 1.27107813013937 36 17.8955593242487 0.00087423630882717 1.419610756 94407727.0504904 1.12680882259195 1.26029979370796 36 19.0496726676515 0.0409254397880568 100572094.303098 0.530632886000001 100572094.303098
1 chipseq_200.dot 32978181418 1.33620323129252 1.10664129001747 15 13.7702445133338 0.174719811379366 0.047864448 39279901.6354156 1.12736742424242 1.56764479186157 30 11.5033395812804 0.0695074390252989 33011030.8159248 0.00428183 33011030.8159248
1 chipseq_2000.dot 4605965334 1.11524571156691 0.500326385814805 36 2.97624775755223 0.383475141428983 0.887890407999998 64271210.4456859 1.10762971206009 0.42876024086286 36 4.68399366275211 0.5382842006715 82458676.2478865 0.346030966000001 82458676.2478865
1 methylseq_30000.dot 8885797810 1.38182733410822 1.79129423998713 36 37.4186601363445 0.120489538124728 581.685197164999 1001287014.34549 1.09540218203687 1.80146674378728 36 64.7962882449029 0.338202833330317 1763863997.45568 353.628591632997 1763863997.45568
1 eager_20000.dot 19075314980 1.27057956072698 1.15414011372672 36 26.3686640037588 0.148322711657355 92.4151305070006 683617078.249544 1.11576401820232 0.855598879776866 36 15.8076864902262 0.207289059517686 666282420.64428 70.4801740140013 666282420.64428
1 atacseq_8000.dot 11809629756 1.12384738133035 0.746668026651618 36 6.33970145242216 0.155341578280623 8.415768006 240924513.452237 1.05881375592101 0.735735783457236 36 10.3080164018374 0.312971046010604 325997601.159123 4.22001185999999 325997601.159123
1 eager_30000.dot 19100037384 1.19364588603569 1.17297327649302 36 30.6511012683292 0.168262510936366 199.727582536999 1033808254.31346 1.10561727891235 0.829629952378717 36 14.7918783701478 0.213568240964712 1005500835.2855 201.883407145 1005500835.2855
1 chipseq_200.dot 4807293396 1.8735119047619 1.09909356162058 14 4.27655873741216 0.922695444680554 0.05573652 7093437.36381893 1.62701955782313 1.49405116892321 27 5.07880383932898 0.219920643805856 4155616.34592412 0.006962635 4155616.34592412
1 chipseq_200.dot 3793245764 1.53231292517007 0.864311246089754 14 2.11066218153603 0.367753061253203 0.060060346 4022244.55930981 1.25361394557823 1.09130824787172 31 2.44691566324088 0.0556618535447843 3352681.18280059 0.007096466 3352681.18280059
1 eager_8000.dot 19132169434 1.28806642224597 1.12675806843801 36 29.8078916251388 0.130479284304419 16.610382863 265577305.260447 1.14064050594494 0.839965831184061 36 15.7646740826426 0.205018933660144 258792930.519149 8.308881983 258792930.519149
1 atacseq_10000.dot 11187378708 1.12118082756152 0.710174371804954 36 5.30265572553046 0.141929644798021 11.711760801 299046492.436503 1.06046242743165 0.759778254109277 36 9.00342234013618 0.255672238383235 413677937.742733 6.83985089499999 413677937.742733
1 chipseq_20000.dot 4807293396 1.14233346961755 0.50696395951584 36 3.42175076672885 0.376497804077494 22.071093593 649874959.897054 1.08062724978398 0.582525422019927 36 7.7110534119301 0.713245091992045 912346737.476679 39.53271508 912346737.476679
1 chipseq_10000.dot 5058052541 1.1813908731202 0.634082984083574 36 3.3492905949775 0.409666870863449 7.030678963 376750958.17364 1.10222018739406 0.557334601204013 36 7.11900040405283 0.657095447970837 510382771.614667 8.32731179600005 510382771.614667
1 atacseq_4000.dot 11187378708 1.12624357212376 0.792383619663744 36 6.12962686019723 0.130443090371395 3.030896389 117797473.265352 1.05872893113017 0.680575338020712 36 8.27891916162578 0.254661213139594 153674131.826373 1.095000425 153674131.826373
1 chipseq_4000.dot 32978181418 1.14343099248759 1.37112599166819 36 12.2264995985265 0.0325927597218231 1.581707203 935882823.986589 1.0770502427342 1.13401794838507 36 15.1439917639979 0.127814235131549 947922417.338234 0.293135050999999 947922417.338234
1 eager_4000.dot 19075314980 1.37211949219251 1.15741519110945 36 40.026279037389 0.131859435149251 6.00721057299999 132950423.184167 1.17097170411019 0.984870330882041 36 23.0255056062521 0.182530649111864 129185608.343424 1.97167004799999 129185608.343424
1 methylseq_4000.dot 17027257018 1.5037895037895 1.96924281189633 36 9.89922661165749 0.105106567348161 5.03890534500001 314213577.7681 1.11827700716589 1.80414536270988 36 75.7530249963634 0.418362020234973 431375520.165031 2.57793621899999 431375520.165031
1 chipseq_1000.dot 41366257414 1.08957282034205 1.0652874906288 36 6.70974772754903 0.0183839526503231 0.327904853 216469743.129241 1.08723888291196 0.996701839955939 36 8.07350811302669 0.0710522682597855 225811853.858503 0.037958791 225811853.858503
1 atacseq_10000.dot 3908761308 1.12064881028792 0.313514438845877 36 1.49137257625123 0.367859108618035 8.04194399399998 188144402.18345 1.06231731356603 0.328524561687118 36 2.90718330417757 0.591016337380174 254450370.452475 5.80682203800002 254450370.452475
1 eager_1000.dot 19100037384 1.6734066046566 1.78486840222483 36 128.003211400891 0.168670668116487 1.270743666 45394468.653443 1.56001555247879 1.22826570453471 36 28.2479612989561 0.101463459875119 26485492.6875657 0.19390383 26485492.6875657
1 eager_25000.dot 25705994498 1.23970696214289 1.00166220425425 36 40.3914153481459 0.190579996427492 230.272381574999 1180909454.80624 1.10027034214835 0.787606850936069 36 16.019812331568 0.237706998826677 1140526391.71396 104.782693219 1140526391.71396
1 chipseq_25000.dot 41366257414 1.06672772818604 1.11109518096983 36 9.28624526621779 0.0254451627333381 29.8775777300001 5833456420.58272 1.09654885175717 0.993472509908758 36 7.84262400543739 0.0757629843631745 6030892163.81573 10.9098508979999 6030892163.81573
1 methylseq_15000.dot 11897958606 1.43642533074079 1.96089615565756 36 9.17749873307751 0.0805232017440798 93.3873194319999 891897538.870004 1.0879762010667 1.80048317678488 36 64.5467658233231 0.338671386271063 1156883210.31464 56.9400174429998 1156883210.31464
1 atacseq_30000.dot 2223941232 1.11313143264804 0.251938647854582 36 1.11235060291165 0.335174716515834 53.8446472199998 341375595.643631 1.05963750763672 0.245396304354343 36 2.04692928755946 0.531796872932696 449384912.229534 63.07953077 449384912.229534
1 methylseq_1000.dot 11897958606 1.61340600497227 2.01714886236221 36 8.42578995344293 0.0811399978272888 0.542585924 59855926.5918693 1.14215592528846 1.82243642524251 36 65.6323513421939 0.306579724327119 73957398.1384179 0.156529025 73957398.1384179
1 atacseq_2000.dot 3908761308 1.1579265120319 0.562807376015922 36 3.23180155631016 0.287103326303975 1.172510593 35589274.9496284 1.0772824003072 0.314177051940542 36 3.36025570958371 0.465721229532811 44148030.1195968 0.323651383999999 44148030.1195968
1 methylseq 11897958606 2.83333333333333 1.5873381951677 4 116.886119467806 116.886119467806 0.003135677 1840539.78778188 2.83333333333333 1.84407275080525 5 1295.59586389898 1295.59586389898 1840539.7875 0.000267908 1840539.7875
1 chipseq_25000.dot 5058052541 1.18144119706618 0.632081047082228 36 3.18949561867018 0.421042357701398 27.762662751 933339741.001932 1.10000332396164 0.524542126153847 36 6.6889418650809 0.619676336320992 1281682315.50681 63.2482631200005 1281682315.50681
1 methylseq_15000.dot 110641579976 1.11340712781869 2.01687817324547 36 45.9800816774521 0.000121363109624552 132.327693824 6632338538.20157 1.06966419696607 2.00669181767055 36 45.8056889980018 0.00765862506191643 6613821161.21471 36.4165414830002 6613821161.21471
1 methylseq_15000.dot 17027257018 1.44638250282766 1.96361164921416 36 9.86436749164119 0.104398687094715 94.4614288270002 1173353852.10396 1.09156637479299 1.79399185958617 36 76.2181256097614 0.438185745842578 1642799233.30105 57.3144486909999 1642799233.30105
1 eager 14754556884 2.5036036036036 2.60736122176077 8 102.88639619804 91.8337466228768 0.037733531 6409330.50708503 2.66924066924067 2.62363749243095 9 136.559370463674 134.743266339826 5773304.72406634 0.004762765 5773304.72406634
1 chipseq_2000.dot 32978181418 1.22537325543655 1.32542214765251 36 11.658272133412 0.0291207388019289 0.703940553 450815061.145633 1.11803557729191 1.10789911440062 36 15.6691551676348 0.130463404307312 470890080.599494 0.0916310900000001 470890080.599494
1 eager_2000.dot 19100037384 1.45625771225264 1.30005882428665 36 87.1271093228561 0.129632613665299 2.576203633 71801198.0566137 1.2909212316333 0.984647471438818 36 31.7889154110548 0.157962980580269 59971815.3705184 0.594475793999998 59971815.3705184
1 atacseq_20000.dot 14091675276 1.09493167793481 0.942794488888923 36 9.2186176651839 0.155377334172129 14.446275938 1276572168.97335 1.05313457091409 0.775861841205428 36 11.8344382171639 0.328277398483929 1641611622.25103 17.6931043890001 1641611622.25103
1 atacseq_20000.dot 2223941232 1.12108487299598 0.265339898259147 36 1.20473769925557 0.345859001727057 29.6204662850001 224886920.693973 1.05781814327345 0.242443993984031 36 2.08964833638763 0.547135521892359 289283776.791513 26.5255664880001 289283776.791513
1 chipseq_2000.dot 5058052541 1.21385589621349 0.719017390043102 36 4.52103126823742 0.451523400922942 0.87824488 72301217.8701179 1.09890340408537 0.537517952517726 36 6.22564662885934 0.681918317914625 91835457.3715483 0.341549971 91835457.3715483
1 methylseq_20000.dot 11897958606 1.57905384375974 1.96201502529087 36 9.28830665048122 0.0804652208358084 200.084468523999 1188817910.17831 1.08948261844423 1.80019171642888 36 66.4600089507788 0.352356306608125 1585627080.9089 126.135809168 1585627080.9089
1 atacseq_25000.dot 14091675276 1.10602971871325 1.0325737107929 36 11.340446505384 0.223241779434967 21.140535696 1760726802.27621 1.0548765161917 0.776497681204061 36 11.7713168870991 0.327407559265157 2052839991.49158 29.7929102750002 2052839991.49158
1 atacseq_4000.dot 14091675276 1.10005921546254 0.964002115399329 36 13.785907856451 0.153659841242455 1.747946238 247768877.29166 1.0557752596788 0.730950350946467 36 12.0728889649522 0.310298678503009 318056849.684575 0.657042821999998 318056849.684575
1 eager_200.dot 25705994498 2.26396396396396 1.48640262190234 12 54.6759086614604 8.57429444155178 0.126753321 13470993.8847785 2.43449943449943 2.26908681194974 24 50.7030453320758 1.05874361316654 9063792.31491788 0.01433743 9063792.31491788
1 chipseq_15000.dot 4605965334 1.12055794268335 0.454735137597784 36 2.36902412685028 0.396923329976624 10.376977352 497733974.885581 1.10365519636177 0.507160287184583 36 5.96123789751104 0.500310871605735 704699987.315251 17.092656641 704699987.315251
1 atacseq_15000.dot 14091675276 1.1027262371917 1.00265863939293 36 12.2041981273793 0.13491701674456 9.87925076600002 974331092.884724 1.05210171847061 0.762611450937421 36 11.8786922611255 0.328623955936817 1225454924.60849 8.83092136899992 1225454924.60849
1 methylseq_200.dot 110641579976 1.71626984126984 1.83701324416718 28 1815.05433986299 0.0140492030114 0.072616254 100743003.328706 1.71023478835979 2.10908274757355 36 4926.82233069343 0.0118162333777717 87273951.5524369 0.00803326900000001 87273951.5524369
1 methylseq 6273818718 2.83333333333333 1.58134638827232 4 73.660273934109 73.660273934109 0.003172477 991875.362891611 2.83333333333333 1.83781418135881 5 966.152963524056 966.152963524056 991875.3625 0.000271336 991875.3625
1 atacseq_15000.dot 11187378708 1.11858419108676 0.676343879665489 36 5.01667869981062 0.139679687774086 22.7104872799999 446557706.737669 1.05733671687207 0.647142097720688 36 8.56507504960081 0.313020845033025 615109588.409206 16.13648647 615109588.409206
1 eager 25705994498 2.67927927927928 2.61235890935334 8 113.243611351402 113.243611351402 0.035411495 9583509.61277906 2.6036036036036 2.64756490657493 10 134.654103017001 132.751002352955 9063792.31491788 0.004699659 9063792.31491788
1 methylseq_4000.dot 8885797810 1.42488123043678 1.81892899604626 36 34.0859851544163 0.116399918829522 5.208062127 133061343.842387 1.09152803597248 1.79959171164539 36 58.8191401360217 0.296615925838353 218604473.325537 2.386542266 218604473.325537
1 methylseq_20000.dot 110641579976 1.09757712608856 2.0174501533275 36 46.1314208024789 7.35393828411325e-05 266.254289905999 8837826226.11065 1.08388434738978 2.00593026947432 36 45.6469005799817 0.00770693445973983 8824396375.28159 81.6403269410009 8824396375.28159
1 chipseq_2000.dot 41366257414 1.10079945107635 1.0763013525925 36 9.01284534574325 0.0179557615587249 0.730584053999999 445205467.720954 1.10419301162972 0.994972059297633 36 8.30316999350405 0.0740777139431074 466944578.534489 0.0995968270000002 466944578.534489
1 chipseq_15000.dot 32978181418 1.21872925697006 1.50259658745428 36 12.9750619555997 0.033618050074798 9.34003881800001 3586972249.07662 1.10382525793626 1.16823625272512 36 17.6736694876939 0.132374656274379 3634322611.98682 3.47418065000001 3634322611.98682
1 chipseq_8000.dot 5058052541 1.18621784432913 0.653087736831038 36 3.32624319797138 0.405398644100503 5.527675204 297901686.697223 1.10348518709608 0.573401600433543 36 6.63173206870686 0.634218509319129 396171694.759507 5.10760476000004 396171694.759507
1 methylseq_8000.dot 8885797810 1.3339331394887 1.80492557848853 36 36.6085175762846 0.118524851829861 29.991240641 266002035.126075 1.09247938414605 1.78577897527663 36 58.9702533053796 0.31217424251606 447243703.084751 11.7171539690001 447243703.084751
1 chipseq_8000.dot 41366257414 1.04606915093788 1.07868828346642 36 7.93524576247826 0.0195361328064799 4.003947048 1819273287.30774 1.09125880976391 0.999141650318687 36 8.59698047310432 0.0757326574997886 1908548878.50741 1.008454608 1908548878.50741
1 methylseq_8000.dot 6273818718 1.15594960039404 1.3185251689775 36 18.8570834272605 0.128846490606474 33.6817635759999 155736574.416054 1.08931153375598 1.36706647673435 36 27.5631481589594 0.288503609828695 216276841.233529 10.076773843 216276841.233529
1 eager_15000.dot 19100037384 1.27115652326219 1.12555221574792 36 29.078265152059 0.149073754407431 54.5088136780001 509214546.47705 1.12911938082156 0.82541346642169 36 14.6440544599501 0.210245199893696 499248302.855659 34.9080997859995 499248302.855659
1 chipseq_30000.dot 4807293396 1.13254491199653 0.495738494008405 36 3.27631281031451 0.36718435252329 45.4118348180001 986222822.221522 1.07870683927553 0.538232859198032 36 7.07805408264542 0.656984604042928 1394820740.93371 99.9552177269992 1394820740.93371
1 methylseq_30000.dot 6761426956 1.52629517415429 1.8099130802795 36 21.7892762453039 0.118199278144534 588.855532074001 762212105.933441 1.09938525674823 1.78313881221887 36 61.4202745581944 0.336385124468497 1347903890.30373 362.503992463002 1347903890.30373
1 chipseq_1000.dot 32978181418 1.1601614197768 1.48057753637323 36 37.5524427000136 0.0306245316181147 0.338412773999999 220698279.762721 1.09782952090644 1.13289794663438 36 14.4308342605269 0.119723809552344 223435195.845017 0.031075945 223435195.845017
1 chipseq_30000.dot 4605965334 1.1099223050719 0.473678033913259 36 2.38882648986369 0.370596443608534 27.2332114620001 1026205670.38678 1.09833855764057 0.578017111067797 36 6.31544633535641 0.419605478067579 1515996242.21398 85.2405690450002 1515996242.21398
1 methylseq_10000.dot 6273818718 1.24803413428865 1.32920205704989 36 19.3878975306182 0.140765690983569 48.331875905 200765838.772558 1.1041035461804 1.38775144852072 36 29.3453964300955 0.302879306136214 276803588.987311 17.6070428120002 276803588.987311
1 methylseq_25000.dot 6761426956 1.41016594401134 1.76595786642047 36 34.9432070856808 0.118013576863215 358.953542453999 635427705.139905 1.09692026914786 1.78171579439982 36 60.3661898676353 0.329757354147465 1108651442.01608 227.184665646997 1108651442.01608
1 chipseq_10000.dot 4605965334 1.13942773235537 0.439030217732294 36 2.25164874252133 0.389449257878187 5.961293167 334536181.83303 1.10279324893987 0.481395086124649 36 5.71413456552372 0.554527359090539 457125712.479741 6.67293241400003 457125712.479741
1 methylseq 22500260922 2.83333333333333 1.59122441607948 4 173.074918977779 173.074918977779 0.003166275 2993691.77409822 2.83333333333333 1.84814387085749 5 1291.44227179283 1291.44227179283 2993691.77384596 0.000272879 2993691.77384596
1 methylseq 110641579976 2.83333333333333 1.66067633046582 4 2640.77465374339 2640.77465374339 0.003101058 34016661.6426105 2.83333333333333 1.92285762887009 5 37222.1997047306 37222.1997047306 34016661.6426096 0.000256459 34016661.6426096
1 eager_25000.dot 8330435694 1.30223109333178 0.839204402548849 36 31.8610140108392 0.403466925597106 187.545034832002 545521641.985833 1.13322413755192 0.262098399472069 36 6.14298542449327 0.62496070030453 544397668.580253 148.782210601999 544397668.580253
1 chipseq_20000.dot 41366257414 1.08050591721584 1.07601602024711 36 7.45916333092187 0.0247742551227634 16.311209254 4611112822.93709 1.09700654737417 1.00321207294041 36 8.63646142062199 0.0759800571027435 4808745923.07281 6.66184652999998 4808745923.07281
1 chipseq_20000.dot 5058052541 1.17239530650824 0.615604836858267 36 2.98540160343367 0.43504218049687 17.7135559189999 740854710.891071 1.10095514362564 0.501463273532729 36 6.24004586657952 0.634273382416493 981347117.159197 36.3779094070001 981347117.159197
1 chipseq_8000.dot 32978181418 1.21920476010406 1.44125700247299 36 12.5696678338227 0.0324742465546295 3.88846210800002 1892992840.53729 1.09446362806473 1.13033970469464 36 15.7108716904432 0.132277424840739 1929759308.61242 1.021922702 1929759308.61242
1 atacseq_25000.dot 11187378708 1.12793486987506 0.684761949681196 36 5.04307460785764 0.141347084586558 49.2614519179998 756908476.673472 1.05942207290809 0.710711734236881 36 8.08379859960675 0.290676877056832 1043411136.58803 52.4143431149993 1043411136.58803
1 atacseq_25000.dot 3908761308 1.11026836154679 0.296998824146204 36 1.2330378525719 0.38007585647613 27.7400854549999 472029859.502709 1.05631103585232 0.297043228427839 36 3.03061867382582 0.568759934328373 660533133.914859 43.9755618680004 660533133.914859
1 chipseq_4000.dot 5058052541 1.1757759732406 0.624913272612586 36 3.45354042657277 0.399290205411828 2.175115917 146102976.284058 1.09925654795938 0.508905206434263 36 5.85341607515255 0.643956307823481 190697542.275755 1.24516440899999 190697542.275755
1 eager 8330435694 2.5036036036036 2.60478229626736 8 90.7487131118081 83.1704360087306 0.038393328 3265272.51828892 2.60617760617761 2.70383215585371 9 125.874863858682 125.874863858682 3205376.64585304 0.004855198 3205376.64585304
1 eager_15000.dot 14754556884 1.2699746870233 1.06629790517113 36 22.5420967765107 0.127294476526143 51.6293099070001 403252150.230569 1.11523269303431 0.779440326709552 36 12.5762021624729 0.180384022811439 412963314.654707 37.9205602750001 412963314.654707
1 chipseq_15000.dot 4807293396 1.14320719451665 0.491410973114674 36 3.55287718570979 0.359784977598842 13.476192235 490968614.592554 1.07953239025858 0.649180170099948 36 8.40615130137159 0.663943626171216 693010447.576568 20.689015162 693010447.576568
1 eager_4000.dot 25705994498 1.34570172092238 1.00506354030591 36 43.4988214977683 0.188386284397483 6.03639504800001 186564640.276927 1.12061192834494 0.925434097606294 36 18.914952275438 0.22754246325786 177598204.499416 1.66244887599999 177598204.499416
1 eager_8000.dot 19100037384 1.29261237171453 1.14195346024045 36 35.8494749508156 0.135611181026083 17.4091082000001 265286415.832003 1.13790425467726 0.84466227919792 36 15.2200705274109 0.202322253252905 259662096.685942 7.99171803999999 259662096.685942
1 methylseq_4000.dot 110641579976 1.11857492413048 2.02322166432233 36 47.5322176694811 0.000320116157302176 5.780647401 1778479626.74666 1.09360153804598 2.01243072588638 36 47.3049954841016 0.00777945484556973 1765014930.36167 1.705244155 1765014930.36167
1 atacseq_200.dot 14091675276 1.37190476190476 1.19459693960608 17 3.43539820824311 0.304518539285386 0.059950724 8029904.7621608 1.19833814333814 1.33193196433235 32 6.82434607013879 0.172435544983465 8555298.74606012 0.007588023 8555298.74606012
1 chipseq_25000.dot 32978181418 1.27244431411096 1.51882249069775 36 13.4521880508824 0.0368959424471068 22.4570841610001 6020888906.20472 1.09910277618609 1.17423073220528 36 17.0454203255876 0.133350374818244 6082883628.29796 9.54812204300001 6082883628.29796
1 eager_10000.dot 19100037384 1.30223087743283 1.14403488271628 36 34.768307272567 0.143878809282852 31.19759055 335349467.905388 1.13354151438035 0.844960479216251 36 15.260152517897 0.205988553934862 331065679.748095 13.191802088 331065679.748095
1 methylseq_30000.dot 11897958606 1.48841600132115 1.96086696674857 36 9.22538715837059 0.0804701783749639 528.723757033 1783562467.90203 1.09032501889648 1.80388270037723 36 67.738540790756 0.357227585726746 2400347509.58785 349.214865624 2400347509.58785
1 atacseq_25000.dot 11809629756 1.11986407817059 0.713793562579484 36 6.0139385693369 0.158307090901502 44.0147114400001 759797517.867285 1.05714788121352 0.790526097514834 36 9.46784294792714 0.263458340177714 1074363722.66606 52.9888011319998 1074363722.66606
1 eager_30000.dot 19075314980 1.1778528750305 1.15277305776854 36 29.0602041898333 0.165321845401535 169.203964936 1041437947.79662 1.10793940230203 0.824983597191432 36 14.9663922049879 0.213284349518097 1004979045.27941 194.868307590997 1004979045.27941
1 methylseq_25000.dot 11897958606 1.4342561476503 1.96208639515372 36 9.14404336784739 0.0804705961766192 319.459348596 1486763753.58374 1.08949558913556 1.80407883046654 36 66.5692117876615 0.348158083207346 1965644596.14388 218.956888298002 1965644596.14388
1 eager_15000.dot 19132169434 1.2104741653272 1.16954034452461 36 30.815346537145 0.149555371697435 53.092062605 511527995.989839 1.13061989175018 0.821073373616019 36 14.9174223370577 0.212526650624874 495288658.17157 34.3717809249999 495288658.17157
1 methylseq_30000.dot 22500260922 1.10707457586212 1.27710608356241 36 18.6350116719495 1.00131321815924e-05 585.226961861998 1423507898.06745 1.09691072196077 1.27427273195129 36 20.6293468746609 0.0499579644814254 1571307589.28842 311.965006304998 1571307589.28842
1 atacseq_2000.dot 11187378708 1.12726532633179 0.939511176184188 36 9.25704184815422 0.132593860226375 1.346456017 57505824.9371375 1.06674124153219 0.657619113920217 36 7.45088044860151 0.255523942806433 69865139.4206034 0.292086777 69865139.4206034
1 methylseq_10000.dot 11897958606 1.58123725680748 1.96456265602603 36 9.22346780668772 0.0805008286255254 39.574804765 594888556.446136 1.08320947426592 1.79426731261302 36 64.1934576027353 0.343603956578832 779490504.927697 19.6432303999999 779490504.927697
1 chipseq_25000.dot 4605965334 1.12179510096175 0.46881030776424 36 2.42259879584217 0.384683166248512 20.002689707 843836476.609996 1.0991470887304 0.55276042489834 36 6.25883958454856 0.480851812681599 1222060285.96052 54.141685747 1222060285.96052
1 methylseq_30000.dot 6273818718 1.15380861339247 1.34777592905961 36 21.4048737836197 0.143859685304914 663.035523140001 607508703.626506 1.09602253599856 1.40529163003132 36 30.8089652031116 0.32510104589225 854716992.031152 286.484842854999 854716992.031152
1 eager_30000.dot 8330435694 1.25348450788434 0.699649169979607 36 17.261509741738 0.426499714318298 165.674552618001 618456295.847384 1.10888327076794 0.281408570587322 36 5.96147690398453 0.64544738673485 650920693.0812 201.564739118999 650920693.0812
1 chipseq_200.dot 4605965334 1.58992346938775 1.06373148089125 15 6.30211112980291 0.506827141098129 0.060383065 4413587.8299958 1.49744897959184 1.29467568537326 29 2.4754616584522 0.134104271534183 4286232.01534572 0.006663016 4286232.01534572
1 methylseq_15000.dot 6273818718 1.13189917012977 1.33424863955095 36 19.7706551339477 0.141892259412637 146.908649176 301590700.99877 1.09976023146562 1.38585077995562 36 29.7456192665505 0.300943583404409 413568458.917923 51.6540689879994 413568458.917923
1 methylseq_2000.dot 11897958606 1.57724548989609 1.99496846736713 36 8.42174892712713 0.0820373251211677 1.460292605 119589821.200037 1.11560527825588 1.80315135675944 36 60.8939597431466 0.297812017229417 143005717.363777 0.546135027000001 143005717.363777
1 atacseq_200.dot 3908761308 1.3404828042328 1.22652644654784 16 5.46948501482089 0.62299938310648 0.068412674 4389917.58516412 1.27236772486772 1.03697491082669 27 3.1555509609528 0.118219094611545 2113956.5125 0.007630034 2113956.5125
1 eager_8000.dot 8330435694 1.35815734698086 0.793240398052366 36 28.9477595222461 0.400138491149854 20.1153119689999 155720684.050533 1.15794884111705 0.257278263490571 36 5.79541717580885 0.568961931539752 168784999.589363 10.009259145 168784999.589363
1 atacseq_200.dot 2223941232 1.39617063492063 1.31708876914292 16 5.68579897418708 1.02249968139624 0.070665226 2928249.49562047 1.30537037037037 1.09012030296997 32 3.34880463658514 0.0877578422245357 1389129.6301296 0.00750256 1389129.6301296
1 chipseq_2000.dot 4807293396 1.1930367232978 0.820233647004058 36 10.6565560230596 0.360672312059846 1.147932068 58285152.9864051 1.10157860335867 0.537097752269384 36 6.95267195742516 0.694784069040198 81060772.3967364 0.334669016 81060772.3967364
1 eager_20000.dot 19100037384 1.25247236876841 1.14112328141939 36 29.881239830438 0.151149191992214 72.506069398 672294800.062815 1.11870277360504 0.850697807112392 36 15.1062267921517 0.209736530214289 667565267.970807 71.9224206919999 667565267.970807
1 eager_10000.dot 19075314980 1.25708929869716 1.10483015968463 36 34.8535346420732 0.14474695603436 24.7258693910001 337116681.828523 1.14046824790682 0.859733205066225 36 15.8742291961402 0.202386572694964 333139196.1677 13.211325235 333139196.1677
1 methylseq_25000.dot 6273818718 1.29290591256508 1.29502344769162 36 18.2300222184397 0.123341671330072 385.457836666003 480094045.991855 1.09020109884252 1.39402118801898 36 30.2376863230445 0.311159631999558 698221455.11701 179.371827823001 698221455.11701
1 eager_10000.dot 8330435694 1.29075184203693 0.902363223837456 36 35.9358360769152 0.38386606650793 31.4406593169999 208353432.514926 1.16303683910072 0.368010043363796 36 6.41291171229461 0.610721081567582 213829060.972274 18.4679358499997 213829060.972274
1 methylseq_200.dot 8885797810 1.39103835978836 1.82135997972442 28 131.236285363401 0.117153829811407 0.072128635 6215422.37869384 1.62409060846561 2.01077933544531 36 482.989110503821 0.106763402794234 6025948.59611808 0.008553783 6025948.59611808
1 chipseq 32978181418 2.09375 1.12207718775393 4 19.8579612916323 19.8579612916323 0.005836052 17653962.261081 1.9375 1.67131404262126 7 6.4150436677564 6.4150436677564 17623984.6413975 0.00050044 17623984.6413975
1 methylseq_2000.dot 6761426956 1.37889653853509 1.84658610018833 36 28.4246758464028 0.109206446830366 1.5859324 50049815.983486 1.12823516287372 1.7621445485921 36 48.1178709064297 0.251512425605491 74047046.6614189 0.539214415000001 74047046.6614189
1 atacseq_20000.dot 3908761308 1.11045070723738 0.285970824017531 36 1.26230619381893 0.359646077575825 20.271413121 376692581.513557 1.0591682640866 0.314847098325764 36 2.98725463285199 0.570191831983134 529127570.071073 25.0652482580002 529127570.071073
1 atacseq_1000.dot 11187378708 1.18777818477818 1.08138366508616 36 7.02871942073784 0.118222387501496 0.462048592 25584968.3817479 1.07617695539754 0.733702350525768 36 7.29515491224051 0.227197501306543 30876868.6230857 0.0885302300000001 30876868.6230857
1 eager 19100037384 2.56981981981982 2.52258814354917 8 58.9760598945539 58.9760598945539 0.036269346 6580534.90345614 2.66924066924067 2.61875422681854 9 231.048168649089 200.476089308657 6635583.49852769 0.00466683499999999 6635583.49852769
1 chipseq_10000.dot 32978181418 1.17795408173698 1.47463637624664 36 12.6771371596793 0.0331477296827368 5.24586124700001 2383046740.57468 1.104532020298 1.15085567934436 36 16.120947438984 0.13152490737728 2409666293.46152 1.551617049 2409666293.46152
1 methylseq_2000.dot 110641579976 1.13014757442468 2.04244665985827 36 54.5434950518947 0.000746001688557346 1.53583213 894786900.673887 1.12219512972525 2.02323676959261 36 52.8646727110787 0.00928795430495209 887765621.498949 0.401531869999999 887765621.498949
1 chipseq_8000.dot 3793245764 1.1237654227956 0.324609086021833 36 1.43643682861413 0.396808869046378 4.513923994 221615396.920254 1.10169870294283 0.380558651136507 36 4.02676468832178 0.474278333786041 321816399.200966 4.36796344000001 321816399.200966
1 eager_25000.dot 19132169434 1.21395871389611 1.1273422796374 36 30.3854683266639 0.159733130482435 179.481035768 854541042.51167 1.11482096393929 0.825454489515374 36 14.8086777695486 0.215255355272744 830577823.590132 132.107951493999 830577823.590132
1 eager_4000.dot 19132169434 1.37082352210813 1.16764581274936 36 40.4602904600814 0.12155181072796 5.69536910399999 132625156.829829 1.17527055054896 0.982972892566256 36 21.3584732301867 0.186267201470306 129247780.334005 2.09707173500001 129247780.334005
1 chipseq_1000.dot 4807293396 1.28118169223939 1.0505373362534 36 20.9965934289288 0.293347602930709 0.490149973 28200398.4898506 1.11144371120333 0.655231104233595 36 7.70397588750632 0.589749450694077 35856052.8676898 0.0997109410000001 35856052.8676898
1 eager_15000.dot 19075314980 1.28696390134437 1.13555889345105 36 29.8617749940495 0.146642305721998 55.582116759 505821944.417136 1.12485030147752 0.829446741876148 36 15.1981717416289 0.208433492991179 497610758.38047 36.2757397949995 497610758.38047
1 methylseq_200.dot 6761426956 1.57589285714286 1.81356328291583 28 6.80519488458441 0.114112029026227 0.071779254 4742913.59745945 1.65534060846561 2.00500020121257 36 18.2168537526247 0.0964721135149514 4431268.23916346 0.011021134 4431268.23916346
1 methylseq 17027257018 2.83333333333333 1.58695547717156 4 105.600028241626 105.600028241626 0.003228653 2175361.36495513 2.83333333333333 1.8436660310033 5 812.076302816862 812.076302816862 2175361.36458333 0.000273907 2175361.36458333
1 eager_1000.dot 8330435694 1.47852609102609 1.82945659027077 36 84.0964921540117 0.352636169355345 1.078411191 24904987.9277297 1.43499506666109 1.13937418386965 36 24.435786884805 0.318374277121206 16509226.7334404 0.168658365000001 16509226.7334404
1 chipseq_4000.dot 3793245764 1.13580425078067 0.311505451524256 36 1.52167574970174 0.378018475514479 1.956669739 110986168.128402 1.09199798498147 0.361112934378221 36 3.56457346977408 0.459905430123387 150668194.931866 1.187892093 150668194.931866
1 methylseq_200.dot 11897958606 1.72842261904762 1.80258271528483 28 8.9999293008072 0.115184209911037 0.071834572 11970851.712275 1.48040674603175 2.00360301598102 36 971.424368996741 0.178541363711941 10326420.1275728 0.009155708 10326420.1275728
1 atacseq_1000.dot 3908761308 1.17703324453324 0.549241261176294 36 4.35725252671136 0.236747781638319 0.479132506 16825922.832359 1.14043733390792 0.37987115278511 36 3.67861450073415 0.332132637622259 19421715.1976856 0.094704571 19421715.1976856
1 chipseq_1000.dot 3793245764 1.15470000085385 0.731801037524351 36 4.44796545675596 0.201818314334585 0.518838189 27926090.2738593 1.10839467690429 0.327151302522625 36 3.50614787683991 0.381389628198279 31741478.7934453 0.104938278 31741478.7934453
1 atacseq_2000.dot 11809629756 1.13882010008019 0.915815636454966 36 9.09372196238514 0.148669339554674 1.2982934 59092583.7535372 1.05124003748932 0.72109561175636 36 8.87573729144938 0.270481222053933 72462469.3409924 0.287598714 72462469.3409924
1 eager_4000.dot 8330435694 1.37740906435052 0.934287138320779 36 38.2744353649378 0.393993773486088 6.25834686 76757773.5690672 1.26972393574676 0.461601979841289 36 7.68294847809319 0.503264924841404 82035401.0873566 2.59090195299999 82035401.0873566
1 methylseq_200.dot 22500260922 1.76612103174603 1.77939826081901 28 4.37514234346023 0.00824638940609241 0.071377968 10057584.9262822 1.71825396825397 2.01646618412079 36 600.261586749556 0.00231968500249157 8917334.90005454 0.008325331 8917334.90005454
1 eager_4000.dot 14754556884 1.38658798270416 1.09342747763347 36 32.3796713818863 0.111607286282746 6.551228094 109886455.659009 1.17345081622611 0.946175112644348 36 24.386620718935 0.157509295531288 106338883.114616 2.17802177 106338883.114616
1 methylseq 6761426956 2.83333333333333 1.58326217578873 4 72.0425955811842 72.0425955811842 0.003175575 1080079.26295511 2.83333333333333 1.83987001932113 5 845.351383773395 845.351383773395 1080079.2625 0.00027622 1080079.2625
1 eager_200.dot 19100037384 2.40600600600601 1.77109313669743 15 147.889604831197 4.00177312742776 0.12976574 9870199.5126434 2.46331506331506 2.45661615124297 25 78.2170863026137 1.74904856397766 6635583.49852769 0.016463596 6635583.49852769
1 methylseq_20000.dot 8885797810 1.39124062323343 1.82525154120845 36 13.6402060633555 0.12014103187302 198.750822401 666875242.658256 1.09047110907858 1.79708222813839 36 62.6387243707659 0.327317313494075 1150687587.9949 125.019352969 1150687587.9949
1 atacseq_25000.dot 2223941232 1.11269815358337 0.260033818762347 36 1.16030578095233 0.350892129581214 40.0202201549999 280339812.411277 1.05166050926791 0.214011767893079 36 2.15387565636795 0.568573827332363 367990298.660799 46.1586549719999 367990298.660799
1 eager_20000.dot 25705994498 1.27913640735972 1.0088156183298 36 45.9879431902437 0.194298794832348 154.91608662 967776565.137645 1.09480567704275 0.798889612385504 36 16.178058021838 0.236962276141314 908412794.150196 60.6695997710004 908412794.150196
1 eager_25000.dot 19075314980 1.23617885147427 1.11698647674 36 28.3855288799335 0.148894413717706 164.154999960002 855179728.411187 1.10890336468033 0.830371231383403 36 15.0721752242318 0.207102655291653 846581329.274169 129.564262770002 846581329.274169
1 chipseq_15000.dot 5058052541 1.15788940295929 0.641014176725281 36 3.27525713660582 0.42030430279012 11.598164242 558596481.366004 1.0938679260361 0.502495275467694 36 6.43256928682962 0.669467713752361 756191705.688531 19.8509857550001 756191705.688531
1 chipseq_1000.dot 5058052541 1.20455065767566 0.974515089839201 36 9.02896373355569 0.316517115568626 0.478104868 34774889.3740048 1.10173587096664 0.591204472432637 36 7.43649884713539 0.643327367182683 41000160.8966707 0.121694633 41000160.8966707
1 atacseq_15000.dot 11809629756 1.12280720138696 0.70854424875448 36 6.0091936882574 0.159545201344897 23.235815065 450597735.40596 1.056346770269 0.708745985746849 36 10.4438063267367 0.305015068122277 627952209.55433 16.466257157 627952209.55433
1 methylseq_2000.dot 8885797810 1.36502358640913 1.86301320885787 36 29.8523408505714 0.111454667238039 1.608996433 65725114.2700321 1.10361286415503 1.82016089505269 36 56.6892273468237 0.252946467487887 100571103.530547 0.584230003000001 100571103.530547
1 chipseq 41366257414 1.60416666666667 1.16725606407114 5 8.26301923331133 8.26301923331133 0.005243768 19860091.9562175 1.49702380952381 1.67986200718759 8 10.9247227360429 10.9247227360429 20117771.0325735 0.000447765 20117771.0325735
1 methylseq_15000.dot 8885797810 1.40655487352847 1.80245256931601 36 37.2071395567937 0.119872498789121 116.12255575 499989473.31768 1.09742926616428 1.79986076742944 36 62.0809602835726 0.320366321110136 851720587.780626 58.2013844720001 851720587.780626
1 methylseq_30000.dot 17027257018 1.15345926730484 1.94260131918223 36 53.9685362140447 0.10423549937189 402.949605508999 2345516955.35117 1.08769221974507 1.79430909676182 36 77.3234737756474 0.445567001611882 3317908062.40891 332.806978427005 3317908062.40891
1 eager_2000.dot 19075314980 1.5121072428559 1.41419094149572 36 94.7859989016274 0.142779065211679 2.792313251 78156304.7091481 1.31996938436567 0.995471774717337 36 34.571765761568 0.155308610028654 60570466.6725864 0.6082842 60570466.6725864
1 eager_2000.dot 19132169434 1.58121980192061 1.32427135374323 36 103.063864445007 0.13742459563922 2.849996364 75165579.9019943 1.27445366253415 0.930255020893622 36 23.6182478578548 0.159639346703941 59780459.8751296 0.554871801999999 59780459.8751296
1 chipseq_20000.dot 4605965334 1.11181670722893 0.457511579706538 36 2.39234144686869 0.404094538360581 13.401850828 669710361.894152 1.10120128619813 0.542341514165005 36 6.09835664642534 0.451278976606841 974379829.426854 32.2608670730001 974379829.426854
1 atacseq_200.dot 11187378708 1.38861111111111 1.17037157910473 17 7.09375769036465 0.286659741346938 0.064817914 3924675.36995207 1.27805555555556 1.32092988513972 28 6.7790527217352 0.0892153000163856 3056566.11008073 0.007224436 3056566.11008073
1 chipseq_15000.dot 3793245764 1.11216079413073 0.327456666930292 36 1.51169436342961 0.363877366871758 10.157497516 434956598.679873 1.09439505784975 0.403065448002343 36 4.18110551052381 0.451028017916459 619702436.493492 17.649750341 619702436.493492
1 atacseq_8000.dot 14091675276 1.09088981509086 1.03409092097449 36 15.6128534774347 0.188381501771246 4.06043725600002 535823420.927394 1.04822499807436 0.743037665393154 36 11.9509316305638 0.327583920560022 647173456.853583 2.345093134 647173456.853583
1 eager_10000.dot 19132169434 1.26432752429599 1.11078325876816 36 27.7233303403894 0.152592155119346 26.118681631 345288497.734837 1.13806927643188 0.848609092531272 36 14.930868557787 0.206205146857066 329404253.043618 13.3156902289999 329404253.043618
1 methylseq_8000.dot 11897958606 1.3900229594674 1.96340059197665 36 8.97018832950746 0.0782530978346622 23.228014161 471099801.049452 1.07637200692756 1.78542450239555 36 63.3760121573561 0.344542692678486 625069908.248126 11.518045339 625069908.248126
1 eager_15000.dot 25705994498 1.28608565257051 1.02328138304786 36 39.7660899051458 0.177756580003475 71.6890261729997 713350675.186087 1.09620476410353 0.778941770786581 36 15.9522227130085 0.23608426871643 678658042.443829 30.325024332 678658042.443829
1 eager_1000.dot 19075314980 1.69513434200934 1.70723315204188 36 151.054096668539 0.1823248407608 1.188840944 44793801.7775369 1.53160499906824 1.22915076231747 36 30.7990443422942 0.101975358821473 26438483.2042506 0.19158363 26438483.2042506
1 eager_30000.dot 25705994498 1.23224472162732 1.00011985458025 36 41.5175016051121 0.191139603115695 348.561690478 1416317665.45168 1.09008868879932 0.778069952444258 36 15.6517700358138 0.238639655082445 1373069178.53746 159.830612217998 1373069178.53746
1 eager_10000.dot 25705994498 1.30839680498296 1.00675024793559 36 41.5176426875578 0.195292383780693 35.0051231900001 475599697.413298 1.119621102236 0.790357801671315 36 15.8174608292069 0.235198532938767 448521807.128417 10.752425415 448521807.128417
1 chipseq_20000.dot 3793245764 1.12028264288901 0.332317696555772 36 1.51438100163788 0.384166048606925 15.105045976 572332739.3411 1.10450906389186 0.404306265633015 36 4.21230096984438 0.42729609022889 846044223.825527 34.0062853920001 846044223.825527
1 chipseq 5058052541 2.25 1.28466405803908 4 4.83033608591128 4.83033608591128 0.006781122 2097254.51057255 1.6875 1.5674652973707 6 7.38041427014177 7.38041427014177 1937898.29268461 0.000609096 1937898.29268461
1 chipseq_30000.dot 41366257414 1.0969574932643 1.08137085808687 36 7.08099418085209 0.0249157497450808 35.3340998100002 6941385570.82898 1.09499843880055 0.993876491346708 36 7.94037097315139 0.0758305984278802 7233226621.36025 16.243695549 7233226621.36025
1 eager_8000.dot 14754556884 1.27144622603858 1.07489753771181 36 27.3686061266275 0.11571510040296 17.7395428319999 213125385.24058 1.12851887224436 0.782153985880113 36 10.5377873569831 0.172501820539264 213215682.858093 9.136741765 213215682.858093
1 chipseq_30000.dot 32978181418 1.20360190442027 1.5272959861901 36 13.9130982061764 0.042361116212284 32.5615577810002 7370654029.8065 1.09923224624276 1.19070280961382 36 17.7791795646047 0.133153764331561 7292609016.7254 14.2344004439999 7292609016.7254
1 methylseq_25000.dot 110641579976 1.11968137124165 2.01665827819814 36 45.9410777903872 6.8986958747775e-05 451.408256971 11048668403.1446 1.06459509712033 2.00672326576962 36 45.811408438783 0.0076667379864087 11030245312.5239 140.870023268001 11030245312.5239
1 eager_10000.dot 14754556884 1.28784561587058 1.03680260398685 36 26.1871603891969 0.120521659593715 28.7662799470001 268291236.394926 1.15036823277887 0.796451986237342 36 12.8674031426901 0.178225766673414 271738554.709921 14.727489966 271738554.709921
1 eager_30000.dot 14754556884 1.22164643770219 1.04396304879458 36 20.3068721806121 0.119264318241788 156.84390222 792261611.947224 1.10752301144782 0.761255615423447 36 12.5200556870934 0.181539100134852 841382217.867502 215.672742771999 841382217.867502
1 methylseq_8000.dot 6761426956 1.31878704100927 1.79981571040711 36 28.1005955662546 0.116218177209238 32.678687423 202535089.151325 1.08922811700589 1.75955845653174 36 55.4260087760039 0.313430516411389 342229970.057376 11.933809204 342229970.057376
1 atacseq_10000.dot 11809629756 1.12064476577345 0.743487597985114 36 6.21052069539614 0.159924299157108 12.0129951449999 301509343.409521 1.06233105039833 0.758241189955976 36 10.3165866279992 0.312776035110621 416412544.603408 6.70528569899997 416412544.603408
1 eager_20000.dot 19132169434 1.20315982069379 1.14537145479682 36 28.7655925674807 0.142988808798498 95.3906799820004 664835038.812612 1.10907142538426 0.8446611782238 36 14.9870338581851 0.214779249744837 663531444.024801 68.8608895620001 663531444.024801
1 eager_200.dot 19075314980 2.58314028314028 1.69962379438265 14 37.5314829502274 4.19724514949822 0.128139407 8908253.28448838 2.46331506331506 2.46071818627377 25 79.7259310903616 1.80071525518869 6621707.17758513 0.01646599 6621707.17758513
1 eager_20000.dot 14754556884 1.24353996660044 1.04737792316732 36 22.7919756257261 0.123443591612398 96.8420578990004 540260635.633532 1.11335072998702 0.799567230760115 36 12.9755524698988 0.179530896045711 549106992.632327 75.2239010510007 549106992.632327
1 chipseq 4807293396 2.25 1.28859966091914 4 5.45581501482229 5.45581501482229 0.006822944 1709995.82503186 1.6875 1.58413294300469 6 13.2122506156336 13.2122506156336 1590463.19791667 0.000623447 1590463.19791667
1 eager_15000.dot 8330435694 1.31282568219262 0.781930286218562 36 26.1072609646511 0.417019278039209 58.7512407309997 304185048.565724 1.151988838344 0.332469435893607 36 6.23296553691284 0.655787400216085 318746650.146423 46.0882713599996 318746650.146423
1 methylseq_10000.dot 6761426956 1.40641177105764 1.76828766427617 36 34.8610755148536 0.116948664598197 41.865431314 253795884.962168 1.08964379402556 1.76754317899552 36 57.2421255184553 0.322045061100244 435474722.737401 20.1752833750002 435474722.737401
1 methylseq_1000.dot 22500260922 1.36305539618793 1.27903831424015 36 32.4211449716035 0.00295953189613184 0.47688806 47045447.3453198 1.18959966851533 1.25969511283176 36 18.6436866063256 0.0368620114685165 48883843.2653511 0.132933161 48883843.2653511
1 methylseq_8000.dot 22500260922 1.15686321241877 1.27332705692549 36 18.1208572549624 7.31842642944209e-05 24.49178899 378812979.480036 1.08116251171807 1.26414777141349 36 19.2433500987262 0.0480996503169333 414931452.048006 9.305069754 414931452.048006
1 methylseq_25000.dot 8885797810 1.38289618402437 1.79162758527877 36 36.9219332974925 0.120455359166779 356.060762182998 834654381.124767 1.09159497265598 1.7993635816615 36 63.7773186024419 0.333229547256923 1456398115.60371 218.122690552003 1456398115.60371
1 atacseq_1000.dot 2223941232 1.1958124005624 0.517730522144116 36 2.66089380903441 0.12192510705229 0.521353014 7435132.78067933 1.09657518407518 0.293411540472744 36 2.68878502568261 0.225792176467329 10088628.9185854 0.0932942849999999 10088628.9185854
1 atacseq_4000.dot 3908761308 1.14230928605388 0.369163175799742 36 1.89739917550672 0.3278797641064 2.617437953 73946279.1409861 1.06790592705385 0.398403943848306 36 3.08858789532981 0.606191321404275 95203003.866059 1.149564217 95203003.866059
1 chipseq_10000.dot 3793245764 1.11630468268157 0.333716983430812 36 1.45574789501641 0.416781659777422 5.90606955 278992659.184592 1.1063643045551 0.370873994437491 36 3.97228627951162 0.4825101203089 406649424.717019 6.65704245599998 406649424.717019
1 eager_1000.dot 19132169434 1.57715021465021 1.76409981368827 36 75.5322073569573 0.162838101637741 1.137706033 41682556.4785961 1.50543679790003 1.19256208674234 36 41.6485392239988 0.109047193513505 26734152.0103368 0.200991196 26734152.0103368
1 methylseq_20000.dot 17027257018 1.58264337481025 1.96340104673035 36 10.5639512086837 0.117851902519028 200.375918515 1642227019.23051 1.0927942605614 1.79468587377272 36 77.5512332186685 0.446530891589062 2219748472.99661 128.135160757 2219748472.99661
1 eager_8000.dot 25705994498 1.31708385628919 0.998088114483981 36 39.5460489897062 0.188065102295871 21.106716736 376966757.85471 1.1031857568906 0.789315831492277 36 16.7556590281394 0.237462035734629 361285566.038417 6.75774960800002 361285566.038417
1 methylseq_2000.dot 17027257018 1.57693472301906 1.99443129562941 36 9.51425940196558 0.115145606053658 1.458706748 162449810.918776 1.12261745394275 1.79349833590313 36 68.963858723895 0.376170435787834 204405997.178907 0.538379006999998 204405997.178907
1 methylseq_4000.dot 6761426956 1.34817357039579 1.77231170015096 36 34.2122769231998 0.114101830976734 5.31182185 101309796.846704 1.08783783783783 1.74725812171979 36 52.6172739999908 0.301811835811449 166837680.323142 2.35676963 166837680.323142
1 chipseq_8000.dot 4807293396 1.15773742649723 0.519029306048758 36 3.71409271203524 0.388230801067661 5.090897304 255349982.779762 1.07888937081727 0.670199565524156 36 8.15072333192221 0.694483382035607 361228238.508413 5.18816706299997 361228238.508413
1 methylseq_20000.dot 6273818718 1.33037738905087 1.32767801068878 36 20.7786941158484 0.129335417235663 191.757220849 389904698.852125 1.09530161270861 1.39702515547975 36 29.8183423948929 0.318903010072641 565277703.035917 100.859775937 565277703.035917
1 eager_4000.dot 19100037384 1.37152086161144 1.1588359894119 36 40.5453514960481 0.122814431915156 5.70642856499999 131823558.164059 1.15695101420114 0.98502811059091 36 23.7272481132308 0.181713250385309 129232456.365381 1.98308706 129232456.365381
1 methylseq_20000.dot 22500260922 1.11613851889965 1.27457710277394 36 18.2672564472528 2.49038590177048e-06 227.715469057 947787195.953404 1.09525397460575 1.27317228830529 36 20.4088159444712 0.0492796580136261 1043713520.64743 111.244901533 1043713520.64743
1 eager_2000.dot 14754556884 1.45806538774453 1.34749467157886 36 93.7994511648307 0.141178670279134 2.825892287 63598968.406448 1.2945088650971 0.878728960969349 36 27.2272672187002 0.128153161514584 48788586.716754 0.703507503999999 48788586.716754
1 atacseq_20000.dot 11187378708 1.12067625753035 0.679337359673853 36 5.05673800098073 0.138203804568466 37.86460806 603906674.964052 1.06079565647758 0.670329460218521 36 8.03415785948022 0.292161999194835 822901874.693086 30.3607873179999 822901874.693086
1 methylseq_4000.dot 22500260922 1.1206365095254 1.27357360546449 36 18.2430351969232 0.000381277906071981 5.368316209 190211827.343239 1.08691628136072 1.26235504478002 36 19.0068317741523 0.0454650439053115 205017494.38789 2.05700058799999 205017494.38789
1 atacseq_15000.dot 2223941232 1.12469732208788 0.274651329457533 36 1.23145314008448 0.349328899492525 17.822508325 168917861.738945 1.05928478529245 0.242839904985552 36 2.17631786128048 0.575189986835717 212419890.333466 14.95560153 212419890.333466
1 atacseq_8000.dot 2223941232 1.14037846014712 0.274683572707112 36 1.43612736132224 0.351059081184999 7.601279122 88218901.9909321 1.05998940432675 0.320649884500461 36 2.14758717780538 0.605329176759445 107013369.245281 4.004845865 107013369.245281
1 chipseq_200.dot 41366257414 1.26116071428571 1.07887885889331 16 4.64410955994501 0.0856907908096171 0.047661982 43111570.0347911 1.19877666975881 1.38435037646041 36 5.34995344798446 0.0282360624555018 37185158.9715526 0.00451491 37185158.9715526
1 eager_200.dot 19132169434 2.56091806091806 1.69653737160406 14 35.6587218715255 4.02739677182341 0.125960898 8911168.16524843 2.46192906192906 2.4538402473631 25 74.8141514805686 1.76714654906415 6624688.23553754 0.016347537 6624688.23553754
1 chipseq_25000.dot 4807293396 1.14212960567126 0.501194593944494 36 3.4359337274498 0.382092366690818 31.888469015 819948611.182844 1.08303142157307 0.555200609133467 36 7.2849126351634 0.689160398866987 1134495162.5636 60.8942226079995 1134495162.5636
1 atacseq_4000.dot 2223941232 1.15274785054377 0.239844332742889 36 1.96227379737386 0.293295130712522 3.444648053 42688920.5158838 1.05524419078881 0.438703660046284 36 2.22684964261187 0.520427524225225 50852586.5513529 1.086043804 50852586.5513529
1 chipseq_10000.dot 41366257414 1.12012779670205 1.10060435908394 36 8.33342122568685 0.0209347599309864 5.85331112100001 2299810793.51482 1.08842928427046 1.00428683633553 36 8.59454603667911 0.0758793229353271 2397905842.64406 1.636395004 2397905842.64406
1 chipseq_4000.dot 4605965334 1.11722240024127 0.410086155020813 36 2.20807133565904 0.392989529681241 1.830152998 129122839.910492 1.10482347186356 0.46223305208189 36 5.19557814917478 0.53431507180344 172852365.347946 1.140012923 172852365.347946
1 atacseq_10000.dot 2223941232 1.12521666903274 0.273054317689743 36 1.30423341301043 0.335001964345741 10.837107352 111390046.093284 1.05617379436099 0.269628062864622 36 2.14592860254669 0.591504191110307 135667455.700033 6.43547549399998 135667455.700033
1 chipseq_25000.dot 3793245764 1.11931060889393 0.339843785103705 36 1.54433737943718 0.370853227910775 23.825217367 726215504.365797 1.11098670473668 0.443942451865898 36 4.40462148968609 0.414160340164863 1089747772.07645 54.6375582220002 1089747772.07645
1 methylseq_25000.dot 17027257018 1.44546175007049 1.96206611921059 36 9.87669758966671 0.104288979060367 319.456478505001 1955131136.85087 1.09080945014698 1.7950714161316 36 76.6949628198084 0.440177131950737 2742101976.06786 213.704279231 2742101976.06786
1 eager_30000.dot 19132169434 1.18710988977372 1.11811779232184 36 27.366392045355 0.147379369226861 202.431397167 1024889577.22938 1.11589787406563 0.816281892617988 36 14.6659881071206 0.218842765975016 998370327.797157 197.772978581996 998370327.797157
1 eager_2000.dot 8330435694 1.52681393135939 1.29650052343476 36 98.0659542017491 0.399016484000038 2.709562343 47345732.8588683 1.32573574632398 0.882303503934471 36 18.2483939625125 0.413240482234372 37603649.9930331 0.686868346000004 37603649.9930331
1 chipseq_30000.dot 5058052541 1.16348173476509 0.623310422563925 36 3.10777963844402 0.418794445631228 35.9172354289998 1118310783.09894 1.10210322413199 0.534272453203277 36 6.56296250198155 0.569058537860055 1506835415.27107 97.392395239001 1506835415.27107
1 methylseq_4000.dot 11897958606 1.50376567043234 1.96927709937196 36 9.14842532576835 0.081020076650087 4.967374694 238563159.359648 1.10552218885552 1.81110392108568 36 67.0151976278217 0.341701620515217 311914640.269896 2.57117061299999 311914640.269896
1 chipseq_4000.dot 4807293396 1.16068584848066 0.549317199625049 36 3.91984012923722 0.384375042891355 2.274721724 125248584.91429 1.09086046291235 0.597301665456355 36 7.19933287328721 0.653379055319067 170276737.028077 1.240824898 170276737.028077
1 eager_200.dot 14754556884 2.17067782067782 1.75121224217973 15 125.198468986981 22.141425463168 0.132403784 6877388.30191145 2.40328185328185 2.48590252947656 26 57.225670964479 1.47056068831283 5773304.72406634 0.017020035 5773304.72406634
1 methylseq_15000.dot 22500260922 1.11361787842975 1.27474585795522 36 18.3086601373236 4.8895357154444e-05 108.040866468 711030186.357484 1.09901783860954 1.27377596569799 36 20.5196798905761 0.0487859337646224 780936084.279772 49.8939332540006 780936084.279772
1 chipseq_20000.dot 32978181418 1.15481321322605 1.50881325944112 36 13.2301181124608 0.0359852861945473 15.1889701320001 4821048831.25599 1.10509912750993 1.17565099604357 36 17.2800823209307 0.132844437272421 4858041022.43443 6.10158173799997 4858041022.43443
1 methylseq_2000.dot 6273818718 1.34209058456046 1.30348792612111 36 15.8555561241336 0.104486038649282 1.503408605 36495069.5119113 1.15271403072608 1.29378586132528 36 23.9142893918445 0.214233349177984 48508468.5838412 0.474653734999998 48508468.5838412
1 methylseq_1000.dot 17027257018 1.62139032319755 2.01695954217899 36 9.2404407951316 0.106848194977099 0.525538632 78849371.5822641 1.19787084847326 1.84766767601276 36 85.6464396696127 0.354429297248123 103082132.649859 0.143532576 103082132.649859
1 eager_25000.dot 19100037384 1.22079064461976 1.12379199919394 36 28.2450731712107 0.152093946477072 133.070892257 840411948.462755 1.1076145113231 0.83188908081436 36 15.0721453164131 0.208518588302386 846168141.002956 130.359060092001 846168141.002956
1 chipseq_8000.dot 4605965334 1.13822118646766 0.405814260107955 36 2.14363097686695 0.396294504577247 4.49257277799999 262438826.91456 1.1107006890706 0.490917986957946 36 5.85025613188304 0.563160264058296 363349909.786743 4.43488068299999 363349909.786743
1 atacseq_2000.dot 2223941232 1.15771230390247 0.344166505267135 36 2.16856557949253 0.251198005384812 1.31025713 18757246.2166666 1.07024641157787 0.204547153546726 36 2.38164217565585 0.418556168606478 23686522.7596028 0.321801402999999 23686522.7596028
1 methylseq_200.dot 6273818718 2.34771825396825 1.77138108658052 28 2.87786386907811 0.00239809393015687 0.079670336 2973456.0752679 1.52678571428571 2.00920671781126 36 209.610314564772 0.0275203712486988 2955613.4875 0.008554971 2955613.4875
1 atacseq_8000.dot 11187378708 1.11769339675815 0.710877603962297 36 5.38059237255643 0.142903950234819 8.30207118999998 240668371.752311 1.05405226966562 0.715684855132676 36 8.87355708321598 0.264372244710225 326433727.913142 4.30196501299999 326433727.913142
1 methylseq 8885797810 2.83333333333333 1.58744561846005 4 125.308470553056 125.308470553056 0.003132006 1402989.43780563 2.83333333333333 1.84416449192434 5 1249.64310546221 1249.64310546221 1402989.4375 0.000275339 1402989.4375
1 methylseq_10000.dot 22500260922 1.11999879316808 1.27410644620312 36 18.2004337346731 0.000118773982084827 44.3038112700001 474212321.515884 1.08496890819822 1.26553502157085 36 19.2952608273511 0.0481463167245973 518529255.83555 17.553541427 518529255.83555
1 methylseq_1000.dot 6761426956 1.51066169439663 1.90095718447099 36 17.0336231154023 0.101079259033623 0.511699082 24951903.3847407 1.16794160770064 1.79063758952625 36 50.4350359545347 0.230181950333733 35205545.5526212 0.146406772 35205545.5526212
1 chipseq_2000.dot 3793245764 1.1326339140817 0.40068362072193 36 2.23138139452749 0.336772162408795 0.905606183 56421805.8151905 1.11381445558661 0.330232142768184 36 3.50137211389217 0.472796482785611 71613719.8393599 0.347486081 71613719.8393599
1 methylseq_25000.dot 22500260922 1.12356453222995 1.27655656212636 36 18.5620463601707 3.96017186569232e-06 378.032151801002 1186039081.37353 1.09508822998985 1.27373239845701 36 20.5428262651319 0.0499789903641573 1309829974.39043 192.482889767002 1309829974.39043
1 chipseq_30000.dot 3793245764 1.11957768739461 0.345098955133671 36 1.61043162542853 0.364379845020207 31.33908794 882328689.468136 1.10496873851752 0.430990277934523 36 4.37438965341192 0.412260573368178 1319209032.33252 85.6603992449999 1319209032.33252
1 methylseq_1000.dot 8885797810 1.48377637534264 1.90435093136544 36 14.9295968724133 0.106030545959348 0.506364834 33267817.0985562 1.17583030534838 1.84959772973714 36 60.8390904369085 0.22122002572013 48000732.1599118 0.149446946 48000732.1599118
1 eager 19132169434 2.56981981981982 2.52228991050216 8 57.1074010766659 57.1074010766659 0.036992586 6566240.9588939 2.66924066924067 2.61807955886543 9 223.527538415369 194.044800728067 6624688.23553754 0.004666909 6624688.23553754
1 methylseq_10000.dot 17027257018 1.65842051106156 1.9644818996913 36 10.5644837357378 0.116839439078222 41.7392192760001 818590326.464921 1.0799208572318 1.78309375342687 36 72.5351241037754 0.424860151538179 1074147019.90152 19.9457923289998 1074147019.90152
1 eager_200.dot 8330435694 2.14069069069069 1.7993213848156 13 61.7063293422521 43.575349893794 0.139407801 4080703.45433356 2.43166023166023 2.54937782751898 26 64.7538288554376 4.20539695790529 3205376.64585304 0.017992396 3205376.64585304
1 chipseq_10000.dot 4807293396 1.14877767908783 0.507090652566912 36 3.62393305690968 0.375792516797945 6.86373150300001 318986348.550866 1.08230715608536 0.637562445095669 36 8.06265242108822 0.700446802394669 458126050.661421 8.34310242499998 458126050.661421
