algo_nr wf_name inp_size avg_spread_dyn cv_proc_load_dyn num_used_procs_dyn idle_to_work_dyn idle_to_work_30s_dyn dur_alg1 ms_1 avg_spread_stat cv_proc_load_stat num_used_procs_stat idle_to_work_stat idle_to_work_30s_stat ms_perc dur_alg2 ms_2
1 atacseq_30000.dot 14091675276 1.06585421733245 0.757078825232094 36 2.76265010568716 0.0115152419192837 25.68121792 726409212.500998 1.07517003982693 0.809401572168254 36 4.01481016024524 0.0366833692780657 830457160.410703 54.8220051489996 830457160.410703
1 chipseq_15000.dot 41366257414 1.0883304317413 0.870542035473934 36 3.70770039857587 0.00147314056169602 10.560170442 1454463582.70611 1.09262730522119 0.823892486455602 36 3.55734011471816 0.0133000065954425 1528709946.75819 3.49096719299999 1528709946.75819
1 methylseq_15000.dot 6761426956 1.11369307085883 1.79725356776598 36 20.4891263597731 6.05935506365626e-08 150.774169371001 223443719.336363 1.09486107404445 1.79092264700655 36 22.6392448265694 0.0199025217703321 250057280.17611 54.8899107670001 250057280.17611
1 atacseq_15000.dot 3908761308 1.07513861331215 0.149809933926427 36 0.294243126996054 0.0293673922962964 16.3265967439999 93932962.7605972 1.07557255543381 0.26621868004564 36 0.714854350002436 0.0429976503120841 114197730.519396 18.3072104960001 114197730.519396
1 eager 19075314980 1.87612612612613 1.69505352460429 8 32.224650897489 27.1472223095827 0.036968633 5867853.88992252 2.28869778869779 3.18961730489614 13 341.998391172383 23.4108905364493 5759723.18954605 0.004707006 5759723.18954605
1 eager_1000.dot 25705994498 1.36753893628894 1.66674726309324 36 53.3986126623844 0.0572364354157738 0.937982611999999 25066583.7350546 1.3639956658339 1.04582233463408 36 17.3832501776685 0.0317062041531448 18353491.7166058 0.163156248 18353491.7166058
1 eager_20000.dot 8330435694 1.23293213164294 0.931238069616867 36 9.98184248579998 0.041754117267115 91.984386347 114856258.258961 1.1725638890132 0.278982757340011 36 1.09577979271778 0.0529053277982365 110600565.554194 93.3984449650002 110600565.554194
1 eager_25000.dot 14754556884 1.18622999588018 0.984293190184053 36 13.5643257952252 0.0148448812999467 110.386579473 312396880.022948 1.11421716177003 0.677041629358167 36 5.94434418139005 0.0230924506563289 297092845.769079 138.481024740999 297092845.769079
1 methylseq_1000.dot 110641579976 1.24829476636706 1.92333636335403 36 86.2310564318175 0.000820018345494771 0.506981586 234299144.782416 1.18367119270734 1.87775096464422 36 73.9925482473275 0.00329496432682039 234299875.981968 0.123936344 234299875.981968
1 chipseq_200.dot 5058052541 1.31536989795918 0.817472940578822 16 4.63020447965414 0.048633997211694 0.054197363 2919022.21243702 1.23193993506493 1.02907072750622 36 4.08765828132677 0.0149733030152338 2348974.508129 0.006571808 2348974.508129
1 atacseq_30000.dot 11809629756 1.08474586672255 0.639100932158107 36 2.17365304059647 0.0223036876891638 46.675991651 343402941.52794 1.07350174327509 0.741258317248405 36 3.43571212338987 0.0370389289963419 385011983.73303 97.3034666860004 385011983.73303
1 methylseq_1000.dot 6273818718 1.18655574679671 1.21464531596834 36 12.9321715533569 0.0020309360111401 0.529705383 11792640.7001798 1.17230828074202 1.20172392358711 36 12.8259705280981 0.0120508896383818 12554847.4042594 0.133913464 12554847.4042594
1 chipseq_4000.dot 41366257414 1.05381941172035 0.809933306721143 36 3.15066162257899 0.00154609042239649 1.601771497 378966121.64259 1.09167234756857 0.819834309129689 36 3.5321519775313 0.0132599219215218 403987529.298111 0.270572936 403987529.298111
1 atacseq_2000.dot 14091675276 1.07087498238017 0.797013311122677 36 3.16759206336075 0.00990199925874172 0.774754162 48538122.7176053 1.06581512929913 0.717532141873919 36 3.37738168155707 0.0337274750102907 52764271.2053417 0.220406391999999 52764271.2053417
1 atacseq_1000.dot 11809629756 1.1071661949162 0.837930083239372 36 2.1234985736171 0.0219842858391791 0.440358526 11339230.5247934 1.06953983053983 0.773173647961427 36 3.20917618444076 0.0192975330332484 11464196.7261297 0.0854078830000001 11464196.7261297
1 methylseq_200.dot 17027257018 1.44890873015873 1.76015861831632 28 3.93809771031697 0.00218496716669261 0.07265005 6873018.77449092 1.69171626984127 1.9927282885272 36 271.362093209639 0.0328103086655759 7022006.02316798 0.00851066399999999 7022006.02316798
1 methylseq_30000.dot 110641579976 1.12438626244151 1.84820803033096 36 23.8226549470362 2.89562272629362e-05 596.796761105997 6976576024.21145 1.08654837596418 1.84418828488327 36 23.7504134400363 0.00147890465963327 6978371229.22481 227.908840753 6978371229.22481
1 methylseq_8000.dot 110641579976 1.13154424265535 1.85163211703812 36 24.0336899950957 1.97677568553478e-05 31.188743506 1859882922.88084 1.06857849913405 1.84569166203829 36 23.8881151807494 0.00155744530299463 1860487645.2159 8.07305127999994 1860487645.2159
1 methylseq_20000.dot 6761426956 1.10397889314459 1.80098529492423 36 20.714521119195 6.39139079789017e-08 306.211143621 298147686.873351 1.08883315230857 1.78984224893093 36 22.5881978005023 0.0200209987824142 333845271.419765 120.293954614 333845271.419765
1 atacseq_8000.dot 3908761308 1.07534783399023 0.185897778022653 36 0.34944780124062 0.0245950099705159 6.45226614999999 51911443.5769892 1.07371416238526 0.2609906712348 36 0.688518185299571 0.0404612215764207 59706234.5333885 5.25755960899997 59706234.5333885
1 methylseq_8000.dot 17027257018 1.18714945103834 1.87948536745732 36 4.14799365503261 2.9999910955502e-05 25.858599063 278037768.810252 1.0866501422057 1.79866153627904 36 23.9785068249601 0.026370517471649 278141481.226322 11.85343289 278141481.226322
1 atacseq_10000.dot 14091675276 1.06273653386332 0.781600275243715 36 3.04270865092709 0.0103674424131414 5.54942663200003 240063150.951831 1.06843960177342 0.761771591651941 36 3.68331766892263 0.036245186814655 271421502.489359 4.297623332 271421502.489359
1 atacseq_20000.dot 11809629756 1.08911247931488 0.635975177088591 36 2.17033521331308 0.022637128252369 30.165162333 228382904.449039 1.06518048642968 0.743904071620751 36 3.42569545508602 0.0363640720609756 256823514.339078 37.7313485320002 256823514.339078
1 atacseq_30000.dot 3908761308 1.0754807967993 0.174414592070337 36 0.321456488652608 0.0297700717083975 45.6565888689998 190604121.416705 1.0781410847334 0.265002734827243 36 0.737100830215005 0.0453525341566464 232221814.111376 88.2474188330005 232221814.111376
1 eager_2000.dot 25705994498 1.3704413085218 1.29384732489179 36 24.8081622588932 0.0444329212383956 2.02881212399999 42708414.3358321 1.18833302641352 0.835174602071979 36 6.02705629384873 0.0258308525319698 36105179.3384249 0.557712118 36105179.3384249
1 eager_1000.dot 14754556884 1.33055504709916 1.73541344384496 36 46.7312772579722 0.0576200981153575 1.113235602 18703705.5874614 1.35490740789696 1.03259174172036 36 8.85743276492805 0.0216994646505035 14385220.9703052 0.203639975 14385220.9703052
1 atacseq_30000.dot 11187378708 1.08784584009834 0.619804331376385 36 1.90595862185235 0.00723898842993425 53.985688994 350094914.161417 1.06901204088203 0.737886788993189 36 3.29084421478008 0.0316100127487144 420281036.150223 98.6988489870004 420281036.150223
1 methylseq_10000.dot 8885797810 1.09903485203607 1.80865818316222 36 21.173159072422 2.36866799166215e-07 59.0225665000002 193634024.394541 1.08932144286288 1.80110402012911 36 23.2749615268151 0.0197091474978246 216670011.119181 19.2037366529999 216670011.119181
1 atacseq_4000.dot 11809629756 1.095996700686 0.719078656081274 36 2.56501418556538 0.00726812089342263 2.722589814 43079277.8181055 1.06243312847443 0.748520607352768 36 3.35858982805946 0.0319067870790012 49304434.1836426 1.182276078 49304434.1836426
1 atacseq_1000.dot 14091675276 1.08391789501348 0.867161778044105 36 3.55743308529414 0.0101494602766142 0.349027215 24511746.7506228 1.06386637055755 0.736389283242817 36 3.49837595342986 0.0313908346626389 25734497.5723337 0.0737200200000001 25734497.5723337
1 methylseq_4000.dot 6273818718 1.15900424233757 1.20535257351157 36 11.5665418659325 0.000163745177931947 6.63917818700001 46300678.0171092 1.10917663695441 1.20512036403027 36 12.5908508868787 0.0173085531123532 50576642.8840111 2.187578246 50576642.8840111
1 chipseq_1000.dot 4605965334 1.10975803043111 0.432161321658769 36 1.05640847559258 0.0168918990675104 0.405668438 9851827.47697344 1.10063574246266 0.438352760951318 36 1.35172914138403 0.0277427046074914 11196194.9268979 0.099064259 11196194.9268979
1 atacseq_200.dot 11809629756 1.26701058201058 1.00413522257481 17 1.7574657228534 0.102775861088245 0.060275718 2954714.05569524 1.12543521293521 1.26084981489536 36 5.96151855539202 0.134242029688306 2593103.43546177 0.007519661 2593103.43546177
1 eager_8000.dot 19075314980 1.26877218704873 1.0550332467539 36 16.2806959375791 0.020483829203743 18.772138163 113751884.246502 1.14044695587523 0.747578706623074 36 5.96160607637445 0.0264821653186133 102216947.237004 8.34867889999996 102216947.237004
1 methylseq_10000.dot 110641579976 1.10240127797151 1.84696313938745 36 23.7102161772748 7.94523331825853e-05 44.3910287460002 2327425951.37098 1.08422416585683 1.84446592435522 36 23.7903547495642 0.00158130591715557 2327496448.78497 15.119336527 2327496448.78497
1 methylseq_2000.dot 22500260922 1.22695544081086 1.23148215080527 36 13.4176196927207 0.000850963102431739 1.358949763 70303861.9713685 1.13210779626442 1.21633978485163 36 12.9223066296918 0.00648274325246423 71185442.4635762 0.431123606 71185442.4635762
1 chipseq_200.dot 32978181418 1.33196119356834 0.949846504177899 16 7.72375354031804 0.0360098633202018 0.047861594 16364244.512668 1.08416732077446 1.4806446151576 36 10.9736482799921 0.0174142234192548 15102763.0043225 0.003911975 15102763.0043225
1 chipseq_2000.dot 4605965334 1.10610815871892 0.335704869995778 36 0.746921431031959 0.0249994748395881 0.897375482 19843103.4802818 1.10845213594423 0.4167245484867 36 1.2493891044193 0.0346065527948501 22956483.3853188 0.342048855 22956483.3853188
1 methylseq_30000.dot 8885797810 1.37768652434518 1.78344489102536 36 21.0160598191385 2.50674667645613e-08 571.983650280002 580653466.793631 1.08843907933547 1.80878847432359 36 23.9043889864128 0.0205701781964191 653534342.029416 333.825810247003 653534342.029416
1 eager_20000.dot 19075314980 1.24840535871277 0.925653312646045 36 11.3347123755631 0.0220854771962381 79.6661166480002 274982304.708938 1.13256373866363 0.774317398797548 36 6.83573536193733 0.0278421087513337 259007412.580869 75.3604800580002 259007412.580869
1 atacseq_8000.dot 11809629756 1.09670425690602 0.686526432664061 36 2.50438640319811 0.0222347294334461 8.03757146500002 92323118.2237178 1.05998776570155 0.742977287122542 36 3.37516350909278 0.0348208004946058 100830215.003492 5.084097979 100830215.003492
1 eager_30000.dot 19100037384 1.1889859040721 1.00018861803495 36 12.5901148736615 0.018846390174297 173.313813272002 408469193.583874 1.12807558981194 0.753199447482601 36 6.73717417383195 0.0278093492860201 392492105.182042 209.956384474003 392492105.182042
1 chipseq_200.dot 4807293396 1.25361394557823 0.693794612342595 14 1.27886909095451 0.0749889365190533 0.054794674 2329463.30506638 1.2518262987013 1.00704761298506 36 4.10214444096039 0.0230489426984328 1986046.06278171 0.006401121 1986046.06278171
1 chipseq_200.dot 3793245764 1.20046768707483 0.52100934991471 15 1.4305752573092 0.0617126377240504 0.060138431 2920123.66298965 1.11715367965368 0.757243136650256 35 1.11894245099778 0.0124144323813592 2276954.90269119 0.007007887 2276954.90269119
1 eager_8000.dot 19132169434 1.27880603461612 1.01482022657151 36 15.4275619722413 0.0368251354492609 18.069253176 120433633.895676 1.14363909788058 0.747622413886899 36 6.0515205900954 0.0264277903747949 102300236.84977 8.39227290899994 102300236.84977
1 atacseq_10000.dot 11187378708 1.08934345407304 0.654241377781637 36 2.22038102862686 0.0185030955572711 10.482396938 122799132.442412 1.0695032374246 0.738515918598643 36 3.25301956085114 0.0298038124971331 137874202.549799 8.33202467500001 137874202.549799
1 chipseq_20000.dot 4807293396 1.09014374887729 0.396187891418288 36 0.93503175412236 0.0343309786164318 23.638908346 169401970.421004 1.10123940775534 0.559382200450686 36 1.9813987774997 0.0611729235646078 219035196.340766 44.0633365640001 219035196.340766
1 chipseq_10000.dot 5058052541 1.11515180464899 0.394870944352038 36 0.907701280924243 0.0337352921413851 8.23411363799999 99201650.1832304 1.11391287284145 0.528385006852553 36 1.82742580585725 0.0544561122714156 128886283.041378 9.6231796579999 128886283.041378
1 atacseq_4000.dot 11187378708 1.09532423068142 0.701115671691351 36 2.57529233589113 0.0175641559098942 2.810844665 49041649.705808 1.06585626063351 0.740720994205815 36 3.2277230451815 0.0283492038620835 53396597.7179167 1.209258326 53396597.7179167
1 chipseq_4000.dot 32978181418 1.12480156112231 1.05060380685284 36 5.09012263612898 0.00266656339834163 1.595563558 330595691.130615 1.09920608741363 1.00312420158256 36 6.13246636498589 0.0229541441763178 331289078.879248 0.301556197999999 331289078.879248
1 eager_4000.dot 19075314980 1.33381104768518 0.996932419032105 36 18.9184930668301 0.0587308202763449 5.760437122 63929306.3066981 1.17404082017316 0.865967247776967 36 9.6374678306014 0.0243129638893598 52757558.4430595 1.724840057 52757558.4430595
1 methylseq_4000.dot 17027257018 1.32679107679108 1.88040023734106 36 4.20539695213853 0.00041828692724746 5.525338319 139355391.249638 1.1150555317222 1.7995294879414 36 24.0471607063617 0.0264442555332627 139368936.073245 2.49238144899999 139368936.073245
1 chipseq_1000.dot 41366257414 1.09271604463912 0.846766803707099 36 3.89583078172092 0.00182981561571605 0.311345294 91638276.7579071 1.09887254839178 0.840276212736835 36 3.53809032289613 0.0123381783622259 98628824.7315969 0.035954237 98628824.7315969
1 atacseq_10000.dot 3908761308 1.07344475066716 0.165709219654909 36 0.31940818768578 0.0278179651633548 8.99368204099997 63657982.2442642 1.07364163438814 0.26186959278863 36 0.703647503091737 0.0405252667691026 74888515.6651374 8.45097774 74888515.6651374
1 eager_1000.dot 19100037384 1.38674093361593 1.81480350133703 36 35.0809272649622 0.0861961358273144 1.09541411 21704344.5764053 1.39404062410061 1.00328389442905 36 9.00058978167896 0.0277000684544508 15021545.3355494 0.203926678 15021545.3355494
1 eager_25000.dot 25705994498 1.2332276955128 1.0859822483323 36 15.1143649701073 0.0213657551136208 204.311742139999 486692211.533614 1.10167673599925 0.786802084052977 36 5.96358183395031 0.0264762840388769 449325663.506378 107.016728347001 449325663.506378
1 chipseq_25000.dot 41366257414 1.04483820108818 0.818762960539443 36 3.09370312058268 0.00159374073051566 21.944887812 2396849303.62959 1.09999783958115 0.820687990837652 36 3.42428998191331 0.013316100348925 2555922597.1494 10.3759000089999 2555922597.1494
1 methylseq_15000.dot 11897958606 1.38963234079328 1.86727766222394 36 4.31067104197313 0.000106183868795253 119.970905505 431432110.316938 1.11087282524435 1.81448920216149 36 24.4742480017797 0.0218382158095726 431663438.94782 57.7521320800002 431663438.94782
1 atacseq_30000.dot 2223941232 1.07643508209106 0.0615454586384898 36 0.116424264389025 0.0268267264043757 61.7217155679999 108511304.666487 1.07429215322225 0.121698322503078 36 0.382939280598593 0.0466446727485436 126401184.432649 95.3002028380006 126401184.432649
1 methylseq_1000.dot 11897958606 1.38546248486007 1.9406352613646 36 3.89761086354155 0.00177747259042298 0.527866472 28997794.7157381 1.14080130043985 1.81393115949614 36 25.4614731986411 0.0225302831809745 28796613.2249598 0.150488758 28796613.2249598
1 atacseq_2000.dot 3908761308 1.09744209024774 0.271756090798334 36 0.528415233010535 0.0164809251487064 1.146110763 12910952.2256775 1.08258930291802 0.272508617318877 36 0.674688329551026 0.0275121506330665 14245020.2219116 0.339422837000001 14245020.2219116
1 methylseq 11897958606 2.83333333333333 1.5873381951677 4 116.88591497023 116.88591497023 0.003153591 1840539.78752819 2.83333333333333 1.84407275080525 5 1295.59135660182 1295.59135660182 1840539.7875 0.000268636 1840539.7875
1 chipseq_25000.dot 5058052541 1.12272024251189 0.394079945897155 36 0.899022531705942 0.0318320099169309 41.8433382300003 255506079.073006 1.11166103353602 0.480712133328759 36 1.66333180319082 0.0595218405214481 316306072.021694 71.2822111149995 316306072.021694
1 methylseq_15000.dot 110641579976 1.11237773287416 1.84863354075258 36 23.8460130831148 9.4389786959482e-05 133.830988382 3490913100.70753 1.09903901957548 1.84540051065603 36 23.8510060649664 0.00154497267525881 3489127459.26494 41.5855322140004 3489127459.26494
1 methylseq_15000.dot 17027257018 1.23520403624487 1.87323716048164 36 4.21479785920074 8.50450097912188e-05 108.274528806 521575611.037645 1.09773533112207 1.80762405791492 36 24.6042547666262 0.026453464247534 522417996.507501 58.2161633159997 522417996.507501
1 eager 14754556884 1.87612612612613 1.70228955658374 8 30.6675592455584 24.6242752187149 0.037353625 5992637.37829333 2.28869778869779 3.2162270137483 13 300.804298432269 21.0576906600567 5682802.91865663 0.004767314 5682802.91865663
1 chipseq_2000.dot 32978181418 1.1409864528931 1.06141082282046 36 4.9880772677187 0.00244810369138386 0.682009081999999 162599545.17212 1.10418141984598 0.977153241683512 36 6.60778862537692 0.0219258253617328 163828527.561932 0.094877169 163828527.561932
1 eager_2000.dot 19100037384 1.36030927806891 1.21174273586295 36 26.9981730450622 0.044043801686174 2.298085768 33076837.0575224 1.26244252768317 0.7982300746555 36 7.21542697551563 0.0241826808733274 26671758.2531396 0.554807776999999 26671758.2531396
1 atacseq_20000.dot 14091675276 1.06588596852949 0.741732153610755 36 2.84375161425706 0.011037259993074 13.376515199 479074038.563489 1.06888545957866 0.802303037707835 36 3.96756086519539 0.0362887002989234 551781343.049285 21.6131511739999 551781343.049285
1 atacseq_20000.dot 2223941232 1.08369817790449 0.0714066682707984 36 0.130184098960098 0.0240916048696171 31.69698777 72238621.8680266 1.0671123401811 0.122681524187737 36 0.370959323153207 0.0442705422333909 82776640.350794 37.0791624060003 82776640.350794
1 chipseq_2000.dot 5058052541 1.10835413268166 0.478230274998588 36 1.19296890232403 0.0292642938765186 0.868412519 20887293.8493154 1.13435101291114 0.506585653782208 36 1.63648256622325 0.0465596050754072 23498693.6901164 0.362981122999999 23498693.6901164
1 methylseq_20000.dot 11897958606 1.24961413136685 1.8686925345833 36 4.25491347188455 3.55438136309192e-05 214.058932013 575184426.405287 1.08970095974901 1.80989868654418 36 24.1556393869358 0.0218699711852901 575737037.275823 118.633996524 575737037.275823
1 atacseq_25000.dot 14091675276 1.06726011234942 0.748948548406773 36 2.71532529224802 0.0107128734248032 18.4423475040001 600639155.711538 1.07463366547751 0.80714713231844 36 3.99111042161385 0.0362766255214446 689615653.265377 36.8284947999999 689615653.265377
1 atacseq_4000.dot 14091675276 1.06042810801858 0.801807155867216 36 3.31265880401166 0.00880423617644977 1.729646263 95689965.4274745 1.06590793959234 0.708017398557121 36 3.30454975403334 0.0341170888650652 106154053.563592 0.708645525 106154053.563592
1 eager_200.dot 25705994498 1.77642642642643 1.41723555917679 12 195.788402858891 3.51896261441935 0.131341255 13290232.6080132 1.99962214962215 2.30469226858232 27 55.5158198436614 0.638627622524566 7566939.22176702 0.015840353 7566939.22176702
1 chipseq_15000.dot 4605965334 1.11832121342763 0.31254240882928 36 0.670868044150898 0.025597247203135 11.572447733 150752512.515428 1.10109485672923 0.428743550046575 36 1.40854219231076 0.0488784043769721 191495724.525888 17.353510141 191495724.525888
1 atacseq_15000.dot 14091675276 1.07136972853549 0.782535933696772 36 2.97255461808326 0.0118825626906746 9.307942887 361546796.438058 1.07522458680258 0.788839829689635 36 3.918117790977 0.0361346315848064 410597570.124475 11.7045866900001 410597570.124475
1 methylseq_200.dot 110641579976 1.73561507936508 1.75809229935239 28 4.50000396316009 0.00613585012206876 0.071639625 46828205.1369672 1.68477182539683 2.01219418135521 36 2475.64260650371 0.0125603474969912 47627642.3827437 0.007680575 47627642.3827437
1 methylseq 6273818718 2.83333333333333 1.58134638827232 4 73.6600383014829 73.6600383014829 0.003169932 991875.362539161 2.83333333333333 1.83781418135881 5 966.146829343873 966.146829343873 991875.3625 0.000272683 991875.3625
1 atacseq_15000.dot 11187378708 1.08788927875027 0.662544333922554 36 2.13139377402623 0.00585747002238231 21.7315077099999 174051365.5138 1.0686382101737 0.730831505393908 36 3.2230969642804 0.031299004444145 205973302.821856 20.322389641 205973302.821856
1 eager 25705994498 1.60675675675676 1.59558585543178 8 104.236659637965 98.1163594228983 0.035295956 7811944.93684938 2.29459459459459 3.03437722028372 12 260.290318010847 37.2666065916595 7566939.22176702 0.004779856 7566939.22176702
1 methylseq_4000.dot 8885797810 1.39428317206095 1.79265047103633 36 21.143840663827 0.000130171091847846 5.233096738 77390774.2125481 1.08989147878036 1.79728965764705 36 22.9270162443146 0.0188598571615452 86190796.2964913 2.199852192 86190796.2964913
1 methylseq_20000.dot 110641579976 1.08501019455404 1.8480111696887 36 23.8039209722985 4.46983394346404e-05 251.781186674 4651707179.63176 1.06636940490485 1.84179170428321 36 23.5796093113684 0.00150950348253133 4652532136.24705 80.285811985 4652532136.24705
1 chipseq_2000.dot 41366257414 1.05307219152156 0.819395246272252 36 3.36750823821201 0.00163516920363708 0.694988636999999 187431650.885978 1.08233163197562 0.841653886336493 36 3.77395890944548 0.0128776113944401 200306048.521035 0.096136872 200306048.521035
1 chipseq_15000.dot 32978181418 1.17571010653229 1.12888067443746 36 5.46818851476155 0.0026427762483757 9.23290949100003 1266839845.53047 1.10508835036692 1.04884013801108 36 6.95254338146172 0.0233631048962562 1256445029.94943 3.36558738300002 1256445029.94943
1 chipseq_8000.dot 5058052541 1.14684510565193 0.392909094151649 36 0.905060235774935 0.0345902274671503 5.688526876 78507742.5796179 1.1146985688032 0.533980952455558 36 1.79051046399494 0.0532925141365528 102037872.581294 5.80165912100001 102037872.581294
1 methylseq_8000.dot 8885797810 1.31146225590671 1.79261513365505 36 20.7803412417483 3.48171087720393e-05 30.159733895 154676976.500049 1.08530554363888 1.80089584627512 36 23.2568764442639 0.0196143929299698 173162364.306135 11.22981074 173162364.306135
1 chipseq_8000.dot 41366257414 1.05386264075528 0.807381635248949 36 3.09754267512709 0.00157572636391266 3.99169650799999 762003514.546198 1.09741411279421 0.824087158186084 36 3.52954183801509 0.0132250292646566 812350989.974575 1.005728357 812350989.974575
1 methylseq_8000.dot 6273818718 1.28330115830117 1.18101932222173 36 11.1142992031922 2.3244953038224e-05 27.115398468 92515759.525064 1.08587357198468 1.2175250986653 36 13.240062130998 0.0181231652887873 101254452.932642 11.132907504 101254452.932642
1 eager_15000.dot 19100037384 1.20253030161859 1.04775819721739 36 15.6914431235406 0.0201360722767724 49.5043909600001 217740634.035226 1.13527044574314 0.754463486642766 36 6.34849278686543 0.0278081455165903 193734730.574166 36.9952731339997 193734730.574166
1 chipseq_30000.dot 4807293396 1.09945093393539 0.38949846073994 36 0.910595484062212 0.0364244272631792 42.2470355799998 248622612.954514 1.0944819749683 0.544977096360083 36 1.90761597557626 0.0631478797113604 326193686.56176 110.163558319 326193686.56176
1 methylseq_30000.dot 6761426956 1.38323371676711 1.75455968357183 36 20.0690734948134 3.28594693194651e-08 594.978270333 446110973.076162 1.09072623758502 1.79086143204015 36 22.6915439276924 0.0203384405914145 501656720.043601 350.473770922998 501656720.043601
1 chipseq_1000.dot 32978181418 1.10690951676529 1.18413368564209 36 8.34526599706524 0.00230851807548371 0.312025736 79579919.3838896 1.11141369314446 1.01970883305915 36 5.4737461167521 0.0210325496279416 80236110.1343403 0.0337076310000001 80236110.1343403
1 chipseq_30000.dot 4605965334 1.11001938098736 0.330624206040979 36 0.692720836194846 0.0244936170166602 36.3376549330001 309466726.715393 1.11339399063543 0.444155596519189 36 1.47637481754977 0.049534426950937 394182841.14822 87.6262547930006 394182841.14822
1 methylseq_10000.dot 6273818718 1.12077847011822 1.21098224290299 36 11.9823298567495 4.97120422978513e-06 58.5210754810001 115870761.48779 1.09403443917251 1.21778608420124 36 13.2912113510551 0.0182364817814037 126656095.704469 17.8968987700001 126656095.704469
1 methylseq_25000.dot 6761426956 1.1137591538456 1.80198502616228 36 20.7688875119713 4.96412417692668e-08 516.188519812999 372880006.759916 1.09423285503462 1.79153206487579 36 22.7339162868409 0.0203478681286917 418188234.030276 205.093198163002 418188234.030276
1 chipseq_10000.dot 4605965334 1.10655016975506 0.325183439433455 36 0.672200777406179 0.0255986955436494 6.95754616400002 98736260.5523067 1.10140003584553 0.424859653476977 36 1.37277972810576 0.0470741616344732 124935521.366268 7.59056167600002 124935521.366268
1 methylseq 22500260922 2.83333333333333 1.58730069794073 4 167.942693442092 167.942693442092 0.003163285 2905073.37428482 2.83333333333333 1.84393150475444 5 1253.18886763564 1253.18886763564 2905073.3742596 0.000273275 2905073.3742596
1 methylseq 110641579976 2.83333333333333 1.59493475460959 4 1317.86553223613 1317.86553223613 0.003083478 16977459.8667611 2.83333333333333 1.85201389804732 5 18576.6381865322 18576.6381865322 16977459.866761 0.000265652 16977459.866761
1 eager_25000.dot 8330435694 1.17791343353559 0.871102328757805 36 10.0443256049394 0.0440187803363173 151.585622025 155273360.385716 1.17538898383703 0.26860059919291 36 1.07391780136417 0.0539463035709737 137370807.36058 181.560178188998 137370807.36058
1 chipseq_20000.dot 41366257414 1.04614403509505 0.821064709302634 36 3.10448035122045 0.00163870471265978 15.2135018509999 1917505593.62375 1.1033558835303 0.831652149375099 36 3.54879414492295 0.0132853777897729 2045083288.36056 6.36654020100004 2045083288.36056
1 chipseq_20000.dot 5058052541 1.12369478274122 0.391392130202258 36 0.891919079245331 0.0321112698886914 27.109598163 203702814.163198 1.1104691941871 0.483552059862371 36 1.67131492591376 0.0589718838057191 252749063.011323 41.9346379879998 252749063.011323
1 chipseq_8000.dot 32978181418 1.13243196197742 1.10682291452238 36 5.32341611130708 0.00236556861215405 3.792794156 669961282.676446 1.10906827629007 1.03200063905044 36 6.82782799678146 0.0232430806421508 667523662.307842 1.001783016 667523662.307842
1 atacseq_25000.dot 11187378708 1.08873303785929 0.654443201764086 36 2.21189111101889 0.018802837207586 50.6371634529998 306639424.566661 1.06895988680137 0.735380905688848 36 3.2749652380626 0.0318214895777164 345769955.337154 63.0901758669995 345769955.337154
1 atacseq_25000.dot 3908761308 1.07660836177752 0.188572454968715 36 0.346224055158788 0.026926599935129 33.995034158 162803006.469777 1.07947247049525 0.277554425217515 36 0.741556888131307 0.0443351106322018 191643734.65146 55.4698075769994 191643734.65146
1 chipseq_4000.dot 5058052541 1.11807407739011 0.412629565821518 36 0.948327930600144 0.0290185947292202 2.261402773 40757108.3900967 1.1115260198397 0.511467385686055 36 1.66112417370496 0.0524611590230066 48435546.5704737 1.400026135 48435546.5704737
1 eager 8330435694 1.87612612612613 1.74143319849334 8 29.6506778764722 23.8129269430282 0.038012715 3245278.74842126 2.3036036036036 3.07885190546753 12 236.358945499042 31.2039546152302 3093597.75778369 0.004857896 3093597.75778369
1 eager_15000.dot 14754556884 1.20934535880175 0.93256720131918 36 10.9982724296648 0.0171627944227975 43.4976501989998 187827629.582354 1.1391373953836 0.674518460256877 36 5.40634518233088 0.0232562056919464 176596189.8673 43.3643482849994 176596189.8673
1 chipseq_15000.dot 4807293396 1.10367436716037 0.384573454359979 36 0.898293286738678 0.0362985057402568 14.554960912 123689469.877431 1.08921617128001 0.588775695015818 36 2.11577925764236 0.0583535494068481 165989536.482885 23.0931783489999 165989536.482885
1 eager_4000.dot 25705994498 1.34975455672514 1.2816169943056 36 20.7280926987124 0.0188217863301549 5.84124956000001 76573845.1344633 1.14318130251022 1.01536134167865 36 11.3672917734154 0.0257455813574304 72456981.0019912 1.73779474 72456981.0019912
1 eager_8000.dot 19100037384 1.2854591818059 1.04044059371105 36 17.1829757170929 0.0353327837134739 17.6009434590001 123201155.105163 1.13010450998067 0.748783469277451 36 6.05717834179393 0.0263496008780527 102457159.821188 8.217756421 102457159.821188
1 methylseq_4000.dot 110641579976 1.17552075885409 1.85863686380503 36 24.6116139369529 0.000235264601018779 5.07282632899999 931625786.94124 1.09385576052242 1.85441905178701 36 24.65811982621 0.00176344700417551 931421360.593853 1.826846959 931421360.593853
1 atacseq_200.dot 14091675276 1.22170634920635 1.02985128166937 17 1.74318803553164 0.0964018491971466 0.056529159 5988362.23594389 1.15820457320457 1.13061875855736 34 3.5515951825657 0.118430402153485 5420240.68222966 0.00693243999999999 5420240.68222966
1 chipseq_25000.dot 32978181418 1.08762944179609 1.16948489448645 36 5.69706762656801 0.00264840238588614 22.0617623530001 2123171127.79502 1.10972993264658 1.05316814916006 36 6.77828038522014 0.0234526039921707 2096734342.72325 9.89565703600002 2096734342.72325
1 eager_10000.dot 19100037384 1.2786381440502 1.03687550064972 36 17.346015935251 0.0310687541515481 31.985676777 150238138.295611 1.13934944980065 0.773218974675743 36 6.220859418265 0.0260134439591953 131526954.074193 13.798533062 131526954.074193
1 methylseq_30000.dot 11897958606 1.35310473395706 1.86726215292468 36 4.31495819081557 4.24609883672482e-05 662.690061511 862609820.216339 1.0932499984121 1.81362356823725 36 24.4182115908256 0.0218886021261933 863995036.873956 348.743595337995 863995036.873956
1 atacseq_25000.dot 11809629756 1.08855694060627 0.674298896180603 36 2.39610850870842 0.0226465274415835 47.172814602 286970995.406265 1.07111624575892 0.753652141187352 36 3.52155778773006 0.0362847165063122 324142796.962791 61.5753583330004 324142796.962791
1 eager_30000.dot 19075314980 1.22805080049268 1.01652993963547 36 15.5221263812706 0.0210133253728151 204.715532695 424907274.505628 1.12583110998433 0.753050080670032 36 6.86386773953485 0.0279190609856827 391709341.426611 214.122494065998 391709341.426611
1 methylseq_25000.dot 11897958606 1.38782395659498 1.86882484502898 36 4.29602524293829 6.36491058305295e-05 406.249486394 719221776.345433 1.11121779484721 1.81550881574039 36 24.5506849324056 0.0218756159042074 720200966.24675 227.732602046002 720200966.24675
1 eager_15000.dot 19132169434 1.25690705113684 1.0049088176356 36 14.4183325857784 0.0194623425400605 45.0202614049999 207671743.44149 1.13726561112352 0.755077373189627 36 6.31628996934553 0.0279794249408293 193651099.882215 36.6343979890004 193651099.882215
1 methylseq_30000.dot 22500260922 1.13243498457587 1.23159400224553 36 13.5207084226622 5.37387063596071e-08 460.358494941002 1054167711.20925 1.09052774548976 1.23156691663716 36 13.811303876748 0.0061215831437431 1069243319.81753 283.078413302001 1069243319.81753
1 atacseq_2000.dot 11187378708 1.09615729850375 0.705254458651436 36 2.86530842846048 0.0178470200005161 1.051802737 24137688.1622986 1.04784896196012 0.702542469453053 36 2.8300994729153 0.0227526810092425 25666421.9612374 0.3129072 25666421.9612374
1 methylseq_10000.dot 11897958606 1.32982875689958 1.87199015789405 36 4.27974795559955 0.000175533267265511 40.921403097 287801451.216193 1.09728494572434 1.8100274501166 36 24.1600376203037 0.0218246907094521 287705638.617287 20.037437946 287705638.617287
1 chipseq_25000.dot 4605965334 1.10341125966124 0.321562957473191 36 0.677421770646573 0.0240624624068338 26.2480350060001 258596614.395275 1.1069805548972 0.435596793522669 36 1.4564103841687 0.0491082462295984 327480779.968686 57.3618053329997 327480779.968686
1 methylseq_30000.dot 6273818718 1.10856988297968 1.21604760461292 36 12.3022942453856 5.15224648935484e-08 727.045291465001 348118446.534368 1.08761176428247 1.22076645342958 36 13.5427251557559 0.0196822288593037 382423856.932913 316.174087375001 382423856.932913
1 eager_30000.dot 8330435694 1.17745363529169 0.776243844814467 36 5.74127066774149 0.0453676714537874 166.588196227001 174064727.954351 1.11563092583833 0.278234583187937 36 1.10247527261114 0.0536132931634875 165698677.696757 219.677776663995 165698677.696757
1 chipseq_200.dot 4605965334 1.14764030612245 0.700614141946921 18 3.80846837158046 0.0744712351705274 0.059530229 2848859.15551785 1.18984809833024 0.692726801179918 36 1.95945117740402 0.0200650771257352 2282910.0625 0.00664333500000001 2282910.0625
1 methylseq_15000.dot 6273818718 1.1025137570374 1.21423055364644 36 12.1583244608479 3.72358550217728e-07 136.61307832 173880526.590415 1.09158014242084 1.21964051614146 36 13.518268812906 0.019333097857504 191045739.153517 49.2799943530004 191045739.153517
1 methylseq_2000.dot 11897958606 1.27887741441958 1.91101805071598 36 3.87794594155139 0.000356831054807632 1.517458614 57577113.4043849 1.13421941735195 1.80846345818921 36 24.4891215519959 0.021696217324785 57258829.0527058 0.520691336000002 57258829.0527058
1 atacseq_200.dot 3908761308 1.27379449254449 0.784606243282709 16 1.02479795780182 0.102111847520909 0.065957978 2450153.42333781 1.26668951418951 0.880454578248951 34 2.89968786362779 0.0654931059388902 1914247.13927441 0.007990355 1914247.13927441
1 eager_8000.dot 8330435694 1.25420384809444 0.944562373918454 36 8.56796425491269 0.0412567905034457 18.233633315 46672494.7999378 1.16697715507828 0.255453905396444 36 1.05219835676572 0.049596023696812 43633962.7581176 9.55204104599999 43633962.7581176
1 atacseq_200.dot 2223941232 1.26593253968254 0.712724599937233 18 4.26723397423495 0.156325736229804 0.067162738 1726141.30887599 1.19979316979317 0.815368821101382 36 2.66534796012463 0.0487838403648134 1196090.47509215 0.007906902 1196090.47509215
1 chipseq_2000.dot 4807293396 1.0987259707592 0.4740553758168 36 1.24509761230481 0.0310393272438608 0.980701422 16724477.92885 1.09144652815539 0.514187472711971 36 1.59602096729794 0.0462879174150423 19377693.0035021 0.344889088 19377693.0035021
1 eager_20000.dot 19100037384 1.27115380923433 1.04188118799836 36 15.7457717862897 0.0214559272177339 122.611317255 281755101.355097 1.14020908954638 0.774905322546323 36 6.69705591593888 0.0278063333649401 259781075.925815 73.9751262179999 259781075.925815
1 eager_10000.dot 19075314980 1.29354230571733 1.04055415319866 36 20.1138398412435 0.0346819281684093 32.770045859 153211073.973507 1.14141224387528 0.773471985601045 36 6.37629602650006 0.02599494385451 131065189.258671 13.878641944 131065189.258671
1 methylseq_25000.dot 6273818718 1.09373817271084 1.2155591035103 36 12.2520655018081 1.65819406234606e-07 451.103004303 290032192.587493 1.09126285602525 1.22156909366562 36 13.6292276420031 0.0194570868511471 318713987.824036 190.903028359 318713987.824036
1 eager_10000.dot 8330435694 1.27711225769094 0.923700758193911 36 8.65204571908397 0.0413161937461041 23.733398308 57157972.7214631 1.19876554083048 0.297937331623766 36 1.15240116191109 0.0508115301280619 54944577.8779413 16.131813364 54944577.8779413
1 methylseq_200.dot 8885797810 1.67311507936508 1.74379474114486 28 3.67214511695794 0.0102357141085071 0.072557068 4094410.2877495 1.69452711640212 1.99555852433705 36 367.263178145711 0.018158431382002 4143188.84714056 0.008464542 4143188.84714056
1 chipseq 32978181418 1.91666666666667 1.20045127756858 5 11.6240387133628 11.6240387133628 0.00579092 9669760.96381204 1.89285714285714 1.68994695600156 8 9.50859205079105 9.50859205079105 9711165.0216631 0.000492097 9711165.0216631
1 methylseq_2000.dot 6761426956 1.13004398546567 1.80310986770501 36 21.0570913061426 0.000737936439997538 1.616459151 29866934.7129222 1.13097628609677 1.76737649691773 36 21.4113774258647 0.0181710622941998 32819653.7215932 0.505993631 32819653.7215932
1 atacseq_20000.dot 3908761308 1.08346193874972 0.142265311151116 36 0.280333590776524 0.0296053508180608 22.6135767520001 124360128.798748 1.07828319442015 0.259490334784133 36 0.719249908929402 0.0441562689250252 152978037.578881 34.356405222 152978037.578881
1 atacseq_1000.dot 11187378708 1.09844902319902 0.814563330860577 36 4.21473993949984 0.0181637769252931 0.447719961 12097967.2579699 1.06712332846892 0.743291897273701 36 2.96099646593997 0.0159918233893649 12272744.5853259 0.0854739849999999 12272744.5853259
1 eager 19100037384 1.87612612612613 1.69500150915617 8 31.8257913764709 26.8590126085541 0.036721192 5877501.81083392 2.28869778869779 3.18349231639097 13 334.557157020015 22.704921161352 5763743.40955697 0.00474618 5763743.40955697
1 chipseq_10000.dot 32978181418 1.25117948050279 1.09199926445202 36 5.2884234961862 0.00244645967074463 5.20810940299999 838609178.083603 1.10779279200332 1.03330130409811 36 6.92122182075626 0.0231970400337358 837676189.888052 1.569115087 837676189.888052
1 methylseq_2000.dot 110641579976 1.15037929495761 1.89365455208252 36 28.7885867637828 0.000449565042570432 1.537430283 465453566.454676 1.13218748007904 1.87136784464571 36 27.4221980455315 0.00179810323614423 464435282.279211 0.425179954 464435282.279211
1 chipseq_8000.dot 3793245764 1.10782905052106 0.198464337368151 36 0.362645142205978 0.0218954502136989 5.68223696399998 75650845.304305 1.12153903763426 0.321658829619976 36 0.889425163480549 0.0367350915913323 95128096.606626 4.891211196 95128096.606626
1 eager_25000.dot 19132169434 1.19278050617882 0.986105941611036 36 11.9207035570882 0.0234860200928732 114.179058195 350441705.26078 1.12752394910026 0.755400282684834 36 6.51240962770555 0.0279759305459951 325434523.078158 143.936271074999 325434523.078158
1 eager_4000.dot 19132169434 1.33124074567401 1.0506026031078 36 18.0213644231914 0.0402157527384806 6.08647974599999 62231065.0330616 1.16382081021423 0.864168624779589 36 9.68692990693827 0.024024871286781 52697684.2312735 1.80530128800001 52697684.2312735
1 chipseq_1000.dot 4807293396 1.12030944482868 0.655717834177317 36 1.93642036797507 0.0272820410087636 0.399787602 8645718.64426662 1.10871580342734 0.511991570338574 36 1.63096449345288 0.038641478304759 9473106.53475257 0.0988609859999998 9473106.53475257
1 eager_15000.dot 19075314980 1.27724906571901 1.03550460814991 36 15.7425931164583 0.0202507762104321 61.0111217379999 208956851.896779 1.13122988118235 0.753100983175803 36 6.37178854756232 0.0278263274721304 193221138.091819 37.2277243909997 193221138.091819
1 methylseq_200.dot 6761426956 1.66939484126984 1.73478973495328 28 3.8445779117682 0.0101468207022734 0.072624875 3144549.40042226 1.68468915343915 1.98089151098772 36 236.994271981151 0.0180943823431597 3167540.31667829 0.00841133 3167540.31667829
1 methylseq 17027257018 2.83333333333333 1.58695547717156 4 105.599860812469 105.599860812469 0.003120718 2175361.36462051 2.83333333333333 1.8436660310033 5 812.073744488489 812.073744488489 2175361.36458333 0.000274784 2175361.36458333
1 eager_1000.dot 8330435694 1.33413183100683 1.58311103241085 36 21.4820690000739 0.136466653298667 1.084170595 11116426.4737947 1.35179514017556 1.12359736216778 36 7.32817138241054 0.0445259188112356 7008880.92601568 0.19355648 7008880.92601568
1 chipseq_4000.dot 3793245764 1.1246936697998 0.228816536548887 36 0.428894923096847 0.0194994830782219 2.177231655 38209644.9843537 1.11252017767348 0.318157554694094 36 0.862100782252957 0.0330153769464038 46453385.8681208 1.31426281 46453385.8681208
1 methylseq_200.dot 11897958606 1.61210317460317 1.76086984919236 28 3.85931813137961 0.00481813533130151 0.074054518 5816382.10429398 1.75611772486773 1.99505261331511 36 335.39028435479 0.0270119349739145 5694141.48406239 0.008273083 5694141.48406239
1 atacseq_1000.dot 3908761308 1.12031031468532 0.493294785548533 36 1.87947344435541 0.0124450045892027 0.44744623 6996019.43051358 1.06955398114957 0.321575010209283 36 0.946102724262517 0.0142472821356503 7067326.45878184 0.089951919 7067326.45878184
1 chipseq_1000.dot 3793245764 1.13040271694118 0.37283777917729 36 0.835372620108218 0.017660744920734 0.43230915 9756153.26224335 1.12827263548417 0.357285285055189 36 1.03028649153369 0.0195433828002613 10975495.9640612 0.10063966 10975495.9640612
1 atacseq_2000.dot 11809629756 1.11524383520491 0.701712878460548 36 2.68947039416008 0.0199682919056766 1.015298333 22511617.2575585 1.05992312106066 0.725760770095225 36 3.05158144226324 0.0254059831460438 23775876.4136085 0.323418038999999 23775876.4136085
1 eager_4000.dot 8330435694 1.32213676999732 1.04439279511472 36 11.4430744955394 0.0600173401860035 6.075530063 25806012.9225501 1.22772950973127 0.464503811903202 36 1.76397965609409 0.0397078744097105 22898535.303887 2.420270415 22898535.303887
1 methylseq_200.dot 22500260922 1.74255952380952 1.74865361745382 28 3.79391916973489 0.00994418313019741 0.070782106 8425260.22655383 1.67055224867725 1.99460253486186 36 289.377880067233 0.00825459891176461 8185413.20419351 0.008566453 8185413.20419351
1 eager_4000.dot 14754556884 1.34248671679706 1.03737571003485 36 21.0150983193726 0.0524825091641481 6.14210094 59207806.9721545 1.15963397429596 0.748800722820764 36 5.04700371005302 0.0222967869957564 48667592.5390915 2.19443392699998 48667592.5390915
1 methylseq 6761426956 2.83333333333333 1.58326217578873 4 72.0423809343665 72.0423809343665 0.003113975 1080079.26254551 2.83333333333333 1.83987001932113 5 845.346386022481 845.346386022481 1080079.2625 0.000267687 1080079.2625
1 eager_200.dot 19100037384 1.98363363363363 0.990822563678059 12 48.7893810872823 0.469919086189575 0.131090146 5986776.19216066 2.14497574497574 2.64325263884542 29 64.3986729964897 1.14246135438852 5763743.40955697 0.017194055 5763743.40955697
1 methylseq_20000.dot 8885797810 1.0916239511678 1.81216096481405 36 21.3779309261966 9.84288940840514e-08 301.263639613 387746152.688803 1.09059258624088 1.80910110638856 36 23.8882632760555 0.0202718027928337 435029947.557012 116.988268 435029947.557012
1 atacseq_25000.dot 2223941232 1.07971764237302 0.0657124927710213 36 0.119018897176254 0.0256135572797087 46.2989517120002 90076144.1491916 1.07123619285209 0.130600292320273 36 0.389003101398789 0.044706635245547 103997806.489576 62.0684507040005 103997806.489576
1 eager_20000.dot 25705994498 1.23368757155865 1.24538135949245 36 18.2162554804581 0.0286804223563176 107.561167961001 407830020.217093 1.10942480361711 0.800560345534922 36 5.86967156469079 0.0262954922890769 359264442.515747 60.2551297140003 359264442.515747
1 eager_25000.dot 19075314980 1.23067445596922 0.969348092596804 36 11.7786490059322 0.0195553297318488 145.504171757999 340840475.429724 1.12859693278638 0.752116871983638 36 6.41649043277603 0.0276828297818362 325961476.136248 137.349014681 325961476.136248
1 chipseq_15000.dot 5058052541 1.1191662399926 0.397060589739121 36 0.908073717280774 0.0311319413553702 16.437516704 153158460.8622 1.11144993709683 0.498158616065692 36 1.71523703497365 0.0583722747839698 191325873.291241 22.527675026 191325873.291241
1 chipseq_1000.dot 5058052541 1.08665146285339 0.657391589488915 36 2.85963825938323 0.0235580010230937 0.409749416 10359644.8591562 1.13929153111845 0.472991335784425 36 1.55381639693917 0.0395552075429456 11468995.2435089 0.102328648 11468995.2435089
1 atacseq_15000.dot 11809629756 1.08219822812969 0.638054356303855 36 2.02882683099297 0.00735191456588019 17.589235894 161243155.875099 1.06817836756561 0.748280054168804 36 3.45968932625621 0.0355515529009595 192996003.522401 20.16920375 192996003.522401
1 methylseq_2000.dot 8885797810 1.13252215210046 1.81833482674493 36 21.8250962434066 0.000742531023951463 1.64292434 38908250.6002495 1.1304822464461 1.81083234025029 36 23.8719878570488 0.018397405156456 42929462.7212385 0.515012070000002 42929462.7212385
1 chipseq 41366257414 1.625 1.28112899557985 6 12.0303296797314 12.0303296797314 0.005218195 13015031.1742427 1.546875 1.72423411051149 9 9.79219931538679 5.57332846470273 13006333.2904773 0.000465057 13006333.2904773
1 methylseq_15000.dot 8885797810 1.11214580129714 1.80766835465934 36 21.0987004584766 8.61217366650706e-07 148.290068524 290573075.111547 1.09691668678861 1.80872194318371 36 23.8268742942081 0.0200218116626606 325637858.666772 55.8221488539993 325637858.666772
1 methylseq_30000.dot 17027257018 1.13552193364121 1.84691133111539 36 23.2771697678364 5.53290003069977e-05 425.394585512001 1043080371.03046 1.09420223115704 1.80536710562675 36 24.4575535363668 0.0265198987648148 1045506311.58736 336.556628294998 1045506311.58736
1 eager_2000.dot 19075314980 1.34104971999708 1.329283654701 36 25.7201352262401 0.0434401288277497 2.267343883 33401383.4359204 1.26046210736613 0.793301493970523 36 6.46820733418057 0.0245672700203481 26622404.6768733 0.568593675000001 26622404.6768733
1 eager_2000.dot 19132169434 1.33923717994925 1.27029456215606 36 27.2478897343585 0.0414926083273337 2.425071448 33270818.1778615 1.2438085496909 0.795637567297162 36 6.67682260116778 0.0255651728622896 26828756.879023 0.564821154999999 26828756.879023
1 chipseq_20000.dot 4605965334 1.1567886965454 0.30450660166615 36 0.659893141423107 0.0254685291862798 17.7194102209999 202855476.345714 1.11227491480149 0.434174517906667 36 1.45166959574956 0.0501198306339243 258716849.141681 34.0810149639999 258716849.141681
1 atacseq_200.dot 11187378708 1.26369528619529 0.951992096096343 16 1.69975051744417 0.129225299288407 0.059840958 3284004.77376337 1.11536796536797 1.23080783197357 36 6.15670827092812 0.127141776649859 2849837.58319248 0.007482121 2849837.58319248
1 chipseq_15000.dot 3793245764 1.08971714846087 0.199309430389939 36 0.358766319309932 0.0219899627288213 14.035178804 144450301.570198 1.11875323827534 0.324340033940475 36 0.985788244998973 0.0399801912861441 185844062.720608 17.9585428269999 185844062.720608
1 atacseq_8000.dot 14091675276 1.07433447414348 0.777110868524054 36 3.10033247289942 0.0114828552907277 4.149378062 194681084.312674 1.06848497286895 0.750711608427861 36 3.61381536948154 0.0363394649128904 217331732.362899 2.75939867799999 217331732.362899
1 eager_10000.dot 19132169434 1.29340051514009 0.990881231448609 36 16.4387682440491 0.0265404882671648 25.047105398 142665008.874613 1.13275804667252 0.768837933785906 36 6.58831968051343 0.0267130780944047 131880359.405892 13.5965159540001 131880359.405892
1 methylseq_8000.dot 11897958606 1.2696744363411 1.87050251851929 36 4.23532685881937 3.00945104991575e-05 25.092429437 229951089.147446 1.09386966331411 1.80403450258455 36 23.7450428571664 0.0217834334122584 229711385.662988 11.47855267 229711385.662988
1 eager_15000.dot 25705994498 1.24598879514654 1.29661246367716 36 19.0402379403145 0.0232420054668168 60.3040384209998 300845026.641605 1.12260503077037 0.773669714944341 36 5.85143941121739 0.0264121184220694 269455205.838599 29.9985759120004 269455205.838599
1 eager_1000.dot 19075314980 1.40583023395523 1.79281348125834 36 52.5432609707056 0.084230209702613 1.070656277 21576101.0818292 1.39411716144495 0.999230642768309 36 8.94262483840098 0.0278313465566285 15021393.8072308 0.197575496999999 15021393.8072308
1 eager_30000.dot 25705994498 1.2287461887271 1.32978906581638 36 19.7725089728745 0.0194665727549327 329.908353328997 592735487.134831 1.09501642603223 0.777666941328166 36 5.76393749635411 0.0265561126130749 540165757.332312 169.239604641001 540165757.332312
1 eager_10000.dot 25705994498 1.27644709857778 1.32160243759498 36 22.8571245663297 0.0353243613434299 27.189031699 211901235.036482 1.12844142158905 0.795312600241629 36 5.67820274248661 0.0262033752766224 179977299.323266 10.788166278 179977299.323266
1 chipseq_20000.dot 3793245764 1.09394794035749 0.249923969041183 36 0.488549564084168 0.0204275339523856 19.275572099 201816481.016617 1.10913544762494 0.331092330582652 36 1.02679468335053 0.0419617211941741 251694228.832776 35.0433282739998 251694228.832776
1 chipseq 5058052541 1.72916666666667 1.12438378749379 5 7.46041224281775 7.46041224281775 0.005957019 1835720.8552485 1.62202380952381 1.60375365827378 8 7.25079242384473 7.25079242384473 1729658.920629 0.000603011 1729658.920629
1 chipseq_30000.dot 41366257414 1.08992075654397 0.877300430553734 36 3.77502183435481 0.00155120683507367 31.699462437 2922771775.02931 1.09804574595545 0.814253709684435 36 3.37916167458203 0.0133477666562608 3062291308.14778 15.633607119 3062291308.14778
1 eager_8000.dot 14754556884 1.299665807963 1.03141189519989 36 15.4498803264473 0.0174519666269605 17.3315548949999 106417944.66867 1.16060464744675 0.666055742406383 36 4.6304536373115 0.0217452714619607 92907043.3294801 9.27161740199998 92907043.3294801
1 chipseq_30000.dot 32978181418 1.13492421794912 1.18106961299968 36 5.77530744513949 0.00262604449828496 29.5266179780001 2551854469.48507 1.11051629944977 1.06209240902604 36 7.1319862248446 0.0233966150165663 2522405983.34221 14.783764451 2522405983.34221
1 methylseq_25000.dot 110641579976 1.11709048050866 1.84835685305007 36 23.8314574423064 4.90399806699593e-05 443.314149501 5818470117.27423 1.10210014554713 1.84510051939113 36 23.8177058238965 0.00148170712487457 5816771129.64136 165.053752115001 5816771129.64136
1 eager_10000.dot 14754556884 1.27354769214367 0.968039261688808 36 14.8084445958595 0.0279080231061686 20.869524679 136906855.806876 1.14762003985078 0.703938792702701 36 5.55711765853486 0.0238595617622713 118685962.173089 15.1592062989999 118685962.173089
1 eager_30000.dot 14754556884 1.22961418136085 0.961026512618429 36 11.3068403201926 0.011540894273633 137.209361657001 369965707.113282 1.12404455775776 0.674749767865925 36 5.64221701697554 0.0232598735456736 355603306.661708 227.746522844994 355603306.661708
1 methylseq_8000.dot 6761426956 1.30094578705691 1.77338099299024 36 20.205000637528 8.98693939033325e-07 31.45574396 118769471.639024 1.0892261308928 1.78653023202986 36 22.3126202808115 0.0193687520151261 132820868.855541 11.977060037 132820868.855541
1 atacseq_10000.dot 11809629756 1.10175560680214 0.663977387531446 36 2.34438079594866 0.0211841547843944 10.622140895 114355610.061628 1.06702826654789 0.746737744723887 36 3.40538244553993 0.0341192337536319 126338118.293989 8.07235814800001 126338118.293989
1 eager_20000.dot 19132169434 1.22324967866354 1.02883509505092 36 17.9973325359075 0.0228957720633353 88.4203086520003 286548487.551269 1.12691805242366 0.77723646720408 36 6.6814542972141 0.0279722250069394 258852572.090507 74.3352556710007 258852572.090507
1 eager_200.dot 19075314980 1.98363363363363 0.990820710184795 12 70.1059246326411 0.472121710052354 0.133559404 5972447.30053116 2.14497574497574 2.64959879516905 29 65.486051177147 1.17771878748028 5759723.18954605 0.017156187 5759723.18954605
1 eager_20000.dot 14754556884 1.20324697644986 0.928201184739318 36 11.848804827411 0.0160957906685395 73.5343606259997 253017376.239003 1.11957685856554 0.700504935116797 36 5.86415342137649 0.0234194052576005 236047476.400123 81.5005252090009 236047476.400123
1 chipseq 4807293396 1.6875 1.10105558373795 5 8.26944776871052 8.26944776871052 0.006172482 1545194.6160874 1.62202380952381 1.63148762342265 8 8.06892546326878 8.06892546326878 1445344.43778171 0.000611078 1445344.43778171
1 eager_15000.dot 8330435694 1.25539692187509 0.901783174832572 36 10.6449888039395 0.0455453826609636 61.537926299 90315951.6817085 1.15373312720099 0.310148124777289 36 1.18161988347631 0.0521537180301622 83001783.4656312 43.7119560459998 83001783.4656312
1 methylseq_10000.dot 6761426956 1.08789865152412 1.79732552569969 36 20.5073632739686 6.7382526548151e-08 63.5939245829999 148961130.596702 1.09300545615073 1.78382468031732 36 22.1508822246474 0.0194964152207606 166253669.473252 19.3041425820001 166253669.473252
1 methylseq_1000.dot 22500260922 1.20513801236693 1.23901499232104 36 17.2587146553202 0.00178564467956121 0.4932579 35935299.9798178 1.18494613374131 1.22105347645026 36 13.8034723915446 0.00624667838680505 36131113.6635813 0.133346616 36131113.6635813
1 methylseq_8000.dot 22500260922 1.15584632251299 1.22807504291619 36 13.2950846654687 1.95098488646818e-05 24.590132032 281117748.396879 1.08116449783116 1.22380822264597 36 13.2931062751114 0.00589026010794197 284990644.114339 9.30650807599995 284990644.114339
1 methylseq_25000.dot 8885797810 1.11316540805262 1.81407475609908 36 21.496414269851 7.63882049834178e-08 504.081372618997 484861386.208067 1.09137843007265 1.80955435952173 36 23.9577179816184 0.0205892463097903 544844450.908147 206.341965905 544844450.908147
1 atacseq_1000.dot 2223941232 1.10581694694195 0.378901339137962 36 0.867220980720085 0.0197151602474113 0.488842426 4045493.81802109 1.05732179666738 0.220888788447548 36 0.53534031192128 0.0128222411582809 3858907.58472653 0.0936875660000005 3858907.58472653
1 atacseq_4000.dot 3908761308 1.07087120889384 0.19153076720645 36 0.38899625596376 0.0259259105349802 3.065898682 26009651.4052762 1.07055813255532 0.28927123133205 36 0.74858059118342 0.0357407780978093 29888560.3983133 1.24542769 29888560.3983133
1 chipseq_10000.dot 3793245764 1.10335081845891 0.248533931986734 36 0.482676703078161 0.0209359538491242 7.61632983799999 100759146.803948 1.10935234877905 0.311252017174332 36 0.936704976735485 0.0381765570601344 121150321.054475 7.61873960099999 121150321.054475
1 eager_1000.dot 19132169434 1.4159022002772 1.79094700700185 36 19.6997974470748 0.026210672533796 1.124867707 17299208.130747 1.39243693743501 0.997479210163827 36 8.81718916930432 0.0276667342265721 14959507.7890775 0.19245752 14959507.7890775
1 methylseq_20000.dot 17027257018 1.15527957214634 1.87291875207625 36 4.18559660676784 1.63171517390893e-05 212.086281484999 695305458.244228 1.09635203287668 1.80424888774361 36 24.3747100843091 0.0264976262379039 696670457.250893 119.148252898001 696670457.250893
1 eager_8000.dot 25705994498 1.30928724543789 1.31123368678581 36 21.4157738550105 0.0234651642938542 18.623056404 161557717.846971 1.12171324501561 0.781993681714208 36 5.92161213910129 0.0260135979335252 143116739.288704 6.61992625000002 143116739.288704
1 methylseq_2000.dot 17027257018 1.18207751641487 1.91265641114058 36 3.84701376068193 0.00016376461998855 1.495532598 69457785.9990123 1.14639510422643 1.80891156345698 36 25.4270131894121 0.0256476873490731 69294539.8928786 0.543010818999998 69294539.8928786
1 methylseq_4000.dot 6761426956 1.39508953397842 1.75973822916788 36 19.8174801846369 0.000129467976547381 5.25069412799999 59407948.7000688 1.10024707246929 1.7777093437952 36 21.6763093233819 0.0185775077853346 66002148.6118815 2.32953699999999 66002148.6118815
1 chipseq_8000.dot 4807293396 1.09808727388077 0.36528535839448 36 0.836179848205785 0.0365859308233686 5.92094628699998 64826544.0601791 1.1002013921293 0.592054288152992 36 2.03749486052508 0.0552801117168081 86770941.6965663 5.76527200400001 86770941.6965663
1 methylseq_20000.dot 6273818718 1.1221591811328 1.21687590386131 36 12.3965430347124 5.61698491305092e-08 270.184159163 232277126.36601 1.08827261063159 1.22203925578749 36 13.6530132569921 0.0192659613958977 254667927.531588 109.516708391 254667927.531588
1 eager_4000.dot 19100037384 1.33795091319236 1.09215097984013 36 19.575063835843 0.0408311457447128 5.88191128099998 62838424.4620366 1.17741182281116 0.903116759267034 36 8.88735986353003 0.0243373179352608 52833343.3575819 1.760048962 52833343.3575819
1 methylseq_20000.dot 22500260922 1.11256566118514 1.23242299845009 36 13.5911781212723 6.28861093643694e-08 212.854728621 702761765.618702 1.09140084605274 1.23155606100407 36 13.8394685402978 0.00602584104506657 713009120.715923 103.678444616 713009120.715923
1 eager_2000.dot 14754556884 1.38743871150288 1.27575364018876 36 33.8167829012108 0.0403697171039152 2.336028376 31813838.3066447 1.27849326966974 0.741923754486405 36 4.89058025260176 0.0271704639324437 25472452.8137011 0.644173846999999 25472452.8137011
1 atacseq_20000.dot 11187378708 1.08909399572886 0.639121826380073 36 2.1306468203565 0.0191364449532042 33.701371997 246274340.428884 1.06769391363003 0.727247253197281 36 3.19224132906958 0.0315841631627388 274520436.535337 38.109777985 274520436.535337
1 methylseq_4000.dot 22500260922 1.15343518121296 1.22683973030208 36 13.1910204807141 0.000605088922400739 4.735156285 140994294.911541 1.09362537140315 1.21886900523278 36 13.0367354402498 0.0062208670443133 142765612.881658 2.12405229999999 142765612.881658
1 atacseq_15000.dot 2223941232 1.07244833613361 0.0763849050310196 36 0.128889702315401 0.0250782667537484 21.274433547 54467526.6788304 1.06736338106875 0.121637777460212 36 0.371901204369729 0.0427700493053073 61530469.5872883 20.2607609469999 61530469.5872883
1 atacseq_8000.dot 2223941232 1.08061927153033 0.0616788039843187 36 0.126514441381361 0.0225408325152829 8.33856944399999 29156819.1291537 1.06974965636283 0.135848001262463 36 0.39456998473827 0.0386233185081817 33258768.275729 5.27239938200001 33258768.275729
1 chipseq_200.dot 41366257414 1.15395021645022 0.804196465648361 18 3.81992068277736 0.0173455200736225 0.045783719 19671559.2516116 1.10078463203463 0.83371280419751 36 2.37321950228218 0.0108927026960986 18194806.8773954 0.00383173 18194806.8773954
1 eager_200.dot 19132169434 1.98123123123123 0.991530722274711 12 65.8131784694101 0.471411142181879 0.128204733 5968564.68633359 2.14497574497574 2.64041224412906 29 62.9417746730997 1.15142256375045 5748622.01082724 0.017022753 5748622.01082724
1 chipseq_25000.dot 4807293396 1.09850416100414 0.38815503127429 36 0.908203323728946 0.0363874016311051 30.1872326909999 208346101.071009 1.0956833821417 0.546344238446987 36 1.91389165448086 0.062971927210447 272771756.463806 72.9841762599996 272771756.463806
1 atacseq_4000.dot 2223941232 1.10587805707471 0.101467868019998 36 0.183926848543252 0.0167665970474173 3.342657633 14599602.1513895 1.06761605288854 0.122410889454345 36 0.36298090036824 0.0346700206927459 16230609.1446771 1.255540743 16230609.1446771
1 chipseq_10000.dot 41366257414 1.0473141885266 0.802917426831776 36 3.0597633649535 0.00166624511133632 5.199232814 952951893.551345 1.10768523456494 0.820939627719027 36 3.50994797133051 0.0132646922400094 1016690255.57751 1.510664108 1016690255.57751
1 chipseq_4000.dot 4605965334 1.11660244236895 0.319994982820572 36 0.650551066777322 0.025561413410887 2.350542062 38565670.8675905 1.09550558194426 0.42411084587451 36 1.25022323086548 0.0405925053803995 47593557.0289214 1.227528638 47593557.0289214
1 atacseq_10000.dot 2223941232 1.0777092702156 0.0806216620659279 36 0.144602815572651 0.0225585002924475 11.307755559 36633905.6728329 1.07022948964227 0.124218152710704 36 0.375555153918462 0.0408804966967778 41084786.2286677 8.306079865 41084786.2286677
1 chipseq_25000.dot 3793245764 1.11264647202145 0.273279824601757 36 0.559140002619497 0.0198586091904109 32.8918518870002 259814964.556684 1.12557890682889 0.332438927571789 36 1.04146191053125 0.0416230859370033 317492090.152114 58.3292387029994 317492090.152114
1 methylseq_25000.dot 17027257018 1.23334781184039 1.87128149725535 36 4.22274824243778 5.09846734091602e-05 371.251592596 869546916.805985 1.10495203042014 1.80892045366461 36 24.7023422610512 0.026504524073621 871487689.386019 223.350085660003 871487689.386019
1 eager_30000.dot 19132169434 1.14525820204308 0.958882366331001 36 12.3302218512188 0.0216118328619491 164.488595155999 411796544.970706 1.12444043258015 0.753732852943207 36 6.70761898458017 0.0280573435983968 392009295.845929 194.638009577998 392009295.845929
1 eager_2000.dot 8330435694 1.29803671862495 1.22157696785953 36 26.1966750326192 0.0815660367887069 2.424356304 16742913.9389304 1.24680556429782 0.686753046771602 36 3.25616550505647 0.0393026271262469 11599323.2629718 0.559385028 11599323.2629718
1 chipseq_30000.dot 5058052541 1.12242419885507 0.408355996294566 36 0.934177050199462 0.0298686673170664 64.2221161850001 313529975.014257 1.11219057041095 0.482214630273082 36 1.70200819198194 0.0616463646685358 381932617.234445 111.204777695001 381932617.234445
1 methylseq_4000.dot 11897958606 1.3656990323657 1.87811908777431 36 4.26974773052984 0.000319050689464493 5.791267143 115184860.243037 1.10041787819565 1.80574663257181 36 23.8879922147756 0.0219820427225819 115009079.116973 2.33302794299998 115009079.116973
1 chipseq_4000.dot 4807293396 1.09159816205807 0.377410538845796 36 0.878055972579651 0.0326280118114032 2.49996802 32800348.0292459 1.09633245423339 0.546435082301131 36 1.78136019158554 0.0543043667344178 40894026.0791398 1.384532108 40894026.0791398
1 eager_200.dot 14754556884 1.98314028314028 0.991167268174391 12 52.1474403972109 0.50130979188222 0.134075852 6092484.24459369 1.97261657261657 2.85914898025269 33 54.3986802957828 1.00026493087241 5682802.91865663 0.018615093 5682802.91865663
1 methylseq_15000.dot 22500260922 1.11551781107428 1.2330158476553 36 13.639191795777 9.31858225924193e-08 114.302295331 526816064.612189 1.09505276178618 1.23361763818938 36 13.9922369816369 0.00605008266763358 534377139.089464 47.8569034389999 534377139.089464
1 chipseq_20000.dot 32978181418 1.18882351612716 1.15589171131958 36 5.61565729402274 0.00262173424123544 14.523742544 1694888521.15686 1.10588193486736 1.05266987372757 36 7.18801725131922 0.0234109670239656 1678704343.65758 6.06802799899997 1678704343.65758
1 methylseq_2000.dot 6273818718 1.12840249888442 1.20293707113727 36 11.7791346152056 0.000833598807851347 1.58584174 23499751.0752742 1.14959042519283 1.19885826763083 36 12.4333072947839 0.0155282137148082 25058503.0004628 0.476024013999999 25058503.0004628
1 methylseq_1000.dot 17027257018 1.3532383502263 1.94193919946067 36 3.88926911301359 0.00177319662593027 0.536962848 35065399.8441079 1.16199719512972 1.82909318461219 36 30.7061210966479 0.0266295693594212 35036667.78209 0.148826511 35036667.78209
1 eager_25000.dot 19100037384 1.23602087775397 0.991048720134327 36 14.2330273385562 0.0180393205935423 162.056835639 340237350.766763 1.12592688854464 0.752603829164526 36 6.45144851020267 0.0276210000199483 326905543.005548 142.378399775 326905543.005548
1 chipseq_8000.dot 4605965334 1.10684981815468 0.323042985369908 36 0.661212711457499 0.0263310036780076 5.13739735299999 78169334.1657266 1.10532926451814 0.424733993370203 36 1.28608734300985 0.0444995144810218 97622796.0167247 4.77827941600003 97622796.0167247
1 atacseq_2000.dot 2223941232 1.11253132893848 0.198378099635032 36 0.326307617815019 0.013924126994395 1.185518103 7258587.94567081 1.05123793369901 0.161574372041387 36 0.335658578988987 0.0205453335793803 7676016.93545345 0.343830215999999 7676016.93545345
1 methylseq_200.dot 6273818718 1.63169642857143 1.73206890212131 28 38.2982474990051 0.00978550680925563 0.073382779 2880500.76277423 1.71337632275132 1.97534929054339 36 413.924470931818 0.0120308898237069 2813026.45 0.00841126299999999 2813026.45
1 atacseq_8000.dot 11187378708 1.09139898679354 0.655698775097437 36 2.25033668910807 0.0182984854309333 7.14686931800002 98324954.0250437 1.06726517156127 0.737419057451621 36 3.2057991594848 0.0288766345537757 109169991.470362 5.11491491 109169991.470362
1 methylseq 8885797810 2.83333333333333 1.58744561846005 4 125.308185733204 125.308185733204 0.003158697 1402989.43753056 2.83333333333333 1.84416449192434 5 1249.6374574869 1249.6374574869 1402989.4375 0.000277077 1402989.4375
1 methylseq_10000.dot 22500260922 1.10981217883981 1.2325892607175 36 13.6016308540342 2.46820269891675e-06 44.401929113 351142351.443263 1.08406378424387 1.22758211203663 36 13.4730533396272 0.00591857684134726 355975160.10926 17.413311788 355975160.10926
1 methylseq_1000.dot 6761426956 1.18626888506407 1.83526220784511 36 26.6441838532213 0.00173889395275814 0.584208177 14975975.6877749 1.14684133358832 1.79783028318479 36 24.814415018369 0.01580409400911 16210130.526665 0.148277514 16210130.526665
1 chipseq_2000.dot 3793245764 1.11844405594406 0.267162357574237 36 0.553009585498961 0.0203802007656659 0.926140529000001 19972600.7040596 1.12512098924283 0.313777452886015 36 0.893163047141497 0.0274195268491094 22518991.2347325 0.348701414999999 22518991.2347325
1 methylseq_25000.dot 22500260922 1.12027511703463 1.23367475986317 36 13.7056493744932 1.1992166858382e-07 385.939841339001 878994726.804229 1.08798042607455 1.23127242560882 36 13.8090433211451 0.00607226139472689 891619484.399741 167.685350676 891619484.399741
1 chipseq_30000.dot 3793245764 1.10793189730064 0.263476554925507 36 0.536233100279444 0.0199664210078657 41.5561411290001 309073793.270803 1.11709337281428 0.342320253046337 36 1.06037099677582 0.0415965382351918 385419203.533625 89.7822990049995 385419203.533625
1 methylseq_1000.dot 8885797810 1.184165232358 1.84552414975091 36 24.4731204643784 0.00175516715782176 0.549308585 19506411.2626633 1.16316057882323 1.82729333450804 36 27.9588760133217 0.0160800354285916 21270082.1890488 0.147876584 21270082.1890488
1 eager 19132169434 1.87612612612613 1.69421906356263 8 30.8614281562153 26.0405047482804 0.036729816 5856854.49460451 2.28869778869779 3.18247538281063 13 325.388657180997 23.1437756081373 5748622.01082724 0.004664369 5748622.01082724
1 methylseq_10000.dot 17027257018 1.2796451914099 1.87432055651647 36 4.24756164595182 0.000175312692215372 45.661206383 347989235.966715 1.10093561234019 1.79942224956553 36 24.0545780798236 0.0263948512292426 348243933.728747 20.4345711009999 348243933.728747
1 eager_200.dot 8330435694 1.78978978978979 1.51127533722544 12 54.1446269219794 23.7772802246761 0.148212643 3409114.13024933 1.96846846846847 2.85110265733584 33 46.1431093602308 1.41737277547808 3093597.75778369 0.018506346 3093597.75778369
1 chipseq_10000.dot 4807293396 1.10054758316037 0.390693560278779 36 0.920672479990333 0.0355332245964677 7.309685331 82400469.7546216 1.09524271154911 0.578570743619882 36 2.05832752196996 0.0573946001851708 109378215.094273 9.45683686300001 109378215.094273
