algo_nr wf_name inp_size avg_spread_dyn cv_proc_load_dyn num_used_procs_dyn idle_to_work_dyn idle_to_work_30s_dyn dur_alg1 ms_1 avg_spread_stat cv_proc_load_stat num_used_procs_stat idle_to_work_stat idle_to_work_30s_stat ms_perc dur_alg2 ms_2
1 atacseq_30000.dot 14091675276 1.18186209613628 1.13563488236113 36 80.2678086590737 0.711202719199502 52.7132100490003 14311980453.425 1.05281102310739 1.08605543847276 36 112.301440743813 1.24779656079976 20613654729.51 40.0702536250003 20613654729.51
1 chipseq_15000.dot 41366257414 1.10683807879653 1.4101947649605 36 41.9704439518296 0.0610913417812509 15.062077073 24076130677.662 1.086912435436 1.25055160391726 36 85.6746761620378 0.173275824217382 24805505353.8656 2.97338391899997 24805505353.8656
1 methylseq_15000.dot 6761426956 1.22669352413148 1.805337882252 36 168.041534723389 2.0313128432026 113.962657067 2943479613.20809 1.07484294313761 1.7290930173389 36 453.777058237375 3.89942016183993 5484016731.94457 47.1908236989998 5484016731.94457
1 atacseq_15000.dot 3908761308 1.15011024636914 0.544715968694294 36 5.39632813339196 1.12407003456633 12.230984446 2245540315.63919 1.07012982877191 0.34982534697445 36 10.7735039600044 2.26157759594094 3431906228.75596 12.331079643 3431906228.75596
1 eager 19075314980 2.94594594594595 2.59700284820084 8 18.1466870567626 18.1466870567626 0.040393864 27218317.5268219 2.61518661518661 2.80741951889882 9 1672.01275395897 1438.09017960446 25054904.3488318 0.00489235 25054904.3488318
1 eager_1000.dot 25705994498 1.9035111003861 1.93989101241664 36 644.375338803044 0.79043097936943 1.028230209 331404909.834358 1.52832276936379 1.74079890944787 36 1122.58470348423 1.61308217567818 300302386.544196 0.229737142 300302386.544196
1 eager_20000.dot 8330435694 1.31006569588699 0.880010894922479 36 50.933169688832 2.09618757233546 91.6560218989998 3484928048.94824 1.11632088714362 0.261919425257115 36 36.8152814426355 4.95790884182816 4114015690.04259 74.3169312649993 4114015690.04259
1 eager_25000.dot 14754556884 1.22946285823894 1.34803117130077 36 62.6445918965933 0.508150915777157 86.6148813000002 4122171111.88502 1.10254434870073 1.11602703962416 36 79.3985368329449 0.687026773052126 5085108284.14788 128.313482171001 5085108284.14788
1 methylseq_1000.dot 110641579976 1.4175909989163 2.20550970785715 36 7015.07059739215 0.00392035840869078 0.493099213 2691853813.04462 1.15648307515777 2.19716564807789 36 536.903795263477 0.0247915630818908 2674447729.71435 0.127439489 2674447729.71435
1 chipseq_200.dot 5058052541 2.21130952380952 1.39252545944953 18 7.93086793380063 0.664134685440034 0.090322562 25849979.7846133 1.67729591836735 1.13880791870576 20 28.5518224795396 2.1707539580294 21459966.3508217 0.006680653 21459966.3508217
1 atacseq_30000.dot 11809629756 1.14782918799261 1.13475926404787 36 67.9875409712853 0.540116856326425 48.4746206040001 7633434579.6848 1.05917308290449 1.05270071210841 36 83.0262506189782 0.943572494070997 11024749427.2831 69.5079663140008 11024749427.2831
1 methylseq_1000.dot 6273818718 2.17661120673169 1.65647964209994 36 69.365825408744 1.79769962793008 0.537128653000001 117492721.615743 1.19645247657296 1.44325239130056 36 165.778855131188 2.26913151151297 155363024.60484 0.127973125 155363024.60484
1 chipseq_4000.dot 41366257414 1.14529217506812 1.42942650872158 36 39.8474856057129 0.0588746338466447 1.916795131 6309736293.33035 1.0726445658639 1.25255246232837 36 67.8176928345725 0.162783372150567 6508628187.26707 0.254296174 6508628187.26707
1 atacseq_2000.dot 14091675276 1.15870737511453 1.20757269695541 36 74.1837968450912 0.715174739759484 0.793819199 963957443.290235 1.05897982189433 1.11758419463886 36 117.859532673722 1.1393370958225 1193260805.69448 0.193114911 1193260805.69448
1 atacseq_1000.dot 11809629756 1.43716005291005 1.40762515328017 36 42.5528275780036 0.810829759103807 0.453287949 196911290.744241 1.09519099228658 1.20137445269699 36 79.7191126416416 0.932355295131627 262330673.776666 0.0934360009999999 262330673.776666
1 methylseq_200.dot 17027257018 1.82771164021164 1.79701344487143 28 81.5166553353134 2.3141063836089 0.075532336 109269464.02862 1.57911706349206 3.28356974156541 36 1045.28008226003 2.66227862940295 107253971.554129 0.008396839 107253971.554129
1 methylseq_30000.dot 110641579976 1.14818731725496 2.19501709752826 36 268.587945371409 0.000895050024377205 642.92053709 76345846510.9675 1.07708268492586 2.19139607156778 36 273.034033400721 0.0188392465443966 77910475390.0301 262.821921909999 77910475390.0301
1 methylseq_8000.dot 110641579976 1.27615115115116 2.19524493359016 36 269.938556131819 0.00108512800517529 21.412708195 20455239573.0261 1.07637995137995 2.1921435226349 36 273.383946813038 0.0166173007139652 20516710202.9243 8.51031355000003 20516710202.9243
1 methylseq_20000.dot 6761426956 1.18755359286574 1.80381442054429 36 287.485577247743 2.03018121188796 171.796512547 3920956245.13957 1.07103873295353 1.75428307494419 36 474.547275130909 3.925826982634 7362204209.57392 112.930580391 7362204209.57392
1 atacseq_8000.dot 3908761308 1.16970244953119 0.567366113644295 36 6.85929626673947 1.42297940995277 5.72824709499998 1146805833.94304 1.06853411968101 0.416889619653057 36 11.7650343066119 2.5400577204999 1738840650.98499 3.51070292799998 1738840650.98499
1 methylseq_8000.dot 17027257018 1.33861838028504 1.95643677281466 36 108.347525286892 1.59890141568835 21.346310572 4073885870.15847 1.08986168708391 1.80507018674569 36 611.540273478646 4.39605136977336 7409272563.55296 10.415307456 7409272563.55296
1 atacseq_10000.dot 14091675276 1.18284384939085 1.12831070790838 36 83.2388327160457 0.706598211357634 5.76988254100002 4764833414.15466 1.05778840789182 1.13444474134486 36 119.09431201997 1.18788831043807 6625358157.52605 3.51281776800001 6625358157.52605
1 atacseq_20000.dot 11809629756 1.14812631976291 1.12480435378632 36 54.6221927383194 0.564819654303208 50.1763070559999 5096162465.184 1.0605609190412 1.02927034546508 36 111.432589518106 0.795182936514983 7262948141.02932 29.1095545440002 7262948141.02932
1 atacseq_30000.dot 3908761308 1.14714310530569 0.492106131491697 36 5.2296498103665 1.05314559215363 32.0562925620002 4555918337.78789 1.06133830021471 0.360175911335906 36 10.521203167916 2.14846283637073 7104665662.73431 57.8652900270002 7104665662.73431
1 eager_2000.dot 25705994498 1.52139326123283 1.01464086368284 36 562.258525161732 0.911606753806805 2.312059146 680636515.026149 1.17437740301517 1.24402659364784 36 201.889397486509 1.05058321499419 624776021.560702 0.453717477000001 624776021.560702
1 eager_1000.dot 14754556884 2.07389544577045 2.04104801041912 36 432.717186182901 0.439435301917493 1.202649001 178381219.900717 1.55184494960037 1.42583505406025 36 370.513085063438 0.505017270893708 149502120.624704 0.233500798 149502120.624704
1 atacseq_30000.dot 11187378708 1.14972524273446 1.1068229306944 36 49.9502107599395 0.558919728419882 56.1430908039999 7396878417.8088 1.05849816262714 1.08975019378976 36 70.85432332234 0.692114607657347 10482170434.3368 74.3305272599993 10482170434.3368
1 methylseq_10000.dot 8885797810 1.22739413225607 1.82382793690094 36 302.970921401007 2.04050133059792 36.8156926790002 2572277301.90797 1.07629083379385 1.78635785719771 36 490.732227145042 3.66827018806072 4774583674.0549 17.769702864 4774583674.0549
1 atacseq_4000.dot 11809629756 1.15860686788275 1.18566974239349 36 56.7091114882084 0.596984197971763 3.03147282 977973908.624521 1.07171523976419 1.10757620833002 36 94.487093488785 0.838417987082904 1349400986.25427 1.06965718200001 1349400986.25427
1 atacseq_1000.dot 14091675276 1.20618189218189 1.37390005414196 36 86.5833633206761 0.68589343237248 0.359958481 483198529.638179 1.08502592668769 1.18441125810285 36 98.6725508818891 1.07097933294472 524178680.546225 0.0749840800000001 524178680.546225
1 methylseq_4000.dot 6273818718 1.24940416607083 1.68449968783395 36 128.91772326238 2.00523826389235 4.51650532600001 467685530.091612 1.08947836725614 1.45785205047563 36 185.20685934526 2.68222637705627 738184458.97555 1.93060247100001 738184458.97555
1 chipseq_1000.dot 4605965334 1.56939241314241 1.13858302622248 36 35.5673273451487 1.18482256457889 0.524176842 227729287.716445 1.23302845658615 0.89082568707254 36 46.218455746731 3.24405056111882 276452281.614259 0.115959346 276452281.614259
1 atacseq_200.dot 11809629756 1.65861111111111 1.38507929625427 17 14.2662820478128 0.659346577478398 0.064837268 6620611.83008642 1.42172619047619 1.63434355262454 27 12.4005278362556 0.455560893408735 5533256.92800721 0.006899827 5533256.92800721
1 eager_8000.dot 19075314980 1.35469166495997 1.30211798594613 36 192.863325880456 0.373347571197549 17.002956683 1866304941.39467 1.12625109113241 1.12631809528849 36 106.164358261981 0.731017707327408 2027845891.52947 8.08873887099998 2027845891.52947
1 methylseq_10000.dot 110641579976 1.13202900207703 2.19520215433196 36 269.796015117014 0.00107935607590593 44.1618188949999 25552942323.8361 1.08586450453199 2.19140952434429 36 268.419925219308 0.0161158905071128 25590817464.5231 14.7361384610001 25590817464.5231
1 methylseq_2000.dot 22500260922 1.46448492382227 1.37077204360723 36 56.2283293613626 0.0588563984902282 1.251197801 299363383.115321 1.15351086887231 1.44224414701919 36 87.5033742325743 0.231642206541656 461797836.712509 0.413927476999999 461797836.712509
1 chipseq_200.dot 32978181418 1.62011054421769 1.27761094457399 16 55.7044409379139 0.373511867183544 0.051317483 289937656.433206 1.1796343537415 1.80260610783929 30 147.286894502928 0.170513998850915 239299454.829534 0.004405433 239299454.829534
1 chipseq_2000.dot 4605965334 1.18624183042696 0.918313300856111 36 24.7382903598309 1.86201358377194 0.921970355 531657809.26188 1.18281593143144 0.659456417829263 36 32.5350652412838 2.61740326669511 699226217.019142 0.33220854 699226217.019142
1 methylseq_30000.dot 8885797810 1.2288830876266 1.82105491180128 36 218.529984171804 2.05844044247735 692.518707928001 7754794104.8065 1.07147197503343 1.79867594549521 36 532.750282885177 3.95095525136853 14690526360.1096 352.184606864996 14690526360.1096
1 eager_20000.dot 19075314980 1.31624312255739 1.28131177354574 36 122.237266882302 0.418938145902654 64.8751238750001 4605651396.48004 1.11416128964767 1.08651116012807 36 110.160230354273 0.772371558526059 5197701303.36306 67.7641199580002 5197701303.36306
1 atacseq_8000.dot 11809629756 1.18649071626206 1.17786264225586 36 57.3301739412322 0.548933100655321 10.561230513 2047628898.91289 1.06176395762032 1.07496988594636 36 111.818221683036 0.898370608729875 2862061361.11529 4.14812054200001 2862061361.11529
1 eager_30000.dot 19100037384 1.23675320680264 1.27430952786485 36 111.040349783496 0.412319992534008 145.791170052001 6830273069.64378 1.10369903959009 1.08502002760929 36 106.26736160941 0.779853111484336 7885282583.22476 207.776732365999 7885282583.22476
1 chipseq_200.dot 4807293396 2.40476190476191 1.24651210774004 15 4.89155093468845 0.896569552673474 0.059432741 23918184.1805286 1.74255952380952 1.19150210044844 18 23.0359194522062 2.71187296962259 20121294.7224669 0.00671448800000001 20121294.7224669
1 chipseq_200.dot 3793245764 2.24107142857143 1.42539326209549 14 2.20526926609563 2.20526926609563 0.065924282 5910210.21829863 1.76190476190476 1.07926386526363 18 2.6833699816022 0.634302119792508 9568259.69355075 0.007419387 9568259.69355075
1 eager_8000.dot 19132169434 1.34593338847208 1.30679844467104 36 156.956424769599 0.389765317078825 18.416647001 1884786862.79152 1.13146347693303 1.12952566439667 36 102.339021697968 0.723052222654835 2032175301.65948 7.93037695899996 2032175301.65948
1 atacseq_10000.dot 11187378708 1.14762021006062 1.12426318491589 36 49.7972919760609 0.581183426215316 12.145036645 2466596308.5432 1.06939273770042 1.08546295608514 36 78.0106149229813 0.75654780968584 3425331506.73267 6.45156877 3425331506.73267
1 chipseq_20000.dot 4807293396 1.18437317923001 0.940687010174692 36 33.3841729597314 0.817720146316339 23.2299083999999 5457525680.379 1.08100041645877 0.615448409160369 36 47.5222558068246 3.17841563462469 8149028854.62348 34.0218373210005 8149028854.62348
1 chipseq_10000.dot 5058052541 1.22696087851163 0.887740968846601 36 26.3347692163763 1.55076428300234 6.661767694 2977321331.48107 1.09832582048278 0.661679204226609 36 52.3468405800772 3.02099089052105 4581273041.55288 7.78633647700001 4581273041.55288
1 atacseq_4000.dot 11187378708 1.16688466761996 1.16860152150825 36 44.5132496362788 0.52257913858164 2.807731514 966410204.044321 1.06437542770624 1.07320637715648 36 80.4519179066103 0.789465058783542 1299189839.85348 1.080361176 1299189839.85348
1 chipseq_4000.dot 32978181418 1.22755565974905 1.76873729172694 36 42.4051776964013 0.0934269697212692 1.71612845899999 7114798863.06894 1.12618467748184 1.6010024930005 36 86.4525514756024 0.259311538629958 7747027372.21281 0.271017935000001 7747027372.21281
1 eager_4000.dot 19075314980 1.48577474815403 1.34994272270932 36 473.886556636892 0.354010447119311 6.85190086600002 920896180.065431 1.1754639560679 1.22309244375977 36 123.735869784094 0.612668778418725 976204756.493835 2.04973251800001 976204756.493835
1 methylseq_4000.dot 17027257018 1.41818802929914 1.95495722049424 36 111.670244664599 1.6131343064556 5.209674465 2054378682.59813 1.12262262262262 1.86276907873237 36 625.93360876828 3.85023335198581 3636309518.77113 2.31895092399998 3636309518.77113
1 chipseq_1000.dot 41366257414 1.14743509695433 1.40003829799243 36 27.8626112282608 0.0574083678191867 0.333227175 1500287140.05967 1.07825067560644 1.25906412756404 36 35.4813821638092 0.158877269734675 1547796696.20096 0.027674041 1547796696.20096
1 atacseq_10000.dot 3908761308 1.16393267924461 0.569454367574458 36 6.33785426684986 1.14685228382413 7.20541060099998 1473581099.73042 1.09022384482519 0.40153787080624 36 11.4068437082165 2.55345587991741 2233295487.74118 5.794015885 2233295487.74118
1 eager_1000.dot 19100037384 1.8869680994681 1.59174676464859 36 868.094272522816 0.411792926431403 1.122198681 255492448.206322 1.53961161387632 1.48345460717555 36 428.78419737605 0.449374976708978 202090981.919325 0.215238536 202090981.919325
1 eager_25000.dot 25705994498 1.2475630866679 1.05496321219119 36 207.023385667239 1.2926017031499 220.598851181001 8961184128.71668 1.08808406898883 0.903624488732172 36 117.583612385909 1.05122056716553 8359222271.13515 104.491850466999 8359222271.13515
1 chipseq_25000.dot 41366257414 1.07131024839357 1.40972782798677 36 43.8942972268683 0.062661497129349 31.76372122 40609379302.5293 1.08527288214786 1.24614998800396 36 41.2131367037798 0.17782491359549 41590777065.2914 9.03718227900003 41590777065.2914
1 methylseq_15000.dot 11897958606 1.19281456911561 1.95676588634656 36 87.9828922493179 1.33748653652928 100.769995277 5425020692.73015 1.08092717560295 1.79849788061142 36 531.492747863309 3.93047911216636 9807786125.15553 53.095799946 9807786125.15553
1 atacseq_30000.dot 2223941232 1.15689595589845 0.417742368815885 36 4.24243558536149 0.849367892828418 52.1135961310002 2778832941.21288 1.06701235459411 0.286611411539852 36 7.17711022138405 1.83320138542523 3932827649.63018 72.2535028990003 3932827649.63018
1 methylseq_1000.dot 11897958606 1.32496653279786 2.01385128028492 36 91.2291775943316 1.34717873272091 0.508682969 363685848.534241 1.20005418499394 1.95707928522339 36 528.84324348652 2.64478696639762 592105514.51069 0.141025951 592105514.51069
1 atacseq_2000.dot 3908761308 1.27375345696424 0.883275322338684 36 27.4243595135565 2.22495244658026 1.210223144 264642314.941887 1.09593201956956 0.642641852780287 36 33.8065610374753 3.99341617330578 362413234.344406 0.325028732999999 362413234.344406
1 methylseq 11897958606 2.83333333333333 1.58733757259425 4 933.988157933272 933.988157933272 0.003166355 1840539.79031881 2.66666666666667 2.06896472368518 6 2157.08006567548 2157.08006567548 1840539.7875 0.000268839 1840539.7875
1 chipseq_25000.dot 5058052541 1.21168298772465 0.868423972455162 36 25.1979440261238 1.51176067824482 25.9614144289999 7608501476.83888 1.10771122750287 0.566686141566 36 41.2613695328399 3.55698485149939 11411336316.2573 56.3507488310003 11411336316.2573
1 methylseq_15000.dot 110641579976 1.14923367265243 2.19502767392837 36 268.421661973476 0.000903603117844949 119.332596269 38220983311.4001 1.07537776252751 2.19143943462222 36 271.480467399162 0.0178095562256169 38725452417.131 35.9249373679998 38725452417.131
1 methylseq_15000.dot 17027257018 1.38196165397927 1.94904123948476 36 111.655827353874 1.60547936652554 101.247565666 7667494812.31198 1.07743125717508 1.78086777571654 36 613.108558913967 4.70137944808269 14035990373.6755 49.1934262950003 14035990373.6755
1 eager 14754556884 2.56981981981982 2.63170237580409 8 398.589233754615 398.589233754615 0.037282324 10456938.7931481 2.6972972972973 2.62522518904768 8 137.340217792987 137.340217792987 11291647.3931445 0.005329987 11291647.3931445
1 chipseq_2000.dot 32978181418 1.25366537470968 1.78574261878938 36 43.2815544202779 0.0893900461154134 0.740249986 3518445720.25853 1.11777989942547 1.65909294755699 36 123.562454639103 0.230477293206738 3566185332.16583 0.0924774659999999 3566185332.16583
1 eager_2000.dot 19100037384 1.68882377518741 1.38741925868989 36 923.135075356822 0.326668497265961 2.608810574 467599594.512076 1.39812133310585 1.35797791219678 36 181.689738180889 0.576663756122484 466912476.897048 0.615792966999995 466912476.897048
1 atacseq_20000.dot 14091675276 1.18558738497128 1.13116567827568 36 80.0491369419108 0.71587482353721 21.129112403 9518282133.18323 1.05485811015846 1.15565739030588 36 108.608851076845 1.11223700329369 13389821458.4698 15.475614302 13389821458.4698
1 atacseq_20000.dot 2223941232 1.16621710187023 0.397383289923342 36 4.92078573177373 0.950377190666518 28.4022914129999 1826690114.84301 1.06604959257438 0.256909112924595 36 7.61518236946512 1.88492785840834 2592501494.86889 26.1745803150001 2592501494.86889
1 chipseq_2000.dot 5058052541 1.23135619654607 1.11277397995092 36 54.4466854361945 2.80903508503448 0.914091018 571256429.009912 1.09795162643264 0.713848093559155 36 44.7714526659618 3.36649850341338 822212149.743743 0.368901383 822212149.743743
1 methylseq_20000.dot 11897958606 1.20157348653749 1.95789882240358 36 99.03358722107 1.33455177520021 206.349333830002 7221489367.80303 1.0817438086346 1.79137608517715 36 528.063870750132 3.97218719878721 13080209295.333 114.681805882001 13080209295.333
1 atacseq_25000.dot 14091675276 1.18723667477717 1.13641050334766 36 81.3620020454915 0.70875786536405 37.6767573079999 11909658182.0349 1.0557593535681 1.10071747303191 36 107.696306274765 1.26807224566595 17129828878.5678 26.4783036509996 17129828878.5678
1 atacseq_4000.dot 14091675276 1.16596600180438 1.16755429651425 36 95.1720526052307 0.754852899994991 1.872932953 1950318432.09 1.0699773562014 1.20269257514301 36 146.152521605244 1.09806789829549 2577270066.48391 0.685519764999998 2577270066.48391
1 eager_200.dot 25705994498 2.91196911196911 1.8307045639899 13 26.6128537818157 19.038968373471 0.121351255 25609798.8368066 2.51216216216216 1.72365403229433 20 431.745487432256 1.40535694175973 33686848.0026866 0.018477126 33686848.0026866
1 chipseq_15000.dot 4605965334 1.17905241843575 0.78279731092132 36 21.1126449564306 1.19783651156294 12.284335916 4474089176.93742 1.11498547709939 0.676878014807677 36 34.0667814696853 3.02003094620055 6064391680.12766 15.315671225 6064391680.12766
1 atacseq_15000.dot 14091675276 1.18528445253514 1.14155254995301 36 86.3572128796461 0.708201251701769 12.180223612 7138859115.73085 1.05584773205741 1.09090196800871 36 113.439477422009 1.27190268107854 10142659639.7711 8.07946831599999 10142659639.7711
1 methylseq_200.dot 110641579976 1.70411706349206 1.93416857817094 28 2150.93334801944 0.0344942639242095 0.069743584 573660740.38107 1.66046626984127 2.24301987734376 36 48602.9114238193 0.0370166672745848 567472804.237989 0.008471357 567472804.237989
1 methylseq 6273818718 2.83333333333333 1.58134638827232 4 73.6626302603698 73.6626302603698 0.0031664 991875.366416112 2.83333333333333 1.83781418135881 5 966.214305325892 966.214305325892 991875.3625 0.000269724 991875.3625
1 atacseq_15000.dot 11187378708 1.16579105089703 1.12510949923213 36 47.0341238126695 0.621861557402174 23.5744564470001 3614653305.43468 1.06335281957313 0.965511443702819 36 108.781484628923 1.00414303129897 5197716988.04976 15.170754388 5197716988.04976
1 eager 25705994498 2.94594594594595 2.64061715361216 8 0.00839121598407713 0.00839121598407713 0.037786622 26571038.0243425 2.61518661518661 2.17307202899577 9 256.240310937323 256.240310937323 30281820.1262137 0.004840452 30281820.1262137
1 methylseq_4000.dot 8885797810 1.2243155854267 1.83392436933105 36 218.466535244513 2.01873217310287 4.864712629 1025067941.94303 1.09581406803629 1.83694757300597 36 483.015046866784 3.17828023713111 1834360743.91932 2.27033825499999 1834360743.91932
1 methylseq_20000.dot 110641579976 1.19453654477668 2.19515368217907 36 269.529886489156 0.000910548662714046 232.995211659 50935635394.2049 1.07202801755626 2.1912843797628 36 272.229392684822 0.0187900228809389 51928437618.3575 88.0237774749995 51928437618.3575
1 chipseq_2000.dot 41366257414 1.19651656360517 1.424711441282 36 54.7466263460028 0.0600189766903678 0.791587439999999 3143190325.69679 1.07604401136838 1.25731050008597 36 42.1560304848447 0.15449338187315 3220583037.98715 0.081796549 3220583037.98715
1 chipseq_15000.dot 32978181418 1.21971746950878 1.78534246749879 36 38.6615796143608 0.0923312151935159 11.349287303 28085445765.3734 1.11040253569467 1.59669960202431 36 90.8653491063804 0.269697993172309 29896071742.226 3.11058377 29896071742.226
1 chipseq_8000.dot 5058052541 1.22167096226658 0.950602056397166 36 26.6801727588054 1.63733587848556 5.22940144199999 2415347747.1091 1.10559413483591 0.639847290973074 36 49.3041429216377 3.14452052528474 3623870219.9087 4.95480027000005 3623870219.9087
1 methylseq_8000.dot 8885797810 1.19064302397635 1.82035312878949 36 298.725958913833 2.03108341516939 20.472459003 2049695751.88575 1.07713666046999 1.80227849900771 36 493.460624572298 3.55726071219848 3770292784.26991 10.775274763 3770292784.26991
1 chipseq_8000.dot 41366257414 1.1048505602287 1.42296103297901 36 55.1331568644156 0.0671764821309288 5.49416576599998 13077944776.9349 1.09555535569447 1.25030322327601 36 58.744114720107 0.167507812297236 13185165775.8452 0.864422439000001 13185165775.8452
1 methylseq_8000.dot 6273818718 1.20746341579675 1.68911862269517 36 131.390818992984 2.05384435527102 16.754325706 952135083.415165 1.0799231771454 1.47655204862202 36 188.565910658504 3.1278667446485 1552596362.68232 9.27023818700004 1552596362.68232
1 eager_15000.dot 19100037384 1.30063578464583 1.29845151435783 36 126.231616355106 0.389864022598038 49.3493037109999 3478872902.06587 1.11806756199141 1.11009762388987 36 107.85197128008 0.764271909762239 3938817244.81226 33.6764933809999 3938817244.81226
1 chipseq_30000.dot 4807293396 1.17010392217596 0.873312834809064 36 27.2987923358853 0.921554486370452 42.372829168 8152840539.40838 1.08226666560435 0.613310407171481 36 46.9579998498216 3.07929843887284 12550871145.7061 87.1705887310002 12550871145.7061
1 methylseq_30000.dot 6761426956 1.22916256449671 1.80307392380265 36 209.808137735099 2.03606254265102 765.586868437 5892904801.84548 1.06875448592138 1.76652526647981 36 493.765212982782 3.98787863645936 11178075263.858 344.861705127997 11178075263.858
1 chipseq_1000.dot 32978181418 1.28722893025778 1.96430270245696 36 149.965848197195 0.0938583221648713 0.322693652 1683348804.35426 1.13282817609741 1.73884585277938 36 140.068499203189 0.232575619402207 1758409860.02229 0.031075711 1758409860.02229
1 chipseq_30000.dot 4605965334 1.11977151375869 0.709815685459095 36 17.0235293428126 1.15110993190354 26.5599969310001 9503591119.88625 1.09752840119291 0.684941679489026 36 32.9478153430728 1.31708680629327 12453608681.685 78.2350665870006 12453608681.685
1 methylseq_10000.dot 6273818718 1.24820245558541 1.68750990487229 36 127.80327074591 2.0572381767232 28.8125702879999 1187088366.7121 1.07029319664376 1.50799003216128 36 195.907388400449 3.52728926716891 2011420691.73559 15.335782955 2011420691.73559
1 methylseq_25000.dot 6761426956 1.22504997625019 1.80276962269731 36 169.003936359356 2.03482030236356 456.841360826998 4910720163.41158 1.07936507936511 1.76378246123023 36 489.75325463347 3.94685328026331 9250595316.96483 233.101132011002 9250595316.96483
1 chipseq_10000.dot 4605965334 1.16214416848816 0.807133087323561 36 21.8669657808757 1.47265015147839 5.676280633 2790782053.50157 1.10336280261093 0.684272383859799 36 34.8119506865881 2.85016546634643 4000585894.65397 6.295290502 4000585894.65397
1 methylseq 22500260922 2.83333333333333 1.62224228866899 4 1491.84901267155 1491.84901267155 0.003378077 3882027.97945102 2.66666666666667 2.10924442510907 6 2786.91076396002 2786.91076396002 3882027.9780429 0.000273778 3882027.9780429
1 methylseq 110641579976 2.83333333333333 1.71974467181194 4 15869.8658686348 15869.8658686348 0.003124351 204408679.401105 2.83333333333333 1.98668359569193 5 223677.814864696 223677.814864696 204408679.401096 0.000261167 204408679.401096
1 eager_25000.dot 8330435694 1.29642414597617 1.01510729999162 36 62.2268526049854 2.17568015582451 186.770252607 4490618218.16402 1.10743558219021 0.256842957511273 36 37.3287668796196 5.08958424131506 5172528702.85454 131.968579022001 5172528702.85454
1 chipseq_20000.dot 41366257414 1.11604094565216 1.41140905183541 36 26.2131665200107 0.0595924493793919 21.31854399 32100384139.93 1.08921283790258 1.24667930484508 36 39.845879306082 0.175453551346948 33087796428.2408 5.53070185600002 33087796428.2408
1 chipseq_20000.dot 5058052541 1.21911161429308 0.909143524560573 36 24.9150645875758 1.7448936339638 18.453297047 5883047595.77837 1.10218467780652 0.549399267389383 36 44.4674811207431 3.49534324095783 8894654882.07956 34.663404805 8894654882.07956
1 chipseq_8000.dot 32978181418 1.21834146456992 1.78912278908594 36 36.4985622425809 0.0865845783528916 4.51642910899999 14721719666.8169 1.103106696073 1.60916341912095 36 99.6406935649551 0.267868340159353 15827376477.4245 0.901214191000003 15827376477.4245
1 atacseq_25000.dot 11187378708 1.15056935477546 1.1151809922215 36 49.2397742218918 0.5687222392749 43.7205939160002 6129767104.53355 1.06143656299445 1.06072531291207 36 67.3696817361626 0.995361098952895 8899592457.21961 49.8846566809997 8899592457.21961
1 atacseq_25000.dot 3908761308 1.15178785966297 0.559911996046417 36 5.40987293446351 1.02511366527433 25.674066861 3796994880.35635 1.05832866275879 0.398028513018409 36 11.3159298932035 2.21703544538691 5752686425.3808 39.2297613909999 5752686425.3808
1 chipseq_4000.dot 5058052541 1.23176888625002 1.03500061713582 36 36.0990811524127 2.04993998703755 2.16700367 1193694035.90973 1.1006976514052 0.71659503787438 36 44.228974212053 2.6978615528161 1722959646.05858 1.257314948 1722959646.05858
1 eager 8330435694 2.67927927927928 2.62459382318979 8 272.681448463276 272.681448463276 0.039852674 3760085.23116141 2.7027027027027 2.61414911375234 8 156.359889582689 156.359889582689 3537936.20065375 0.005078154 3537936.20065375
1 eager_15000.dot 14754556884 1.28067571647205 1.38479253718511 36 82.3073941715758 0.55097125651119 38.846745989 2543231323.59654 1.11288334512477 1.14519616855361 36 78.4870213169249 0.653196498723398 3041394399.63986 36.1567792290001 3041394399.63986
1 chipseq_15000.dot 4807293396 1.16329904270742 0.965179292280568 36 30.506583363624 0.933340107786153 13.709676547 4016804403.16946 1.08474454559072 0.687312902859445 36 60.9198552837168 3.21712491714294 6236145219.59436 19.7033280929999 6236145219.59436
1 eager_4000.dot 25705994498 1.33585906315448 0.996767827170976 36 266.652345551101 0.995038667775265 6.889735202 1418047104.86622 1.12198299930614 1.00596831416127 36 131.097121834814 1.06378678378236 1294736610.55783 1.562522288 1294736610.55783
1 eager_8000.dot 19100037384 1.35341302349558 1.32861238497574 36 227.522454394644 0.385946777680667 20.6989078740001 1931765880.336 1.12782483085888 1.15139267279851 36 107.982435190785 0.735452091136536 2031593434.85912 8.015578307 2031593434.85912
1 methylseq_4000.dot 110641579976 1.11971098082209 2.19565693742359 36 272.702011880653 0.00180299538622459 7.15811880299999 10327965398.9986 1.09708518041851 2.19279619094199 36 276.31367780473 0.0147705177515609 10159399501.5487 1.98322602399999 10159399501.5487
1 atacseq_200.dot 14091675276 1.51944444444444 1.45815471469656 18 22.3060265756075 1.91672696935766 0.063759825 43513221.727341 1.20616883116883 1.63035745784287 29 29.2401858551446 1.21842937016209 44730758.629488 0.007417059 44730758.629488
1 chipseq_25000.dot 32978181418 1.2270992270992 1.77435210360172 36 37.1873676409174 0.0909549868421343 26.933627828 45362099409.7611 1.10905921322586 1.59673735027729 36 91.456398625541 0.271115734537352 49951564777.8144 8.69430010699994 49951564777.8144
1 eager_10000.dot 19100037384 1.31134474423809 1.30181964218873 36 163.759411328002 0.356200072972938 24.2371046699999 2322757479.44581 1.1279974566453 1.14784497398184 36 108.900819921654 0.737514293647473 2580581173.05939 12.917154189 2580581173.05939
1 methylseq_30000.dot 11897958606 1.23112737158356 1.95677527486081 36 89.589447504021 1.33453387192258 767.744466134001 10831962457.6419 1.0677911376191 1.79873344926658 36 557.750741504597 4.14220813874758 20154503941.585 338.649584851001 20154503941.585
1 atacseq_25000.dot 11809629756 1.14449291745793 1.13774935919578 36 60.1431986243388 0.541172184561517 38.2377485220001 6363653374.1303 1.06336284017204 1.15940256032481 36 83.8675830154509 0.82171707065923 9250995366.55595 49.9967249930004 9250995366.55595
1 eager_30000.dot 19075314980 1.24026524868437 1.26028215684244 36 113.693317856041 0.411655068955948 147.951390309 6830000916.68018 1.10197412184312 1.07032925799167 36 106.473791196185 0.778035401593523 7886928296.89353 204.397032964999 7886928296.89353
1 methylseq_25000.dot 11897958606 1.1878370380531 1.95794009556716 36 87.5390660743038 1.33546950119415 341.880080538001 9034579552.43069 1.08223410983856 1.7919759887534 36 535.817668307974 4.03340569130587 16481795140.2179 211.734094937 16481795140.2179
1 eager_15000.dot 19132169434 1.24870910932077 1.28600525836437 36 139.880123697585 0.395706074081836 52.2525882380001 3460588474.14953 1.11705329703002 1.09868026468665 36 106.434243345186 0.756438158136156 3941801627.56156 33.0801678039997 3941801627.56156
1 methylseq_30000.dot 22500260922 1.22996976568404 1.38052563952182 36 59.6203762671401 0.0571514112033605 638.641729671997 4494837519.66283 1.08181420716438 1.45467458531822 36 109.983810007969 0.31842518089384 8539936324.64594 259.901855906999 8539936324.64594
1 atacseq_2000.dot 11187378708 1.24850480401951 1.29749168416875 36 89.0948237344244 0.697275418099463 1.408211198 470945328.372519 1.0605661730085 1.09745837286738 36 66.0265036921191 0.967931060460921 588740144.784496 0.298908999 588740144.784496
1 methylseq_10000.dot 11897958606 1.23326473446521 1.96045848933429 36 99.5928939546644 1.33421285109829 43.5385610649999 3610800176.2599 1.07808520233492 1.79228734880168 36 530.120876354414 3.88425919368257 6599137659.97302 17.786462055 6599137659.97302
1 chipseq_25000.dot 4605965334 1.13609950589116 0.818109972096173 36 21.5711695076615 1.13490589136142 28.065415923 7374257307.97691 1.10061801728466 0.664967530248289 36 32.8161188290074 2.08700116148315 10247724919.0107 50.037515119 10247724919.0107
1 methylseq_30000.dot 6273818718 1.22619100550274 1.70526140474142 36 133.526499867787 2.14556965483715 474.023542118001 3624750161.40566 1.06763128531839 1.5364602195547 36 209.215439684916 3.80037613617044 6190803162.72671 281.264211136994 6190803162.72671
1 eager_30000.dot 8330435694 1.24558075381304 1.07792980809593 36 108.081449107492 1.92486478752141 212.934454349999 5372723831.97145 1.10557755198822 0.261410447725868 36 38.0247468291656 5.30539362434455 6196656777.64378 211.427032030998 6196656777.64378
1 chipseq_200.dot 4605965334 2.47321428571429 1.50094791295843 14 0.0560545271183562 0.0560545271183562 0.065707812 5775292.19842536 1.69196428571429 1.6849290947046 19 12.963884585794 1.45059889174439 23500560.5955598 0.007372556 23500560.5955598
1 methylseq_15000.dot 6273818718 1.26461486649638 1.68958709373773 36 127.90951463798 2.08529639974571 76.127071926 1794191065.32059 1.06667450362409 1.51414707833697 36 194.257237088036 3.53637273658135 2989287923.6743 40.7420341299998 2989287923.6743
1 methylseq_2000.dot 11897958606 1.23068464333525 1.99081834972305 36 93.6050240986002 1.34706292980603 1.399485966 726356916.299729 1.13382896666029 1.89177446209898 36 510.741402498095 2.87757847570368 1189173355.64033 0.515263576 1189173355.64033
1 atacseq_200.dot 3908761308 1.85138888888889 1.7815469524589 16 2.02185165784776 1.48590920983981 0.074218559 6126566.71068214 1.53083333333333 1.11367302891606 21 2.21897376745669 0.183114634339145 2567367.37453712 0.00751765600000001 2567367.37453712
1 eager_8000.dot 8330435694 1.36094756672671 1.09334642561494 36 214.984906469546 2.42372213654409 22.043764732 1400504941.88033 1.14687794781706 0.296435156902663 36 37.711139901918 4.90074380679903 1623030737.40404 9.7344531499999 1623030737.40404
1 atacseq_200.dot 2223941232 1.63972222222222 1.73981762491024 16 4.98766325478103 4.43328371520278 0.075376869 4211941.41524038 1.42460317460317 1.13568612853239 25 3.07674466686486 0.130163751782023 1591901.05744462 0.00724858600000001 1591901.05744462
1 chipseq_2000.dot 4807293396 1.27612182121676 0.984390100161548 36 165.334237237289 1.50650160203549 1.074122004 480885876.079378 1.08779966078226 0.744424856577607 36 57.4333377964801 3.61914953054746 722970195.824306 0.337028593 722970195.824306
1 eager_20000.dot 19100037384 1.2865117113542 1.28681991015952 36 133.858474370573 0.384495581642377 84.263692478 4573912330.82992 1.11792606582941 1.10143128444255 36 107.332137849546 0.762331884306141 5198936752.55177 66.0620508229997 5198936752.55177
1 eager_10000.dot 19075314980 1.2744605331549 1.28962529961291 36 171.999810801641 0.367875409601996 25.1281798090001 2374079101.42887 1.12384106928045 1.13468362693414 36 111.319488217839 0.733333096680183 2579783126.87515 12.6491565719999 2579783126.87515
1 methylseq_25000.dot 6273818718 1.2415351535611 1.69960904093466 36 130.00392995172 2.12197234774404 277.534359336 3008964017.26566 1.06742539123723 1.53436890206617 36 206.908500467387 3.70609420658899 5061550457.8293 173.893317783002 5061550457.8293
1 eager_10000.dot 8330435694 1.35482694682136 0.999344267057492 36 189.208334003115 1.94382695285273 32.0850852139999 1750402541.89736 1.14309301661875 0.32027448970604 36 40.6673948492441 4.85297738023286 2040408545.86242 16.831585354 2040408545.86242
1 methylseq_200.dot 8885797810 2.18601190476191 1.82571214919603 28 49.1607271410735 1.84575445601995 0.0745666740000001 38656815.1914545 1.36888227513228 2.9507991723228 36 370.906416952053 1.29899855627821 35602397.1054928 0.009517838 35602397.1054928
1 chipseq 32978181418 2.5 1.32816245041149 4 16.1849761153658 16.1849761153658 0.006340437 95786576.2839986 2.34375 1.56644124362069 5 16.1734793871493 16.1734793871493 95576167.6871437 0.000535437 95576167.6871437
1 methylseq_2000.dot 6761426956 2.14036303945942 1.8789388847658 36 122.824105992903 1.92850043928385 1.979640786 383077765.249974 1.13469752023969 1.7734785309643 36 431.29357448502 3.36648938352538 647261358.141584 0.521366761000001 647261358.141584
1 atacseq_20000.dot 3908761308 1.14809818492032 0.556770218402644 36 5.49369517371302 1.19672074813445 17.7306815399999 2968012918.19123 1.07288477453917 0.428624752448959 36 10.4063655730206 2.14287435987998 4652222549.16298 26.004222369 4652222549.16298
1 atacseq_1000.dot 11187378708 1.46607828282828 1.3043820710504 36 47.660460989628 0.729983713358098 0.457825971 203470998.256689 1.10520324854884 1.18319745463424 36 65.335117149709 1.12075554677967 253981075.854005 0.0848752060000001 253981075.854005
1 eager 19100037384 2.94594594594595 2.59534724750512 8 17.4731467966981 17.4731467966981 0.040573297 27298619.2046763 2.61518661518661 2.80665762963083 9 1639.31538874131 1409.92470625119 25178396.3065559 0.00488022 25178396.3065559
1 chipseq_10000.dot 32978181418 1.2436205841986 1.76080533015956 36 33.9094912891329 0.0929299649767854 5.96721216000001 18051323918.1335 1.10169068087302 1.59844006089997 36 91.9123743455194 0.268523414840274 19846375169.0764 1.411088707 19846375169.0764
1 methylseq_2000.dot 110641579976 1.1823882832919 2.20017232391595 36 314.384387945771 0.00206342922130751 1.58614771 5215133840.40679 1.14125549818321 2.19553409124977 36 310.60223220735 0.0201822148509114 5216870204.58739 0.460007595 5216870204.58739
1 chipseq_8000.dot 3793245764 1.13815348053201 0.624258995623571 36 7.90536446760046 2.31166345656101 4.10845495699999 1815100250.56046 1.12314605457239 0.51818613419261 36 18.2907665867199 2.49526016029546 2758757551.23694 4.24286021900002 2758757551.23694
1 eager_25000.dot 19132169434 1.23055068013896 1.27483417121978 36 108.775383434631 0.392128061884766 100.581996066 5757725291.11717 1.10257193609411 1.07252456224172 36 103.051060494664 0.770288921900743 6552325904.73384 113.038296476001 6552325904.73384
1 eager_4000.dot 19132169434 1.51235153531027 1.3191144930593 36 354.861658700871 0.347169423379981 6.72386597 904601380.573176 1.17969075573161 1.20497871676832 36 120.149834355028 0.62830368552859 980950726.912667 2.104236945 980950726.912667
1 chipseq_1000.dot 4807293396 1.35214438339438 1.02356404781948 36 81.3167991540666 1.92356959013592 0.439281517 213994327.123646 1.15600718725719 0.997619377339797 36 78.6089660990155 5.17380603546469 292441884.97886 0.093329288 292441884.97886
1 eager_15000.dot 19075314980 1.31892650289267 1.28731777003768 36 130.231834143488 0.418042292573745 52.6988767670001 3462194345.41023 1.11286133316314 1.09055328606188 36 108.928905613062 0.767631309871976 3936148905.01981 31.0236106129999 3936148905.01981
1 methylseq_200.dot 6761426956 2.15823412698413 1.81939314502601 28 1452.72693787257 1.82149028542837 0.075302685 29401971.2201185 1.48363095238095 2.02270025174602 36 1276.37011784386 0.846112082672661 16909045.4886942 0.009103794 16909045.4886942
1 methylseq 17027257018 2.83333333333333 1.58919673110441 4 733.763081681495 733.763081681495 0.003345541 2178112.25221552 2.66666666666667 2.07151119873524 6 1351.28125056688 1351.28125056688 2178112.25 0.000270363 2178112.25
1 eager_1000.dot 8330435694 1.94418034105534 2.00481383873054 36 1336.35055040713 2.65839691684515 1.110287262 125265540.333108 1.53288928877164 1.4170589321594 36 259.59893981233 3.19430046972009 155482101.795968 0.230720441 155482101.795968
1 chipseq_4000.dot 3793245764 1.16078513336768 0.62338353102254 36 9.14809548263017 2.1922749755435 1.882600655 893165322.442013 1.13154828661904 0.452066469352797 36 16.0093474741404 2.18333906876921 1299568456.61143 1.153534145 1299568456.61143
1 methylseq_200.dot 11897958606 1.7765376984127 1.8012398979827 28 79.9937398421541 1.92404882155846 0.073353074 77155682.5406312 1.53827711640212 2.15391017344175 36 1588.18645757408 2.31052487584886 74458399.6902449 0.008504289 74458399.6902449
1 atacseq_1000.dot 3908761308 1.4423925981426 1.16650505934675 36 19.1862565108453 1.67302677858433 0.477487338 98279115.8173884 1.16977241277241 0.715109062960796 36 30.1827590067128 2.41179395385719 126504597.755676 0.0971185319999999 126504597.755676
1 chipseq_1000.dot 3793245764 1.39478923853924 1.15596114329821 36 45.3692208310979 1.03960097139047 0.526950453 204061866.063981 1.23538480750019 0.764889668600916 36 33.7613117712043 2.69148414818825 229351926.524127 0.125871057 229351926.524127
1 atacseq_2000.dot 11809629756 1.26798246461237 1.29412256361724 36 98.9548557871741 0.635689576246559 1.303540097 490983528.277412 1.06656694833958 1.16086014028786 36 84.6726900402183 0.964265783764842 637523717.756328 0.305483101 637523717.756328
1 eager_4000.dot 8330435694 1.4977695464965 1.11496601937639 36 491.782166925201 2.35701591643549 7.48873531599999 631597486.211472 1.27168408944436 0.595498474652803 36 71.2279020332784 4.23342241344629 772988293.110066 2.64671502399998 772988293.110066
1 methylseq_200.dot 22500260922 1.82837301587302 1.85694252297529 29 13.5939481083435 0.175393393285189 0.075737044 39251230.5403797 1.60226521164021 2.05198950477721 36 312.583454385472 0.21078860718379 39251230.5389716 0.008173631 39251230.5389716
1 eager_4000.dot 14754556884 1.51128919724179 1.34284311126633 36 184.408197574471 0.476819731589122 7.03230455800002 684395396.842834 1.15968647394645 1.20302157420032 36 95.9701036153928 0.610669816648632 750713608.841726 2.21936317999999 750713608.841726
1 methylseq 6761426956 2.83333333333333 1.58326217578873 4 72.044742049361 72.044742049361 0.003150744 1080079.26705111 2.83333333333333 1.83987001932113 5 845.401361282539 845.401361282539 1080079.2625 0.000267649 1080079.2625
1 eager_200.dot 19100037384 2.9011583011583 1.78619258290752 13 318.054996740744 31.0438002615048 0.131548672 27302913.8326704 2.43091728091728 2.43037689224666 21 684.387750488862 63.4261907406192 26035431.2630599 0.018775259 26035431.2630599
1 methylseq_20000.dot 8885797810 1.22069939086747 1.82126284360546 36 258.797058121007 2.05412112309858 177.788709830999 5164008382.13332 1.06794860801467 1.7979140807449 36 518.072598410915 3.8453592830656 9651120760.44357 108.524877453 9651120760.44357
1 atacseq_25000.dot 2223941232 1.1551895431468 0.427074121669873 36 4.54486212883566 0.869341311129325 31.7077230340001 2294012478.53762 1.05754154688838 0.260785627954566 36 7.8966242069312 1.90031777986013 3242818753.74957 42.7836452830004 3242818753.74957
1 eager_20000.dot 25705994498 1.21011033113046 1.05897002040238 36 235.130761830425 1.23813385567557 142.758887016999 7337422597.38072 1.09805817016863 0.90459039678622 36 111.670892698183 0.994985947932375 6621678717.73419 57.504650614 6621678717.73419
1 eager_25000.dot 19075314980 1.25687006710981 1.27063036744654 36 129.479416130087 0.375856174209142 87.7739105009996 5709368494.48012 1.10533812732285 1.07275716691335 36 106.906280918828 0.775810077213893 6526084963.74249 122.478772245002 6526084963.74249
1 chipseq_15000.dot 5058052541 1.20478473773025 0.879877104736519 36 25.5040550815516 1.52363677054953 12.771615475 4514260616.42834 1.09955459989368 0.586922848550589 36 42.9767024033044 3.26905520660949 6850605401.52325 17.774983379 6850605401.52325
1 chipseq_1000.dot 5058052541 1.39398448773449 1.03930802025376 36 29.2765989438478 1.65914106707882 0.487740553999999 264789399.595122 1.18205258950451 0.94323700715363 36 77.3759251425845 4.39584453576494 337251864.027706 0.111571096 337251864.027706
1 atacseq_15000.dot 11809629756 1.16055755429366 1.13255502516175 36 62.6448802626294 0.608831925323382 20.4439102269999 3773260117.92803 1.06136893060528 1.01514060614401 36 128.169633068353 0.861614496621318 5377388984.13964 15.4942034510001 5377388984.13964
1 methylseq_2000.dot 8885797810 2.14201249442213 1.88798243825614 36 114.64231097344 1.95410403812336 1.946130995 503834268.942803 1.12598807930133 1.91207295136973 36 497.071701187402 2.53751915784968 855458700.938205 0.520674818999999 855458700.938205
1 chipseq 41366257414 1.82291666666667 1.16334946718558 4 44.5513049892863 44.5513049892863 0.005424513 87830196.7956155 1.72916666666667 1.61129695214592 6 31.6142949910287 31.6142949910287 87342923.7039815 0.000459589 87342923.7039815
1 methylseq_15000.dot 8885797810 1.2462806223815 1.81923776145427 36 186.610478310547 2.05296432125553 103.92230774 3872585881.88182 1.07147199240877 1.778128079604 36 497.596419187902 3.82921227512294 7232755553.12585 45.9937348619999 7232755553.12585
1 methylseq_30000.dot 17027257018 1.17452113120383 1.93729791925802 36 353.274742185977 1.60114159251849 359.263819495002 15303049879.8005 1.06212749650128 1.76847597974196 36 627.614054779831 4.968301064669 28662149569.1502 300.164934484 28662149569.1502
1 eager_2000.dot 19075314980 1.72586729404911 1.3715553705024 36 1139.84774703445 0.347271752222905 2.859675577 487961355.581832 1.30415566545597 1.36031654820729 36 181.752390233736 0.527441983977799 466420635.758034 0.606630267999996 466420635.758034
1 eager_2000.dot 19132169434 1.83670310274588 1.37919592670796 36 828.587388645917 0.362193770883208 2.563397687 458083869.814418 1.38255652017262 1.36130530236682 36 178.09845260016 0.537049910017955 469189956.732029 0.585072878999998 469189956.732029
1 chipseq_20000.dot 4605965334 1.14000154257505 0.797772973175953 36 19.1553728456866 1.40482648557453 13.967360287 5737737796.54003 1.10311016424123 0.676805284127459 36 34.6032248039014 2.91843564873443 8144793120.18406 29.6725415769999 8144793120.18406
1 atacseq_200.dot 11187378708 1.75583333333333 1.368335989779 17 11.8715797396766 0.398750541926779 0.065453289 5119233.45346988 1.46027777777778 1.68149975634602 29 6.42703596609929 0.356826452855273 4642024.02881863 0.00699249700000001 4642024.02881863
1 chipseq_15000.dot 3793245764 1.15722203853463 0.579397325130023 36 7.24054201023745 1.66587272960111 10.1630373050001 3487853072.82656 1.11173640459427 0.518592690038143 36 18.5505217691484 2.64416058146539 5314901483.6768 15.2318700279999 5314901483.6768
1 atacseq_8000.dot 14091675276 1.17582501260497 1.13635764306082 36 94.4232330629062 0.725670579760282 4.981326502 3858583540.34378 1.05402904062966 1.130040465603 36 128.276751057089 1.18640707379503 5304136210.80096 2.29388186299999 5304136210.80096
1 eager_10000.dot 19132169434 1.29342114001097 1.29580981599561 36 197.652118199599 0.380565626982739 27.317842756 2381913617.87302 1.12241856416659 1.13091268233467 36 105.785175727001 0.736592819997715 2586277073.3343 13.038637579 2586277073.3343
1 methylseq_8000.dot 11897958606 1.21061537728204 1.95928716914222 36 97.037405086673 1.33207099211542 20.930339059 2882586920.06956 1.07940877385322 1.80428527039578 36 523.172650829446 3.73482454518647 5193570498.13321 10.7768983709999 5193570498.13321
1 eager_15000.dot 25705994498 1.24633497423655 1.0382904392635 36 208.513279334239 1.16663023838368 88.1910099999999 5187926077.1531 1.09634238505976 0.907658689459279 36 122.006750898358 1.05036889519578 4942527517.24397 26.9559237820002 4942527517.24397
1 eager_1000.dot 19075314980 1.88233078858079 1.59764987138056 36 1016.95119810269 0.409333296256373 1.108307885 251504765.979901 1.67100741968196 1.53521029109424 36 400.762746896895 0.482975010500852 206678959.364618 0.220414496 206678959.364618
1 eager_30000.dot 25705994498 1.20013743942192 1.06951143329072 36 196.136447162852 1.32633839482119 251.481162033001 10433218645.8406 1.09006030630251 0.907355638201104 36 107.536419469817 1.01858845384123 10042438905.623 173.382422792998 10042438905.623
1 eager_10000.dot 25705994498 1.26524796130194 1.05466030359647 36 232.617246800868 1.05404357251159 30.836257897 3399702551.43137 1.11364612738566 0.981918372427142 36 126.288759153006 1.05904241643082 3296277907.15828 10.4790909249998 3296277907.15828
1 chipseq_20000.dot 3793245764 1.13615644237905 0.58586685009668 36 6.98901841204176 1.82766850049453 14.4646742339999 4648635479.03447 1.10235614015727 0.511217729711801 36 17.9310985008054 2.50026067139375 7121896528.33804 29.5988176249999 7121896528.33804
1 chipseq 5058052541 2.0625 1.54367745039548 4 14.6391924028453 14.6391924028453 0.006709394 2410779.60447033 1.82291666666667 1.79567936352825 5 10.9802149132475 10.9802149132475 2410278.9625 0.000657841 2410278.9625
1 chipseq_30000.dot 41366257414 1.08391949046922 1.39887118107757 36 36.8668606981215 0.0652978495645595 45.102332941 48955477113.0251 1.08337848209615 1.25301865102025 36 63.9400463178041 0.173043804386628 49714684066.0858 13.751324115 49714684066.0858
1 eager_8000.dot 14754556884 1.36303234890438 1.38710778708024 36 140.623852526578 0.490126796810406 21.451825483 1374163913.82284 1.13703919458305 1.15378126050058 36 83.6123733167615 0.642616368656312 1592142488.01713 9.19547789100007 1592142488.01713
1 chipseq_30000.dot 32978181418 1.21728214446102 1.77538638408205 36 34.6520758628525 0.099135235457559 35.1992303879999 56645561932.7845 1.11150506777069 1.60496429604155 36 90.2657751296162 0.271116689842352 59967343586.9619 13.1991699020001 59967343586.9619
1 methylseq_25000.dot 110641579976 1.13524767137349 2.19496192318609 36 268.088254263682 0.000854517326399597 430.04081695 63640742990.305 1.09035032906856 2.19157008682161 36 274.405608677277 0.0190600224307914 65019192240.9123 177.282464475999 65019192240.9123
1 eager_10000.dot 14754556884 1.29237126169911 1.34259061134989 36 110.979812647193 0.548835169323684 27.581578842 1775765262.88006 1.13078705766066 1.17642950732319 36 84.992805288993 0.662717415224106 1988180343.49484 14.2360702590001 1988180343.49484
1 eager_30000.dot 14754556884 1.21141448953814 1.31290789924598 36 57.6749077874327 0.481936648094079 110.314119460999 4849853126.91537 1.0986622353087 1.1224245140687 36 80.8306792125864 0.671918580162196 6112061334.82192 200.938226086999 6112061334.82192
1 methylseq_8000.dot 6761426956 1.18470653192875 1.80808597923792 36 289.230800051107 2.00951863825585 20.324264493 1557961453.87575 1.08190929024262 1.73576451292336 36 446.843965637142 3.76886660475882 2851937239.58231 11.027787857 2851937239.58231
1 atacseq_10000.dot 11809629756 1.16210952620004 1.16114113680393 36 58.3910734155512 0.575713189822374 13.068040677 2542026642.23701 1.06714029819859 1.05510227125458 36 122.508571071757 0.892466633958997 3614519840.75099 6.36264106599999 3614519840.75099
1 eager_20000.dot 19132169434 1.2555683953714 1.26996485881038 36 113.374663214874 0.400470044679479 76.5496257369996 4614021457.25246 1.11337485277526 1.08952265421598 36 105.493527806157 0.758820828285424 5215572169.60213 69.8464693769996 5215572169.60213
1 eager_200.dot 19075314980 2.9011583011583 1.78749355156829 13 325.179208929037 32.2195643378555 0.131473573 27222513.2298708 2.43091728091728 2.4310005410511 21 698.02974092495 64.8644075642568 25911974.0676818 0.01876501 25911974.0676818
1 eager_20000.dot 14754556884 1.27675371526338 1.36993670541443 36 66.0751890972823 0.5736919280191 71.7355517060002 3400215747.21877 1.11236781558699 1.1427794335726 36 77.7989959180506 0.683099085392836 4021774877.67244 69.6557224829994 4021774877.67244
1 chipseq 4807293396 2.0625 1.58295739290725 4 4.52980056859597 4.52980056859597 0.006594057 2000092.79639916 1.82291666666667 1.81481794722943 5 12.2834153601572 12.2834153601572 1979708.46875 0.000658207 1979708.46875
1 eager_15000.dot 8330435694 1.34023314015516 0.988203115542723 36 95.0240086439246 2.08317182430372 63.8982863379999 2633849894.68666 1.12660900374877 0.40791977694493 36 36.5697043668593 5.34061771727731 3035747722.10223 39.7513919679995 3035747722.10223
1 methylseq_10000.dot 6761426956 1.20418961235288 1.80422667846638 36 286.574719472383 2.01807012681389 33.29849554 1954239869.79669 1.06906095771644 1.73986244549194 36 455.193357853418 3.84704470349126 3616640853.85016 17.691899906 3616640853.85016
1 methylseq_1000.dot 22500260922 2.20362401988908 1.3778566392769 36 41.6313692891877 0.0455024581731532 0.521570034 139801222.308443 1.23766494549627 1.40655670520193 36 77.0198372249583 0.163739047376821 191887131.900996 0.115781943 191887131.900996
1 methylseq_8000.dot 22500260922 1.24959483292817 1.3806444197591 36 58.2262277324986 0.0572754173669571 24.640074813 1193355929.63632 1.09305337083115 1.44653234376733 36 97.4175399518217 0.287698643866559 2128722848.7791 8.90269964799999 2128722848.7791
1 methylseq_25000.dot 8885797810 1.23195584309365 1.82012689484426 36 186.697529684862 2.05652368272626 389.971399207001 6460792269.41972 1.06687419193423 1.78434048040897 36 515.403671060724 3.90105506111516 12152874639.8412 217.523462015001 12152874639.8412
1 atacseq_1000.dot 2223941232 1.5136164021164 1.19735651183029 36 6.19678261905615 0.341064335238004 0.504238543 18823257.5506327 1.16061586561587 0.857670512640172 36 26.062622683692 1.03275963292173 71805286.9398196 0.099892789 71805286.9398196
1 atacseq_4000.dot 3908761308 1.20378920347562 0.562104548102899 36 15.4585982315749 1.45425802678273 2.92033134500001 586053614.09459 1.07718568556587 0.476520612954779 36 15.8838912494524 4.76181928397356 810314448.35459 0.984651633000002 810314448.35459
1 chipseq_10000.dot 3793245764 1.16662068612257 0.582728968284521 36 7.05542810266797 1.90293309244141 5.52273099999999 2298768708.37299 1.10179792534117 0.523383477034622 36 17.8847997342776 2.52719860670066 3499580496.94004 6.56076532599998 3499580496.94004
1 eager_1000.dot 19132169434 1.9411493067743 1.59295788496995 36 789.046909229629 0.408373186925123 1.098593028 253940580.739638 1.51205283678194 1.67953237325894 36 573.658407594083 0.416628615417187 204853623.506357 0.216665322 204853623.506357
1 methylseq_20000.dot 17027257018 1.34538100954669 1.95146199009116 36 113.913380895385 1.60176237260027 216.532174717999 10205620834.7837 1.07343731143254 1.76177794430453 36 618.750156739303 4.82984794280466 18894714719.2217 110.832181535999 18894714719.2217
1 eager_8000.dot 25705994498 1.3061282976969 1.03794642977208 36 242.532480038034 1.08757881284858 22.1066344230001 2851038902.3274 1.10708812783115 0.956555338456984 36 115.382755591756 1.02959361036717 2615672300.18111 6.53395228600001 2615672300.18111
1 methylseq_2000.dot 17027257018 1.37111939822783 1.98269942295058 36 104.950846411748 1.61688181733503 1.424760782 1026774355.23076 1.14999681264741 1.92832225801582 36 619.878630015294 3.0034844312414 1727209078.04085 0.522140682 1727209078.04085
1 methylseq_4000.dot 6761426956 1.22861750639528 1.81633349695218 36 196.753366105854 1.99733094112751 4.869767394 779051287.263613 1.09368098256987 1.74804685555392 36 437.213541440925 3.65571184142974 1383149474.31503 2.26028967100001 1383149474.31503
1 chipseq_8000.dot 4807293396 1.19585546050084 0.89592207483303 36 28.5731449803688 1.06355181529351 5.341946201 2127721890.20751 1.07488499940499 0.711777635660452 36 50.4256683559801 2.91752565941131 3244460660.95963 4.81120732000001 3244460660.95963
1 methylseq_20000.dot 6273818718 1.21500663757568 1.69492434473749 36 131.876971236389 2.09223944704556 145.194600078 2395589502.16333 1.06541267300574 1.52787387001065 36 208.792631059524 3.61809364434773 4052214989.46348 85.069656383 4052214989.46348
1 eager_4000.dot 19100037384 1.48560048238667 1.35039259944712 36 363.28917505582 0.3460701900854 6.56274785400001 926944150.218493 1.16775482533304 1.23807997101353 36 125.794504869741 0.619611449196938 983300784.568068 2.09850812000001 983300784.568068
1 methylseq_20000.dot 22500260922 1.20114474361176 1.38034124911357 36 58.4351608601866 0.0590568906841858 217.570386277001 3015317691.79673 1.07623128616529 1.45134063043905 36 106.954856447298 0.307118282201471 5616797736.6694 88.6180178289992 5616797736.6694
1 eager_2000.dot 14754556884 1.67763462308917 1.4230681258687 36 755.905656047166 0.572824755418816 3.110916822 378257348.236899 1.40184318048095 1.28642728128859 36 207.558782811849 0.544334862143714 359151432.757622 0.742858262999998 359151432.757622
1 atacseq_20000.dot 11187378708 1.15130288188255 1.11662068677482 36 47.8245652830337 0.580748861563076 34.873256159 4917505514.94836 1.06448099918126 0.973323513146171 36 95.4291797103324 0.905212650148935 7008874692.82113 28.4301986740004 7008874692.82113
1 methylseq_4000.dot 22500260922 1.40105581772248 1.37610394950685 36 55.4900771898285 0.0606726515698758 4.739669904 607605137.630213 1.12286492842048 1.43752741467652 36 95.8638790928726 0.266206166455239 1032322476.92035 1.972432825 1032322476.92035
1 atacseq_15000.dot 2223941232 1.162906304336 0.399125904558327 36 5.145008732369 0.989589662659682 17.5037906889999 1342641679.18517 1.07230942637268 0.264744032608613 36 8.29233225163085 2.14646340926503 1876378146.26729 13.846053746 1876378146.26729
1 atacseq_8000.dot 2223941232 1.183586070427 0.432751086625308 36 7.87357151694818 1.4692247932264 7.388532486 711593835.23911 1.07272043548407 0.42581085392887 36 11.3822792912971 3.51895176658254 951782013.799521 3.84324152300001 951782013.799521
1 chipseq_200.dot 41366257414 1.48660714285714 1.13847414358509 16 30.8401241978551 0.187705344675432 0.047851367 279641323.446553 1.32409554730983 1.755401823571 31 38.9695669887881 0.0654738839294017 227530473.142567 0.004667305 227530473.142567
1 eager_200.dot 19132169434 2.9011583011583 1.78665202483596 13 309.307435925625 31.5835500248805 0.129996662 27394858.5572789 2.43091728091728 2.43068190723613 21 666.105635187082 63.0297064012215 26199612.4617496 0.018581055 26199612.4617496
1 chipseq_25000.dot 4807293396 1.1765973693057 0.96871347749958 36 34.4768481414588 0.817710746239749 33.548690038 6819723437.38253 1.08003854878852 0.640716437350245 36 44.4554742329715 3.0853553982443 10135721173.5307 57.345103261 10135721173.5307
1 atacseq_4000.dot 2223941232 1.21549874984311 0.482745943770024 36 15.7864300121779 1.60303218419068 3.700011032 331479825.538325 1.07722754225782 0.496980253854105 36 16.3398832026175 4.00522974370583 431811556.964709 1.19532534100001 431811556.964709
1 chipseq_10000.dot 41366257414 1.07967486773878 1.42577647483712 36 30.0108189520955 0.0637652077348958 8.127161022 16159374419.7928 1.08308371348785 1.24141395617426 36 97.8430437330185 0.177630864699178 16500748116.5506 1.29873955400001 16500748116.5506
1 chipseq_4000.dot 4605965334 1.15542162240275 0.906538796840485 36 18.7455957293989 1.96256512774952 1.928002525 1062773592.42835 1.14062522906862 0.703136046734021 36 37.4842343242776 2.89030769322686 1504420914.64592 1.115128748 1504420914.64592
1 atacseq_10000.dot 2223941232 1.1913825412454 0.459220252660548 36 6.74465661778492 1.00849153618466 10.344847985 886314520.907239 1.06851797211547 0.367293775340795 36 9.53940962888135 2.83043042381261 1200369734.57209 6.118220734 1200369734.57209
1 chipseq_25000.dot 3793245764 1.14175396987896 0.578558215485877 36 6.83269824850312 1.89686785968468 19.194208351 5761173372.13181 1.09492520950852 0.535852724030735 36 18.4311430655714 2.58908029682916 8986525611.6242 48.8489950829997 8986525611.6242
1 methylseq_25000.dot 17027257018 1.37992618501501 1.94749141177706 36 111.562429179374 1.60302742064446 346.257726575 12769130976.7755 1.10229255728539 1.76483617081097 36 613.950149217739 4.84851571863314 23492213395.7589 221.020147412997 23492213395.7589
1 eager_30000.dot 19132169434 1.23628066622108 1.27318512199698 36 108.293132016665 0.410572337733756 130.409312736 6892803527.31438 1.10206551412701 1.04835986440245 36 101.246573132889 0.768012694837917 7898273896.20824 203.968483566001 7898273896.20824
1 eager_2000.dot 8330435694 1.68486958032412 1.30645726912691 36 693.305719645125 2.66169270479268 2.670602142 287742134.198178 1.33749662511272 0.861840910245857 36 218.997560915742 3.71112362439239 356947464.382844 0.733387275999999 356947464.382844
1 chipseq_30000.dot 5058052541 1.20464193594145 0.848103619314012 36 25.1724208096887 1.5375394052853 37.741858007 9110453966.30386 1.10051750185455 0.579419034475268 36 43.2646335331259 3.37846098130502 13525734546.0042 92.6501436969993 13525734546.0042
1 methylseq_4000.dot 11897958606 1.22741789408456 1.96529486137192 36 87.7326143854637 1.34389450530807 5.18080191999999 1453451223.54883 1.09389945501056 1.84814323966562 36 542.479243250311 3.50321071075075 2549160884.0787 2.391082297 2549160884.0787
1 chipseq_4000.dot 4807293396 1.20774812844388 0.943522140975132 36 34.8611580752325 1.15626827805294 2.437401392 1041944254.36046 1.08208350218963 0.731442649488857 36 53.0296936624125 2.46640801732519 1550003653.26799 1.200557358 1550003653.26799
1 eager_200.dot 14754556884 2.64135564135564 1.98613991505065 15 241.614303684061 109.841407885678 0.130399031 12922762.4392015 2.52162162162162 2.21413724232307 18 133.443099047842 62.29985947186 11647898.8252823 0.018404345 11647898.8252823
1 methylseq_15000.dot 22500260922 1.31259822672955 1.37824762952204 36 58.0969573742891 0.0563427585242691 101.205657893 2236976958.55877 1.08627325140539 1.4488536687404 36 104.813784076911 0.295187407685641 4165280424.75948 35.645860785 4165280424.75948
1 chipseq_20000.dot 32978181418 1.20378038601989 1.76552063561229 36 37.0720294742046 0.101216527680354 19.430612231 37531597921.7205 1.1009592071466 1.62498925217757 36 90.1516979231463 0.269786012316538 39864887193.0693 5.539126601 39864887193.0693
1 methylseq_2000.dot 6273818718 2.02223178427998 1.6695526848278 36 86.0134908927482 1.88423975993794 1.381186279 230494154.440931 1.116744756805 1.38595873138446 36 174.237786433588 2.01408796439869 346784727.31628 0.468720590000001 346784727.31628
1 methylseq_1000.dot 17027257018 1.47193536048958 2.00355881842732 36 103.215488826074 1.61648220999292 0.523893524 513966355.044165 1.18279467074648 2.0225111995776 36 790.457178231448 2.24225591260503 881962850.280555 0.154129694 881962850.280555
1 eager_25000.dot 19100037384 1.25040213945092 1.28525634370106 36 127.886089831062 0.381037655809427 80.512935794 5750839146.19395 1.10522944178501 1.08661027935856 36 107.546026881252 0.778099387558411 6536461422.92223 112.696246689002 6536461422.92223
1 chipseq_8000.dot 4605965334 1.1737400530504 0.819536020270535 36 18.9552127480485 1.54725165200797 4.30962428200001 2206746496.06176 1.11124721347097 0.698085808406539 36 33.5299452928309 2.71197035022786 3170073736.6666 4.028202889 3170073736.6666
1 atacseq_2000.dot 2223941232 1.27407369319134 0.894688549081962 36 25.0298343820233 2.05930045408104 1.503234028 145000024.451707 1.0859592390554 0.600260157453914 36 20.5318941801746 4.00931400792533 192437151.872666 0.337372078 192437151.872666
1 methylseq_200.dot 6273818718 2.34722222222222 1.76927870903491 28 2.98969033008244 0.00249150128128312 0.07840536 2973456.16492862 1.55034722222222 2.00975481637793 36 220.742650836927 0.0275203724059615 2955613.4875 0.008231214 2955613.4875
1 atacseq_8000.dot 11187378708 1.1704931183249 1.13683969037629 36 48.0227581020374 0.576823568188435 10.165106698 1969111047.39327 1.05803011736657 1.05804639982507 36 90.2126079065475 0.893499873213504 2752999002.20583 4.13971056 2752999002.20583
1 methylseq 8885797810 2.83333333333333 1.58744561846005 4 125.31131875158 125.31131875158 0.003130363 1402989.44055632 2.83333333333333 1.84416449192434 5 1249.69958521533 1249.69958521533 1402989.4375 0.000273404 1402989.4375
1 methylseq_10000.dot 22500260922 1.21511779314901 1.37835263936714 36 57.385024954625 0.0548381820459281 40.5842553979999 1480037181.02988 1.09045840558448 1.45395736301643 36 100.782919702673 0.297389656565911 2731621403.13078 14.575956191 2731621403.13078
1 methylseq_1000.dot 6761426956 2.5907917383821 1.92476505298755 36 59.6245660755273 1.81209638667628 0.642444090999999 185300048.733255 1.19452412825907 1.81511630351962 36 480.199107576943 3.19508626083688 305949506.135929 0.141280418 305949506.135929
1 chipseq_2000.dot 3793245764 1.21836799803572 0.757629486669952 36 18.4526587433265 1.46318045926709 0.985426227000001 453754763.098278 1.15783853540974 0.510936703023858 36 17.4047875026974 3.44680539020842 607741774.795892 0.362649714000001 607741774.795892
1 methylseq_25000.dot 22500260922 1.60813285681258 1.38095675200934 36 60.2440602556049 0.0556581280599101 470.127333720001 3723759131.97262 1.07942604150001 1.45242526298977 36 107.954978609322 0.31342268587591 7068272605.07339 160.969880373999 7068272605.07339
1 chipseq_30000.dot 3793245764 1.14121155203567 0.564710085818668 36 6.8881160674784 1.98543097927896 24.2483835289999 6930966645.77722 1.0998383740252 0.513086552821463 36 17.8851951407574 1.95416184086238 10824921050.9504 77.9772208940007 10824921050.9504
1 methylseq_1000.dot 8885797810 2.62492828456684 1.93084909161412 36 70.8155077190871 1.83778529624167 0.646932498 243697946.842048 1.17619685089565 1.98368611157633 36 558.510846606455 1.91709310919443 418275799.424858 0.140134459 418275799.424858
1 eager 19132169434 2.94594594594595 2.59592856582849 8 17.8120664277185 17.8120664277185 0.040392899 27390403.62926 2.61518661518661 2.80721992882195 9 1592.65411767316 1370.39678754154 25342559.4372583 0.004892456 25342559.4372583
1 methylseq_10000.dot 17027257018 1.40198619130192 1.95003259038334 36 113.245412207378 1.60106451044578 41.9084677179999 5101490811.05486 1.07729758570097 1.79596801699317 36 615.521071006703 4.54168662199318 9346053509.28333 18.014929472 9346053509.28333
1 eager_200.dot 8330435694 2.5493135993136 1.72011218563884 12 131.713490356419 131.713490356419 0.138327459 7312301.66581251 2.53423423423423 2.20057171191076 18 193.218000136924 25.7396088661037 3635850.30449935 0.017752297 3635850.30449935
1 chipseq_10000.dot 4807293396 1.1908663600393 0.846573309249565 36 31.6358645283364 0.896980956470456 7.20750836800001 2704919649.92035 1.08797590775975 0.639487767800477 36 61.167227961832 2.78961125624195 4110609665.9862 7.72660032600002 4110609665.9862
