algo_nr wf_name inp_size avg_spread_dyn cv_proc_load_dyn num_used_procs_dyn idle_to_work_dyn idle_to_work_30s_dyn dur_alg1 ms_1 avg_spread_stat cv_proc_load_stat num_used_procs_stat idle_to_work_stat idle_to_work_30s_stat ms_perc dur_alg2 ms_2
2 atacseq_30000.dot 14091675276 1.11440997190898 0.990893631762472 36 10.6639103521464 0.159614264583597 28.255566172 1996505441.52701 1.04948373655633 0.719346860287864 36 10.5191119120718 0.318659186173398 2395292098.20079 41.6301011880002 2398821340.39833
2 chipseq_15000.dot 41366257414 1.09848158241312 1.16769632343365 36 11.3329835216911 0.020525682923622 13.32476967 3489619825.51291 1.08268166516286 0.96841504561304 36 7.47469867544798 0.0775198786832505 3612016092.4805 3.29791943699998 3637571348.2637
2 methylseq_15000.dot 6761426956 1.35075361876805 1.76984043813564 36 36.5033682198593 0.129513552465045 101.908640926 396844995.018796 1.12692799742442 1.75626908857532 36 57.6777182865454 0.332584759140291 665194008.575662 58.6545456310008 665200597.063172
2 atacseq_15000.dot 3908761308 1.11717175449128 0.294421954649268 36 1.36205943584099 0.360265148636347 14.12576072 285243061.446879 1.06218658958681 0.323363100002742 36 2.90830812674632 0.523710556110409 377174659.788785 15.037038461 377602324.781624
2 eager 19075314980 2.56081081081081 2.614387685734 8 74.0708768305333 74.1025864555155 0.040389247 7749391.53146665 2.50315315315315 2.86291029898435 12 136.414761280521 114.439944554669 5634207.33691611 0.00615945899999999 4517902.12207316
2 eager_1000.dot 25705994498 1.57906648531649 1.60827880626274 36 100.588685228154 0.203782152662454 1.251161439 52457667.2387759 1.57256190992646 1.17094230285973 36 47.850179261689 0.184135837018369 37833887.0656296 0.242771431 37862007.2855555
2 eager_20000.dot 8330435694 1.22533268313081 0.794539998853952 36 23.5137447143308 0.41482987215552 211.872222047 423014319.814918 1.16728735419906 0.280455894988387 36 5.25133382952126 1.38880751379826 458153637.417189 82.0632287990017 458175346.02001
2 eager_25000.dot 14754556884 1.22634420191561 1.07099310643112 36 21.7177900782019 0.124919260138085 301.496337955001 671364278.895375 1.11786796517708 0.768483385696097 36 16.5007629515085 0.197372471970305 729423253.13457 133.29217145 729580125.182021
2 methylseq_1000.dot 110641579976 1.27285331803404 2.06172818097881 36 233.751650447777 0.000489693907123049 0.527365441 441969810.391823 1.11856951615988 2.03825170257311 36 487.870560061363 0.0171302079797567 476358417.034076 0.126940649 476359131.926766
2 chipseq_200.dot 5058052541 1.80803571428571 1.12986119224933 14 1.18365516057029 0.612675476935337 0.055798964 7371268.00296162 1.65763180272109 1.30268574077263 30 3.33214463717942 0.153130334637582 4320400.42966066 0.006369275 4076017.97943887
2 atacseq_30000.dot 11809629756 1.12600631790278 0.749301005669324 36 6.34211008908616 0.161446218998755 62.4232117420001 966700649.037472 1.05829820807184 0.683037028072103 36 8.67549415435868 0.323386353622817 1233923144.13654 81.8386352770008 1234169647.20397
2 methylseq_1000.dot 6273818718 1.35232995473959 1.30137903976405 36 30.3182879987007 0.126052463618392 0.562369681 20692393.005761 1.15269012558169 1.23557391854719 36 25.2007989947113 0.181734638168514 24105849.567238 0.136014105 24106306.7477927
2 chipseq_4000.dot 41366257414 1.10634317857195 1.12148878187237 36 9.56742077221347 0.0174414966656273 1.790061164 906469565.96803 1.08417970917971 0.931489931547614 36 7.09487800138469 0.0831340780886476 978567323.052238 0.306348201999999 980922026.259288
2 atacseq_2000.dot 14091675276 1.10230306546267 1.02605166778385 36 7.74100020634072 0.167917834838188 0.761874674 135338130.605521 1.04498355701499 0.680588589093475 36 12.3038028902538 0.351666173739393 156886860.793894 0.179149634 156881949.867521
2 atacseq_1000.dot 11809629756 1.20446385096385 1.14375452879768 36 7.32792256592664 0.137829636157415 0.449640041 27356701.913584 1.0949047137503 0.69551651791013 36 7.19907788787541 0.300028112386838 33507066.1715779 0.0822108740000001 33576459.4655141
2 methylseq_200.dot 17027257018 1.85292658730159 1.80251807809023 28 9.73940494214191 0.163695652395479 0.0772774539999999 16862005.0983035 1.25256283068783 2.0018897877416 36 130.12672326706 0.370370368412506 18887642.025929 0.00885870900000001 18887934.6335963
2 methylseq_30000.dot 110641579976 1.11321777388206 2.01641830955706 36 45.8863506592336 3.28452284789779e-05 517.797375078 13248947472.3677 1.11062784902324 2.00405109136757 36 45.669266420461 0.00874336552287763 13350130642.9846 268.458225948997 13350137839.3772
2 methylseq_8000.dot 110641579976 1.0955181371848 2.01734012823786 36 46.0464577635598 0.000341759275441092 23.920913054 3548613808.8078 1.083285666619 2.00442961897423 36 46.6991262721984 0.0104576706752035 3576404076.65254 8.31260023599988 3576407159.02158
2 methylseq_20000.dot 6761426956 1.42480246066682 1.78389292997116 36 27.6167211977661 0.12918837665823 187.240981291001 528446261.235754 1.12614728431058 1.76573315030277 36 58.5722280631553 0.329186218397956 895188479.495377 124.920772734 895194810.525462
2 atacseq_8000.dot 3908761308 1.12435205765461 0.323236770548531 36 1.4743231298353 0.380987312060083 6.254066072 149716993.889145 1.05063760519464 0.328067494418793 36 2.85669859072455 0.543940162121231 191619164.135578 4.06799635700002 191935410.887889
2 methylseq_8000.dot 17027257018 1.5373488567933 1.96753160622323 36 21.63366632917 0.108440208098563 18.7688720420001 635010417.807899 1.162567329234 1.77405759522914 36 77.108874878655 0.451084349427996 903287377.655097 12.5192397660001 903294350.63873
2 atacseq_10000.dot 14091675276 1.10738484233717 1.01503090212302 36 11.813821858262 0.169582389009157 6.023622984 674465329.141237 1.04322691452748 0.69531797834097 36 11.2387961514823 0.317152934444857 792789944.80403 3.44786988299998 793029458.269612
2 atacseq_20000.dot 11809629756 1.12104912546698 0.742099506339858 36 6.07961112670718 0.162018490260599 39.3519936680004 613051227.912454 1.05071765020853 0.717363323221954 36 8.76947485927842 0.265627076556321 812417471.564574 30.6088583839997 812815266.090901
2 atacseq_30000.dot 3908761308 1.10977693311176 0.289421775784606 36 1.22878445483535 0.370076056780897 39.8868137889999 568697845.278701 1.06042585146488 0.324606343023309 36 2.88419031343815 0.485168949189176 764387803.677088 71.697668950001 764781725.010373
2 eager_2000.dot 25705994498 1.38907347127161 1.19881634993957 36 70.5627714433042 0.182825513354655 3.49097810000001 100263430.754945 1.25762179833387 0.959050237505099 36 31.9929053972141 0.269655781409149 94926979.7434682 0.533796231000002 95413384.0919389
2 eager_1000.dot 14754556884 1.63069250569251 2.06067406271255 36 151.141006486528 0.16164567369295 1.497777373 39613195.2516696 1.42487770576006 1.23841318757441 36 32.0990590094487 0.189607655202857 27092299.5359567 0.270948515999999 27691314.5536742
2 atacseq_30000.dot 11187378708 1.1303313101473 0.708393613826113 36 5.4508388798316 0.151501473553205 63.1856551190001 959890428.948077 1.05918429552471 0.663840963959989 36 7.44094919604805 0.247332489485179 1215779696.3325 80.0916208150007 1216265049.88478
2 methylseq_10000.dot 8885797810 1.46588953041534 1.82496832342492 36 22.0058164394578 0.127345261048019 36.577972288 343156041.897448 1.10077205485371 1.76569925877324 36 57.2873936730526 0.316738502576951 563540974.614091 19.9351389769995 563548496.419704
2 atacseq_4000.dot 11809629756 1.11940513957346 0.806922842170237 36 7.05452556752448 0.156021780145 2.869881633 119759370.198957 1.06602231677022 0.716506928673119 36 8.46134894522776 0.299166918803011 158862113.927177 1.190720144 158951347.914128
2 atacseq_1000.dot 14091675276 1.12788675948235 1.02043193271536 36 7.93772274300224 0.161311200794508 0.347369112 64430470.0642064 1.0644864996115 0.791088318320176 36 11.6576580656969 0.296888177598421 71003322.1069772 0.0728545749999999 71376493.5593178
2 methylseq_4000.dot 6273818718 1.17340356229245 1.3159777477911 36 18.9305602647875 0.132317765774434 6.110955245 78986164.2910686 1.08878322767211 1.30730025624513 36 28.2163935234417 0.282055964695291 110516920.007013 2.03997887900001 110518558.890533
2 chipseq_1000.dot 4605965334 1.16792235542236 0.862101255567062 36 5.46015874987595 0.245199083667797 0.511341958 31263379.7057119 1.11757019689712 0.520705392343299 36 4.88101589267442 0.47819586623069 34580895.0117372 0.118341337 34716497.3023849
2 atacseq_200.dot 11809629756 1.46047619047619 1.35574657779479 17 3.80889433902951 0.455467291521707 0.061896649 4876899.09793702 1.51796296296296 1.47790184484902 27 4.64873379948394 0.244594445556082 5072877.83432313 0.007489588 5170812.8523261
2 eager_8000.dot 19075314980 1.25444630079303 1.13720507007945 36 40.7490121791462 0.160071413623151 36.9244598920001 281281142.272843 1.12580156699867 0.819497368130616 36 29.4247988684983 0.241722521436602 281367360.7205 7.93724086800004 281416050.328772
2 methylseq_10000.dot 110641579976 1.12073400788888 2.01780625159121 36 46.2715084167961 0.000439380839256206 45.3032519419999 4443501738.75264 1.10678557137142 2.00552024326141 36 46.6323248281824 0.00903978769675109 4443978977.20214 15.382257654 4443981093.36354
2 methylseq_2000.dot 22500260922 1.18419710588385 1.26897687827687 36 17.6253523472977 0.00102587061845677 1.407532783 95327098.3546395 1.14363804424045 1.25574490944878 36 19.7211597469697 0.0558593528938 107043834.776789 0.547563999999998 107047024.755061
2 chipseq_200.dot 32978181418 1.49659863945578 1.22980746463874 15 14.5791664128826 0.151413838159235 0.049031407 37267778.0468434 1.15882034632035 1.73164410796969 36 15.1821461292292 0.0486507398736197 32055495.4574659 0.004209563 34387682.1466158
2 chipseq_2000.dot 4605965334 1.1194115088498 0.50790868088869 36 2.94103334027493 0.379130506217128 0.863194482 64103512.5710936 1.10311168262118 0.45456869792139 36 4.74080574658199 0.499191653306219 75939254.2304453 0.32951548 76063226.4894626
2 methylseq_30000.dot 8885797810 1.39839639559526 1.80151745813984 36 38.7200221485482 0.129585253014047 482.951822965998 1032837471.82312 1.11450982509409 1.79954559707938 36 65.2014674879143 0.338031306951121 1780641438.78405 374.744477986002 1780646759.47675
2 eager_20000.dot 19075314980 1.25117564744861 1.13533858137884 36 32.6770818329596 0.151965449689638 218.130852726 676630644.697211 1.12354191608819 0.803721476438635 36 17.6527041570655 0.249266221486447 732079175.422851 67.8158549750001 732177141.301878
2 atacseq_8000.dot 11809629756 1.12596447212122 0.766540717499358 36 7.04504807663158 0.162895019279237 9.48719749799998 250250657.888752 1.0667109975019 0.762629621752698 36 8.6511798695354 0.275139457787764 308361893.384612 5.46385106300001 308518123.358557
2 eager_30000.dot 19100037384 1.20910462039483 1.12786029916547 36 27.3389988057281 0.154471519692578 450.497707154999 1005398508.54081 1.10743045461046 0.824069173434926 36 17.2816473333973 0.232719053048373 1060545152.71879 201.386168507998 1060673111.56727
2 chipseq_200.dot 4807293396 1.79613095238095 1.20109448409024 14 7.94929504344487 1.18165739355329 0.055144611 6819863.367844 1.55814200680272 1.24491702476963 28 3.58169861978831 0.345390557929018 4390507.59713085 0.00649295800000001 4390326.77260172
2 chipseq_200.dot 3793245764 1.51594387755102 0.828061572946292 14 4.25882108952228 0.32088273461499 0.062870982 4318522.45597828 1.35884353741497 0.892112793438404 31 2.28818569605194 0.146329811522965 3779223.13970039 0.007119061 3828647.48477876
2 eager_8000.dot 19132169434 1.31265722675422 1.11787987697733 36 33.2546990649935 0.140197918876115 38.5175972279999 273264264.97403 1.13699867004304 0.845684389892912 36 23.8916705272444 0.224446931550765 270288269.950748 8.50846175900001 270351728.380222
2 atacseq_10000.dot 11187378708 1.11927111827805 0.712068023794912 36 5.50354695804208 0.147923351886678 12.291639516 307730639.227541 1.06243533383786 0.763030816354691 36 7.99251897777935 0.248457367275744 396135357.644508 8.98393375099995 396280693.138123
2 chipseq_20000.dot 4807293396 1.14580619760921 0.50725062850988 36 3.55320911795358 0.356082914134937 22.45218386 662287814.539334 1.0780958455395 0.551263762264449 36 7.0363233756019 0.710369011321421 875801848.771582 37.7543272960006 875984040.991178
2 chipseq_10000.dot 5058052541 1.17563919737322 0.646479929123296 36 3.25300701561846 0.398039853796999 6.81348551599999 373243490.810043 1.09220682200006 0.474342021016223 36 5.68149520399376 0.708544787469121 493156461.89774 7.88662792500002 493308433.529238
2 atacseq_4000.dot 11187378708 1.13106480163862 0.76691500469617 36 6.1263689954524 0.142474570937361 3.029219603 120122937.674632 1.05484708186373 0.724304467063851 36 7.8395142593899 0.267471165864009 156146925.705011 1.242796652 156312663.4811
2 chipseq_4000.dot 32978181418 1.1717287233207 1.38951844132161 36 12.5889741575721 0.0291244632022651 1.629996063 930548371.667408 1.07733121176517 1.10051469619351 36 12.4121236884473 0.13489705665869 960886987.089017 0.307581828 962261409.121591
2 eager_4000.dot 19075314980 1.43000880467957 1.14164016743875 36 51.3627098456662 0.124876116633696 10.815456765 134723896.666242 1.19721470831401 0.941236027640405 36 26.7378950869549 0.230697880864143 148774528.928319 2.02262297100001 148799040.32294
2 methylseq_4000.dot 17027257018 1.56263803486026 1.96922300732747 36 16.2725383276427 0.116163448851728 4.76797458699999 326792451.581169 1.09028075694742 1.76496326333703 36 73.3875822878588 0.443290975491161 450608504.445808 2.45039219900001 450613545.780152
2 chipseq_1000.dot 41366257414 1.11977405607213 1.08927192190816 36 8.15200066340332 0.018151904064058 0.327094773 216813853.789583 1.07008723114492 0.911673550230728 36 7.02082670347455 0.0926707854671616 247431289.510458 0.0327397079999999 248712809.516944
2 atacseq_10000.dot 3908761308 1.12123423108819 0.329866934327511 36 1.543745173521 0.371375594698756 8.266628824 190475031.778848 1.06110853340433 0.321912646168734 36 2.89211855953167 0.520699690803792 240801941.436693 6.607770574 241025220.346572
2 eager_1000.dot 19100037384 1.62767947142947 1.76530669411391 36 113.806877676922 0.176172150354659 1.474013876 45313935.0708194 1.37827602478338 1.23044323535321 36 44.0638564644543 0.208193918672278 35928619.8053363 0.214840613 36806734.4565142
2 eager_25000.dot 25705994498 1.23331302636354 0.976113214047041 36 40.4133493336642 0.191015308146117 376.18679379 1161439585.43188 1.10505297573011 0.710922695120185 36 23.0290194405936 0.246930748577127 1188078378.08405 98.133762682001 1188243163.34582
2 chipseq_25000.dot 41366257414 1.09284494180326 1.13403989046636 36 9.99005646094381 0.0211861148131361 31.8071284799998 5828289863.56823 1.08384747968079 0.944059039259414 36 6.75552634280024 0.0763605072232586 6002147525.84253 9.36916993899985 6025700621.49189
2 methylseq_15000.dot 11897958606 1.55304984728524 1.9604455538605 36 20.4045313279557 0.0850758433299564 83.9297859750002 908244947.314756 1.13143212983088 1.792190951715 36 64.5968589688296 0.342649991401228 1175776420.39978 57.7400832630013 1175776883.0993
2 atacseq_30000.dot 2223941232 1.11234303476186 0.239440406505766 36 1.14382195800249 0.344096853831312 54.6196519329999 342016622.054139 1.06464916859194 0.194558811299235 36 1.97370072405167 0.466166566656668 409739593.216558 81.0708231679997 410131367.874614
2 methylseq_1000.dot 11897958606 1.61211512717537 2.01793015232894 36 11.3382998997848 0.0833087571627198 0.513703325 60294446.6691359 1.16575827117996 1.83147400976251 36 78.9543719654809 0.300847793508173 77218466.630487 0.148256493 77219928.8474854
2 atacseq_2000.dot 3908761308 1.12875316538091 0.595488492372828 36 3.25836174943374 0.283796823772046 1.176376685 35275894.5625047 1.06063439956174 0.321413617400676 36 2.9672976436932 0.619247576061932 44141193.9305028 0.319345217 44208372.6395284
2 methylseq 11897958606 2.83333333333333 1.5873381951677 4 100.700291104393 100.700291104393 0.00321217 1586814.19427441 3.11111111111111 1.52264260275687 4 2.1553997066731 2.1553997066731 1839399.0625 0.000270675 1587667.21246474
2 chipseq_25000.dot 5058052541 1.17405836676668 0.628351177716722 36 3.24625765759391 0.390097855043254 27.8172219970001 956122217.97758 1.09933248474913 0.499256924003204 36 6.14161619666286 0.58335671863911 1256524966.14035 57.7062667060007 1257081124.46519
2 methylseq_15000.dot 110641579976 1.12607228640057 2.01701678651139 36 46.0247757064746 0.00010133626089109 117.592120869 6628879912.76624 1.09843430299798 2.00991875173999 36 47.3634802987214 0.00856820148132424 6696621540.62466 39.6039061330013 6696625487.76352
2 methylseq_15000.dot 17027257018 1.53756550213717 1.96283509949811 36 21.7119547789281 0.110391692034357 84.8765154040001 1199392927.76577 1.1489085448253 1.75762323904872 36 73.5257871380431 0.452238915898689 1683910346.09601 57.4513733300007 1683917258.95095
2 eager 14754556884 2.56081081081081 2.60830158629478 8 61.9958655924023 61.9898034674435 0.040461085 7552087.52831662 2.31081081081081 2.95990133403324 11 295.14489855193 288.972328647702 7219249.31480645 0.006593884 7463034.64104961
2 chipseq_2000.dot 32978181418 1.14523095575311 1.35082735975336 36 11.4542167906879 0.028492981372298 0.726564963999999 455614653.825592 1.10451310293083 1.06611038499893 36 11.8715841218482 0.131037618209357 468804221.446148 0.103104538 469322357.095651
2 eager_2000.dot 19100037384 1.47817748405983 1.32330714508138 36 73.8415758771466 0.114481397876687 3.795667313 71640992.0486532 1.36030272779499 0.929498812857942 36 30.0148077777735 0.225443837641699 66072936.2032157 0.619535081 66071168.8805775
2 atacseq_20000.dot 14091675276 1.116559569076 0.989830487716566 36 11.2040594102457 0.163906242442483 15.98958976 1312362201.68518 1.04745391784395 0.696529194863456 36 10.6272850792019 0.322913579550662 1595344414.74373 15.6155057520001 1596085007.52305
2 atacseq_20000.dot 2223941232 1.12083556035222 0.272426778548455 36 1.19138610115785 0.34779157909976 28.8250593500001 226960562.957114 1.06192550704842 0.18883141528673 36 2.0300391849494 0.498424001885229 265926295.603072 31.8328887139996 266081402.993243
2 chipseq_2000.dot 5058052541 1.18699687706808 0.736186526786322 36 4.55418799298977 0.432292980608339 0.904542219 70853693.7791259 1.11141811774723 0.456115086446684 36 5.27407316873723 0.733032851126446 93418612.8555964 0.345192921 93419676.8540468
2 methylseq_20000.dot 11897958606 1.53958646950845 1.96135440331657 36 20.3302789763776 0.086927601528197 159.929302212 1220556191.56115 1.13358518010382 1.80260195650016 36 67.5463057136221 0.352927624049098 1611891148.64022 125.615958211 1611891558.33916
2 atacseq_25000.dot 14091675276 1.11630163015301 1.01862324267308 36 11.2680527831232 0.174756728994369 21.015120524 1691556142.11239 1.04695113877729 0.707095368501727 36 10.7087507765223 0.322729993027614 1992209071.60383 26.3614367439999 1992759922.61412
2 atacseq_4000.dot 14091675276 1.10721982059388 0.981187892361628 36 14.8727630610559 0.155273462581201 1.770699899 249265105.520637 1.04925540992979 0.719471609640177 36 10.4787586276922 0.295811338604608 310488839.856802 0.629648061 311131967.931371
2 eager_200.dot 25705994498 2.45686400686401 1.59229921460959 14 115.458967258811 7.67676110892446 0.144098787 12073868.9603728 2.31681681681682 2.19365884647099 25 56.8558082558998 1.80138879091315 9517173.43294907 0.021206392 9518343.25514616
2 chipseq_15000.dot 4605965334 1.12509217097592 0.442105904390508 36 2.36927039232668 0.365998386879493 10.5389888000001 511508017.291484 1.0979585331891 0.516286060268016 36 5.19722268752461 0.425400419415468 626989235.065086 15.586464114 627377377.960521
2 atacseq_15000.dot 14091675276 1.10884219502144 1.01383117780544 36 11.8243798349673 0.164291467521904 10.985968618 1005599336.77717 1.04662273614382 0.700081409554784 36 10.61122498989 0.330488325725161 1199668833.633 8.38468654199995 1200231748.60953
2 methylseq_200.dot 110641579976 1.70858134920635 1.83851337069925 28 8.99169569725871 0.00476520669459307 0.075866158 88954533.204838 1.59184854497355 2.12375750169652 36 9525.74604737878 0.0258785221535597 92079247.2136667 0.007948693 92079300.4392983
2 methylseq 6273818718 2.83333333333333 1.58180174721975 4 83.7836523047411 83.7836523047411 0.003105237 1058193.11303477 3.11111111111111 1.58505287943777 4 3.35403475176388 3.35403475176388 1057475.80595635 0.00027434 1058423.67034244
2 atacseq_15000.dot 11187378708 1.12779414606447 0.699962538984723 36 5.3699510512243 0.148417865025278 22.552193836 473184407.284675 1.07299984035726 0.723009166079307 36 7.97662935748881 0.295159524872684 597495545.886251 21.4586004409995 598055261.365024
2 eager 25705994498 2.67027027027027 2.61237594633586 8 80.4966334617564 80.5254375213034 0.041334739 11696817.4482743 2.6036036036036 2.89279060210541 12 198.454822389332 155.057465386658 10432441.9401751 0.006181602 10443688.5563992
2 methylseq_4000.dot 8885797810 1.40259704148593 1.81544353851757 36 39.9236618918641 0.129355042128309 4.99526084200001 139124643.764627 1.08038594149705 1.76525674283291 36 60.2042732427895 0.340417260334159 232171373.242826 2.39030276300001 232172587.093925
2 methylseq_20000.dot 110641579976 1.1183139922636 2.01722852116372 36 46.0771676961052 0.000132334454942513 236.769097673 8835520399.96173 1.09306103393742 2.00152845760024 36 45.2132715458985 0.00865001010933895 8848507195.10242 80.5993360639977 8848509923.80692
2 chipseq_2000.dot 41366257414 1.10434936898545 1.10173510648499 36 10.0654527350234 0.0172894975535766 0.743851636 446449386.641673 1.08363103141584 0.914113218032343 36 6.84488196459362 0.0815945432523799 481351223.40826 0.082705491 484283741.086428
2 chipseq_15000.dot 32978181418 1.21277639826783 1.51380956996016 36 13.0092020600503 0.030917726232073 9.41189793100005 3584098534.47235 1.10691257302796 1.17406758511593 36 13.3489905145808 0.136574892078572 3651970252.25397 3.338438482 3652169919.67715
2 chipseq_8000.dot 5058052541 1.17265697011975 0.646486949705053 36 3.33643771279751 0.408047003205889 5.708884788 299867452.879626 1.10218823757225 0.468992034275133 36 5.68634499996314 0.684408306729035 396293920.04363 4.86789654 396387273.074768
2 methylseq_8000.dot 8885797810 1.36961961961962 1.79776654602593 36 37.4869813425849 0.124022345472368 21.978306143 271516076.864906 1.12111714889493 1.76500332064551 36 59.1497027800297 0.312009116173171 449446141.039704 12.2630842119999 449449495.354088
2 chipseq_8000.dot 41366257414 1.10534255778183 1.12837368255365 36 9.79458030651264 0.0185693040263894 4.64819661500002 1838025486.30049 1.08190854012759 0.939652024831114 36 7.00561232802933 0.0782941181917517 1927072915.83419 1.000045763 1934986957.01004
2 methylseq_8000.dot 6273818718 1.3319966792189 1.31324098965965 36 18.8276851225597 0.133136083342834 22.234916822 157957628.181224 1.10191937969716 1.35251305712798 36 28.0269339830256 0.306196298753101 227791036.73883 9.90613595699997 227792328.21597
2 eager_15000.dot 19100037384 1.25401774347927 1.15132200999488 36 32.6672728353624 0.146346334251474 124.702664135 510643514.221331 1.12531992388392 0.86078016771757 36 22.2811791341962 0.225246513286373 517741826.060873 33.8949257170001 518161479.720963
2 chipseq_30000.dot 4807293396 1.13370538361415 0.499993332397378 36 3.50773494038219 0.368415696336026 49.0052631569999 994095175.671056 1.07191498816029 0.515830942193254 36 6.69881988993287 0.642063861130319 1380125629.70819 98.4153458570002 1380438856.59681
2 methylseq_30000.dot 6761426956 1.41442979308123 1.78341075534348 36 26.2352297714294 0.127249356281122 494.358985778 786705626.240293 1.11128366690595 1.76551275564085 36 60.170046212237 0.338248819152556 1367471256.69954 387.058896277001 1367475418.51412
2 chipseq_1000.dot 32978181418 1.18817507279046 1.49915772088325 36 27.9645825986925 0.0291996848794012 0.323623442 221163312.149393 1.12014000956309 1.10679139079707 36 12.1925144595817 0.136056629182799 237362086.16347 0.030480509 237378701.91784
2 chipseq_30000.dot 4605965334 1.11308357770252 0.486279663844842 36 2.59030605731196 0.327385976467179 34.4580399339999 1083220996.30062 1.10342247584219 0.525039785215311 36 5.19430190082659 0.376966861957879 1365109705.83896 75.4579570370004 1366002323.648
2 methylseq_10000.dot 6273818718 1.29019703119344 1.3127714704685 36 18.7260735389756 0.134680834754605 36.703580374 198168912.617646 1.08409713091588 1.37556672282753 36 28.9667239274264 0.314862371212481 287593049.79657 16.0625100589993 287595352.69736
2 methylseq_25000.dot 6761426956 1.34995694549224 1.76830679700162 36 35.957973419651 0.126287549925841 352.964342591001 653715859.912678 1.12765598051247 1.77422820939301 36 59.8491666138628 0.330907446388001 1119218090.68979 246.018868052002 1119226166.20019
2 chipseq_10000.dot 4605965334 1.12313812701501 0.40694194472438 36 2.10023317641293 0.379815832289311 5.691965682 334401513.927689 1.09865614752833 0.488266147488468 36 5.07617924753025 0.507029458009902 408681335.133396 6.35573818100005 409281850.613043
2 methylseq 22500260922 2.83333333333333 1.59156686061835 4 97.8085755021447 97.8085755021447 0.003249885 1513625.95855344 3.11111111111111 1.58825357451297 4 3.4448042908502 3.4448042908502 2992455.95092929 0.000274826 1560488.37219832
2 methylseq 110641579976 1.83333333333333 1.66018082138205 4 3431.60691603702 3431.60691603702 0.003118054 28887536.916553 3.11111111111111 1.68780645910077 4 12.4667530891279 12.4667530891279 34015601.1176096 0.000259704 32528810.2227967
2 eager_25000.dot 8330435694 1.27081049713285 0.85605707289402 36 32.2783969045764 0.400302564388825 332.630630244999 530761101.639787 1.15110958733908 0.264248912463089 36 5.19819101447203 1.30570363423771 559963859.569854 136.491435503001 559964547.797114
2 chipseq_20000.dot 41366257414 1.09445005219017 1.12195403721927 36 10.3214514282119 0.021170857640029 20.6827374070001 4648893406.47842 1.08568172935739 0.967048587673286 36 7.395386645987 0.0760014149015122 4805082476.3599 6.19318438799996 4815622832.25243
2 chipseq_20000.dot 5058052541 1.16599704529928 0.637453450377152 36 3.19341240570692 0.396414046993217 19.9309298880001 760721420.388223 1.10152814566532 0.457026076972095 36 6.03834613819305 0.679634867772187 1038194782.7756 36.8182131000006 1038547137.81396
2 chipseq_8000.dot 32978181418 1.20220047389915 1.45418138628447 36 12.2662727080599 0.0311788164782869 3.943700858 1896091052.32846 1.09390568613727 1.14534576939921 36 12.8647767731281 0.129160065733461 1936516432.11212 1.034879861 1937132623.77311
2 atacseq_25000.dot 11187378708 1.1341661129095 0.706033812545623 36 5.40251334452541 0.149440489567801 47.6389172880001 793289082.43285 1.05813286026548 0.618178387220197 36 7.27720497477507 0.286527918136515 1001273263.33945 51.9181619979994 1001497530.65293
2 atacseq_25000.dot 3908761308 1.11025770626729 0.294778272326751 36 1.27593700610068 0.361213155375065 28.078498612 476457739.968317 1.06095759818501 0.31278379787275 36 2.86619391312978 0.480453451560643 628792300.653696 42.7356637260005 629578503.40418
2 chipseq_4000.dot 5058052541 1.19504211721193 0.633523305794348 36 3.46033446259128 0.384889838949757 2.160689369 147226126.476855 1.08397557631048 0.49043002137074 36 5.7869952405677 0.712740894713672 194150036.326752 1.260162312 194433458.7041
2 eager 8330435694 2.56081081081081 2.60480314167264 8 53.8207486495325 53.8323713291722 0.041116533 3425257.43376148 2.2489703989704 2.76388141601762 9 352.231043929385 352.231043929385 3251724.89163431 0.00682577 2226640.35558012
2 eager_15000.dot 14754556884 1.26859884835681 1.09819247676146 36 29.4288922254007 0.131109008091809 122.091276375999 415517876.836162 1.12421940544854 0.789336710248597 36 17.6812071886142 0.220860443761884 456638112.406056 37.5106947509998 456715307.208587
2 chipseq_15000.dot 4807293396 1.14887316008975 0.496525274179349 36 3.51713918893596 0.369795770387009 13.741293736 484207532.941005 1.08270572638267 0.510245292824202 36 6.60263416407657 0.728653662279181 665645061.94234 19.9662438239998 665809164.306227
2 eager_4000.dot 25705994498 1.35638510577054 0.991458601134583 36 45.1400195304633 0.195323588602325 11.126909443 188216822.101477 1.14018729761071 0.93671933561325 36 28.5361807540235 0.261786071991151 194043206.130302 1.73783290899999 194496714.183442
2 eager_8000.dot 19100037384 1.32525411651314 1.14046677471278 36 47.0864627555851 0.15915161279768 41.6211754990001 283398176.458293 1.13616416096292 0.846541561503151 36 28.7425269043868 0.24889973600007 286574887.732668 8.01852943300006 286643586.737942
2 methylseq_4000.dot 110641579976 1.1014586014586 2.02207089958327 36 47.2100071882891 0.000428225263500354 5.20696100199999 1779679309.40525 1.07694599361266 2.00441022957888 36 46.9060432237648 0.0109211279598282 1809869822.97902 1.77335041 1809870892.29302
2 atacseq_200.dot 14091675276 1.36769841269841 1.32129594645229 17 7.43917430298822 0.472135452589069 0.057363417 10680569.7467246 1.17961279461279 1.1988559923731 29 4.66679199640977 0.241533546651064 9861778.20805958 0.007220158 9825070.61260906
2 chipseq_25000.dot 32978181418 1.21142967497132 1.5221282293632 36 13.3045848892029 0.0330834851702451 22.721018874 6015182172.8924 1.09988957905623 1.17398242301307 36 13.6449456483808 0.135093340522351 6096615332.79546 9.56140289299995 6097748773.13132
2 eager_10000.dot 19100037384 1.31612506634855 1.10528214156941 36 28.9471758518353 0.140784241732901 55.9134325220004 331744235.337076 1.13582488065149 0.806887450982943 36 19.6055492533232 0.245436032577743 361946511.837494 13.9088268140002 362501887.209111
2 methylseq_30000.dot 11897958606 1.53416763530808 1.96015527510637 36 19.9310505140405 0.0852493459018395 434.394850500999 1817944210.13729 1.10598789780465 1.78399784526815 36 66.8539425848819 0.370260477502589 2458887732.94241 382.709358656004 2458894961.43751
2 atacseq_25000.dot 11809629756 1.12177053102891 0.744208825716943 36 6.4282852608097 0.163168733740337 43.5585063430001 803606641.818243 1.05955482785272 0.663781401605304 36 8.47851889559443 0.295180111977143 1027055958.31188 50.6186640060009 1027340106.7047
2 eager_30000.dot 19075314980 1.20321341595653 1.12130097515978 36 28.3521222477107 0.15046175164359 471.783675580997 1009467044.624 1.11787921772707 0.809696119855978 36 23.7462518485486 0.240814364389265 1061207242.05499 193.801439882001 1061343229.33304
2 methylseq_25000.dot 11897958606 1.53441947537003 1.96154268574104 36 20.0169446669515 0.0848423578362518 276.306345172 1513103355.02968 1.10711237607544 1.81092210298784 36 67.981504835153 0.347287911373088 1989138469.70216 235.341149105005 1989146588.40328
2 eager_15000.dot 19132169434 1.23072148899167 1.14467733624129 36 34.5496129084043 0.150420604033599 124.156241907001 512016274.87796 1.123288773961 0.817512679792442 36 19.8036602798654 0.252964747172656 548429744.578899 34.2685280890001 548576697.950966
2 methylseq_30000.dot 22500260922 1.13196707254332 1.27795663400074 36 18.7693717834278 1.57511695165551e-05 533.425100976 1424108535.03351 1.0745425154189 1.26319279721739 36 19.6324113536101 0.0543637679725393 1609290981.07318 286.182284575999 1609300145.68456
2 atacseq_2000.dot 11187378708 1.12656599255864 0.891665494040829 36 8.19992910995639 0.138692171009915 1.30959118 58950366.2883519 1.0704948954192 0.710138698380495 36 7.36425818543138 0.30358944327164 74528932.6376802 0.323546053 74587744.426435
2 methylseq_10000.dot 11897958606 1.5398302178014 1.96423181126534 36 16.3691771544358 0.0843640492413575 34.3617731629999 604546402.065699 1.10460374626043 1.788152838391 36 64.6616936220395 0.346248095082292 794823066.839906 20.9395817639996 794826322.017046
2 chipseq_25000.dot 4605965334 1.11502977648809 0.46844355592067 36 2.38759549794892 0.348601199964682 22.291246571 865663169.677365 1.09908393241724 0.514427931111164 36 5.21931903760181 0.423490085642856 1094412020.91727 48.9101635059994 1095183078.99475
2 methylseq_30000.dot 6273818718 1.16179911117887 1.32782345424577 36 19.504036218629 0.137243350002949 633.198252222002 596819221.672867 1.09629671974613 1.3812292146155 36 29.6349600961512 0.343361220671096 879714358.435709 304.538404958006 879723184.90708
2 eager_30000.dot 8330435694 1.21312421309825 0.807900328853306 36 20.0728947263495 0.40506080076769 454.653227946004 642804196.829047 1.12787118696217 0.22961753238231 36 4.87907483232403 1.29238804492828 661885299.364077 206.048174872998 661885434.478396
2 chipseq_200.dot 4605965334 1.57610544217687 0.993177302046506 14 2.82095642011541 0.524406374032583 0.062605461 4688757.95189817 1.46928146258503 1.15269014339084 31 2.45046405204858 0.187535762378138 4596644.63831254 0.00685664 4619217.05698983
2 methylseq_15000.dot 6273818718 1.24771457377544 1.31008491150862 36 18.5484499575499 0.135962376683177 113.877799940999 297447041.303343 1.08453853029516 1.37558955205575 36 29.3529012480584 0.341845554078765 445428331.986818 43.7224613730009 445431476.531463
2 methylseq_2000.dot 11897958606 1.58627366609294 1.99470593671 36 14.9441312219522 0.0861129044474843 1.372138449 121570273.18462 1.1298686810735 1.82549048805685 36 66.8703064183943 0.304685053508464 145996111.29453 0.644660869000001 145997531.339335
2 atacseq_200.dot 3908761308 1.39583333333333 1.32922349694104 16 5.78585441104307 0.797033808906908 0.068578166 4613261.75863608 1.273170995671 1.14553297625407 30 5.41373356038789 0.248641287203986 2467254.87133764 0.007750987 2478628.1347578
2 eager_8000.dot 8330435694 1.33385834041147 0.88027549362432 36 38.5192930962106 0.404066409607252 39.1715882870001 156171713.175015 1.16766617034935 0.295797000240516 36 5.12189442226717 1.37083672966818 171350627.403415 10.6406221019999 171351704.45575
2 atacseq_200.dot 2223941232 1.42394841269841 1.09778127505649 16 5.09861570412211 0.357476623417826 0.068692513 2596514.02146523 1.24606481481481 1.01357031047466 27 2.07325997712378 0.193181919888154 1611552.49117322 0.008021235 1626053.73559789
2 chipseq_2000.dot 4807293396 1.18687305574173 0.749209949463874 36 7.66559830774403 0.384831661422697 1.113047765 58593550.374137 1.08289758764442 0.449408041628835 36 6.19767841727246 0.844966055884227 82202283.3757318 0.334962717999999 82209755.3989773
2 eager_20000.dot 19100037384 1.20208920893703 1.10558065086435 36 26.51012590331 0.150648923077596 208.783399721999 662251519.563601 1.11850184280248 0.838150327124162 36 21.3276120921569 0.222841234414996 695897172.926758 71.1349253110005 695983669.62229
2 eager_10000.dot 19075314980 1.26229357254874 1.12429128781747 36 38.2434768828444 0.13939457035135 53.9766768029999 338608955.524452 1.13943658361194 0.840309000683504 36 30.7420614011696 0.280657671379701 381276946.118782 13.3274407860001 381341617.671034
2 methylseq_25000.dot 6273818718 1.3891943345856 1.32982005231791 36 20.2854467402754 0.135618527983361 282.649342621 496722660.753926 1.08956734664851 1.37358320638687 36 29.7366981169782 0.337172701839586 733604333.121477 169.02034719 733611869.848941
2 eager_10000.dot 8330435694 1.30423896288019 0.913357317676278 36 42.4110790510606 0.362583230671666 60.4129622769999 211368993.566102 1.19970458353773 0.317041200689994 36 5.31240530629373 1.41424328845055 225279135.555328 19.4521870899999 225370971.147157
2 methylseq_200.dot 8885797810 1.91765873015873 1.82235597215115 28 7.3941672589562 0.129408411055971 0.095759529 6564577.629069 1.33564814814815 1.99423741474356 36 449.885627998145 0.146258357101035 6734490.79664621 0.009270444 6734448.01924023
2 chipseq 32978181418 2.25 1.10914287179598 4 2.60863947243557 2.60863947243557 0.005703536 16201851.5514609 2.09375 1.46089101411133 5 25.4730735292409 25.4730735292409 17409137.2249807 0.00050496 17396238.3019574
2 methylseq_2000.dot 6761426956 1.2867900172117 1.78667504096934 36 33.8882338482087 0.114379080261895 1.565882981 51423490.0779194 1.12863358194683 1.76181269086267 36 57.1379132822015 0.302067678250806 82766122.5805307 0.611779143999998 82767026.260911
2 atacseq_20000.dot 3908761308 1.11135574760631 0.302216207334934 36 1.34498359667295 0.354838266088654 21.6857582569999 383929953.526856 1.06238394926065 0.314268562753837 36 2.81646406540717 0.517808894049983 497770722.626886 27.8868795459998 498044109.102076
2 atacseq_1000.dot 11187378708 1.19457495744996 1.10027336648527 36 7.26913452323037 0.106726906241648 0.450889546 25649617.9443957 1.07232644561321 0.687819989920514 36 7.60792951414776 0.303074678278776 34616437.1194628 0.0848394759999999 34765277.9773608
2 eager 19100037384 2.67027027027027 2.6103249905166 8 89.3045455265313 89.3099190385724 0.040450451 8135825.98726453 2.49414414414414 2.99249617977429 12 240.319919704606 135.508713166136 6117044.00086471 0.006131456 5574340.40038383
2 chipseq_10000.dot 32978181418 1.19466244125549 1.4695510436191 36 12.4322708441227 0.0308724929622178 5.44753777700001 2374768519.21097 1.11314586103121 1.12582128190939 36 12.7162556418745 0.132968921728016 2422485511.82833 1.508869184 2423912230.89119
2 methylseq_2000.dot 110641579976 1.11829062280869 2.0424587997707 36 54.5608087149697 0.0014071226411835 1.499676447 903927132.787683 1.09148498756932 2.01923303763838 36 60.268224033086 0.00879001530703809 876358965.853725 0.438379196999998 876360171.618034
2 chipseq_8000.dot 3793245764 1.13147742409106 0.315233025841298 36 1.43479931190038 0.384920418827141 4.59556851100001 225427084.845276 1.09842104081917 0.232897035520993 36 3.21968298322166 0.552892670556009 298454476.499655 3.58060246399998 299306391.488707
2 eager_25000.dot 19132169434 1.21440960619868 1.14971308558326 36 27.6737418664846 0.15102374111227 391.423869500002 853531838.692736 1.11106777651139 0.839873861372389 36 22.5008461223173 0.23845652745992 890266010.216233 118.966427977002 890454677.840198
2 eager_4000.dot 19132169434 1.39375882207314 1.11746964433567 36 44.5423914424526 0.14206457200395 11.232319115 137865662.051739 1.16849046134893 0.960382944129891 36 26.8961261875422 0.231666898722133 142815145.725223 2.01793194699999 142865951.993111
2 chipseq_1000.dot 4807293396 1.2450789061366 0.934598351139728 36 10.2865629089519 0.340894847084132 0.465420149 28746305.7923431 1.09801469897624 0.581506961057869 36 6.43911117791314 0.78645026633282 37449012.1527173 0.0918370500000004 37459395.4440803
2 eager_15000.dot 19075314980 1.26129999326109 1.14402803864482 36 36.9466928620358 0.145569376587023 125.088660823 513156443.629761 1.13506830958563 0.833820776589462 36 23.9283700695721 0.247900584951032 550199546.794439 34.7609617670006 550265618.12357
2 methylseq_200.dot 6761426956 1.92931547619048 1.8185763166928 28 6.20517724201662 0.120806073111106 0.074140491 5055422.11846665 1.28736772486773 1.99443074131143 36 265.950260485019 0.212418272010274 5576708.74587053 0.00945773399999999 5576991.62983442
2 methylseq 17027257018 2.83333333333333 1.58749941335451 4 86.9957474608645 86.9957474608645 0.003128382 1606670.38800521 3.11111111111111 1.44303114446622 4 1.3862362927041 1.3862362927041 2174050.72916667 0.000271823 1606207.1341184
2 eager_1000.dot 8330435694 1.53516837891838 2.07917068058764 36 164.037192893098 0.35710754733154 1.425906288 27600745.9630263 1.37341892838217 1.26262666189542 36 29.4884255982694 1.20026203303302 20898345.454503 0.190468305 21124441.85014
2 chipseq_4000.dot 3793245764 1.12800338419442 0.314066349579188 36 1.51649040160695 0.37631270640933 1.938615416 110128972.164056 1.09782486905128 0.247716679197396 36 3.11485810856989 0.47502438254992 142602194.308923 1.022235914 142851495.836361
2 methylseq_200.dot 11897958606 2.04910714285714 1.8049038841758 28 7.47041924092279 0.111172544771823 0.073218495 12278682.8751584 1.40162037037037 2.01253218162705 36 291.749907186488 0.280305769131991 12076699.9056091 0.009181094 12076820.1385717
2 atacseq_1000.dot 3908761308 1.22200928700929 0.771400618706071 36 3.90036071678557 0.192699165429188 0.499479948 17465151.2424143 1.08371896893956 0.408666657849243 36 3.0561679053867 0.44157899037229 20374290.0054829 0.08082646 20388508.2480601
2 chipseq_1000.dot 3793245764 1.10244029474799 0.650437479248966 36 5.19300949937212 0.192763830449998 0.51808495 28232558.9354748 1.12967441212633 0.340077941296518 36 3.60720534687413 0.494652117207126 32949844.0527881 0.091902869 32973670.8130733
2 atacseq_2000.dot 11809629756 1.13607048855391 0.894014919453259 36 8.64020775250841 0.155517975655984 1.238584144 59774693.1368789 1.08238188546363 0.733548127846137 36 8.10655615603927 0.265306105233571 73324418.9105881 0.338010668 73390125.081891
2 eager_4000.dot 8330435694 1.34697563466336 1.05121430306189 36 49.3139643012463 0.356252766009038 11.718712642 78993963.1188316 1.20979734756131 0.470574722713083 36 7.91661284638111 1.29419992465623 89142185.9437966 2.306494433 89145462.9878876
2 methylseq_200.dot 22500260922 2.01264880952381 1.78210093079996 28 4.40191393248774 0.0127560453015753 0.074461741 10646246.0105639 1.30803571428571 2.06050445844497 36 716.198814638724 0.0734500494191881 12871420.1972227 0.00924047200000001 12871530.6012546
2 eager_4000.dot 14754556884 1.35657664200247 1.06952972692563 36 32.7160598300169 0.109858408602656 10.932777189 111427941.018868 1.14968679467547 0.890009842555104 36 20.8768581593554 0.195965379826533 116078318.037822 2.444094317 116087393.405642
2 methylseq 6761426956 2.83333333333333 1.58326217578873 4 137.780830019145 137.780830019145 0.003180243 2057966.02976295 3.11111111111111 1.64438137931221 4 6.03949093336441 6.03949093336441 2057342.77434566 0.000270106 2057707.28526502
2 eager_200.dot 19100037384 2.59069069069069 1.85809310418768 14 97.5694060541183 17.1690052953467 0.14517614 9957692.49931945 2.26304941304941 2.25839036373843 22 58.5602986358559 4.25794118326682 8269579.97188528 0.022372539 8269614.38117992
2 methylseq_20000.dot 8885797810 1.52750782852825 1.82374144363098 36 23.7517550355481 0.129107561665508 170.853967349999 688047629.593709 1.11851169039047 1.78402018090816 36 62.2135168778541 0.332307702552805 1162480190.26897 122.824723468001 1162486251.1071
2 atacseq_25000.dot 2223941232 1.11500057951775 0.260879747409097 36 1.14194150939596 0.34570054910706 37.0298288640001 282542523.311292 1.06350702054658 0.194162419198201 36 2.03773129072624 0.486520820040317 338550323.405903 52.6303392850004 338709061.816298
2 eager_20000.dot 25705994498 1.23077762006216 0.999106757440009 36 41.9456760293907 0.186333715143219 233.411784934999 937246406.741771 1.10983048739015 0.712354731445725 36 21.815781640954 0.256021079101796 939213975.206792 59.3176404830007 939428411.548794
2 eager_25000.dot 19075314980 1.22794386868556 1.12547813333366 36 34.6235698157375 0.148175342793012 321.674451291001 834336838.014012 1.11534944513007 0.826041793766625 36 18.5412457074995 0.235139171685279 896462287.512728 124.846290469999 896548781.476813
2 chipseq_15000.dot 5058052541 1.16715661216912 0.645883781437567 36 3.3134184220847 0.394925347564088 11.611308176 563326072.382365 1.09194156914314 0.452068198429476 36 5.9592928412394 0.700923698047868 771048793.560744 18.1465453309995 771287205.60272
2 chipseq_1000.dot 5058052541 1.26965208936363 0.989859262832944 36 8.57565611333146 0.334333258208063 0.452209342 35956333.2390238 1.11057372115064 0.518635230734403 36 5.71900523422102 0.744979414678998 44416170.6737145 0.0934884550000001 44428559.1845504
2 atacseq_15000.dot 11809629756 1.1213459903698 0.733545593234089 36 6.24933424859724 0.161723974404205 20.456169204 470219096.959797 1.06338885450882 0.747349234897983 36 8.87321358509022 0.283527854501207 608837089.474114 19.0391247859998 608960558.767633
2 methylseq_2000.dot 8885797810 1.39723178427998 1.85533689576931 36 34.1879015480425 0.117565459285206 1.45982581 67459851.2129073 1.14888920762414 1.84652217842515 36 66.0022053109021 0.262961136533862 102001495.059031 0.620389065 102001958.772214
2 chipseq 41366257414 1.54166666666667 1.43125000112895 6 12.0345813831359 12.0345813831359 0.005365076 17609902.528982 1.49702380952381 1.7186939797421 8 16.8596485617466 16.8596485617466 19484659.7485232 0.000497249 18957237.4925569
2 methylseq_15000.dot 8885797810 1.39316320781494 1.80251203001643 36 30.245661592698 0.129670628581297 97.495793281 517210251.391599 1.09723334222937 1.78291929861307 36 60.8544652434566 0.324576627549409 873163416.976633 57.9288654580015 873169583.622944
2 methylseq_30000.dot 17027257018 1.14221985090335 1.94178669805991 36 54.5235296402151 0.107604070777023 347.715751294998 2374991052.92834 1.07730764263381 1.75744805244312 36 73.3335738630443 0.45321866755106 3370832395.91046 340.394059934005 3370839306.99666
2 eager_2000.dot 19075314980 1.43988104923933 1.35766350521459 36 99.3170622031862 0.125610003681987 3.911908908 73255641.3668405 1.25713969785177 0.923910724165815 36 34.1560078829103 0.287508291772917 74986334.3687279 0.681424399000002 75014459.8227057
2 eager_2000.dot 19132169434 1.48234255304336 1.33322205834714 36 96.6903649213122 0.126808321687504 4.029839049 74704221.8145895 1.32978070888288 0.878168105487032 36 26.4690307252959 0.226045794355777 69526497.8292431 0.654574705000002 69527366.4683812
2 chipseq_20000.dot 4605965334 1.11940520238 0.397881338531343 36 2.04156522606445 0.3674764913314 14.7002457319999 678921529.191548 1.09391930686124 0.486784798259233 36 4.92023688179007 0.407376157889196 875005084.471809 28.4685574129995 875867884.63316
2 atacseq_200.dot 11187378708 1.35950396825397 1.26016094765462 17 6.64269483792084 0.232586151481672 0.063240067 4411675.22791741 1.2665873015873 1.38087249696329 27 7.16576591158377 0.208382751881887 4974443.57072453 0.007899222 4979026.79596984
2 chipseq_15000.dot 3793245764 1.11903431154265 0.311374626657787 36 1.44352768840892 0.367398075764706 10.197053966 431492282.301653 1.10111529573652 0.224428277319656 36 3.40357939986113 0.509790137971265 578388680.557685 14.2693360890001 579246679.087888
2 atacseq_8000.dot 14091675276 1.10805491545359 1.00547290708787 36 13.5339800855328 0.159810068633922 4.20166726899998 515661918.00218 1.04693317323519 0.702822886011431 36 10.913247037961 0.316182559807157 633930302.961953 2.203815678 634819067.869365
2 eager_10000.dot 19132169434 1.28083267147602 1.14392521357254 36 39.4149236906342 0.148363640395853 52.2754049730002 343081178.399494 1.14698118778852 0.849492748013498 36 29.4393928594582 0.236167848120901 365492201.199206 12.4035154550001 365599536.77755
2 methylseq_8000.dot 11897958606 1.54755747811303 1.96294955982274 36 17.7860864804217 0.0841220010685926 20.01917899 483180591.407737 1.13270214659104 1.7891220915396 36 64.6321214758719 0.34503058836775 632809253.524407 12.6471682089998 632813204.054823
2 eager_15000.dot 25705994498 1.28190354880466 1.00057781126958 36 42.6786684106445 0.185821910589393 133.985978511001 697099624.65653 1.1100972807684 0.684053679951681 36 22.2809336249746 0.277001611692535 723261645.741619 27.6955924720002 723401439.789305
2 eager_1000.dot 19075314980 1.53517076954577 1.79625513145067 36 139.729946634217 0.154300925243795 1.525899427 42256232.2999842 1.75578835160878 1.37547568779965 36 49.5248268863497 0.204129794820661 34825598.3289422 0.20033288 34828420.7930239
2 eager_30000.dot 25705994498 1.20278541754587 0.989879245746839 36 40.1462890009558 0.197413459025154 515.495477307998 1434666618.38506 1.09958541407859 0.686462769406519 36 21.307152479595 0.254511093082999 1403312754.32489 177.684553137001 1403557479.02572
2 eager_10000.dot 25705994498 1.30620619851387 0.921328680631596 36 40.9715952357864 0.214994553290504 69.1295944769999 498048663.154448 1.10476480614242 0.785570850053553 36 19.8481076092102 0.236945226801065 458834422.075616 11.0383089830001 458963375.484403
2 chipseq_20000.dot 3793245764 1.12029327707126 0.332107565522154 36 1.54185794249746 0.356222609492959 16.286270252 587495939.963578 1.10395325367162 0.223827171605672 36 3.3698601379328 0.490406121882636 794012716.324301 27.10729914 794711496.838396
2 chipseq 5058052541 1.97916666666667 1.1664766922728 4 12.4483635309808 12.4483635309808 0.005966553 2207297.53653009 1.66666666666667 1.67547800966065 7 26.7829333318044 26.7829333318044 2183390.36579006 0.000627489 2188033.5975888
2 chipseq_30000.dot 41366257414 1.10357049817016 1.17694998811758 36 10.8281966453362 0.0213441464365216 51.0602739570002 7016705220.14417 1.08295157372512 0.948501055014569 36 6.84299873759514 0.0767431572074532 7229683730.29727 13.5981333610001 7267606548.17883
2 eager_8000.dot 14754556884 1.31597891134525 1.0158605298768 36 28.6179401976079 0.112725035910472 34.456375178 214117792.700388 1.12625174743853 0.790870778127146 36 16.2404240717497 0.203150361533614 232856989.899947 9.10066062999995 232926120.135572
2 chipseq_30000.dot 32978181418 1.19853306618317 1.53568974794246 36 13.4735065519298 0.0332347274776613 30.5393145670001 7229084036.6253 1.10032209589131 1.17032018516447 36 13.4620710492351 0.133085714860729 7301928490.43165 14.8275045239999 7302814905.26628
2 methylseq_25000.dot 110641579976 1.12326924688906 2.0167102507434 36 45.964421080929 0.000130130331111017 398.127989634001 11047971029.6686 1.11001823783872 2.01487830017005 36 48.313627228039 0.00865121867623877 11190715154.712 166.481158442001 11190717987.9007
2 eager_10000.dot 14754556884 1.27907006751052 1.04650424044608 36 24.8793633154109 0.119005135878832 52.1192486579998 268296165.725832 1.13489304981418 0.780470616193778 36 19.893832277096 0.203582829917969 294398816.530575 14.0515236910001 294533406.983171
2 eager_30000.dot 14754556884 1.22984886737897 1.08690846505231 36 21.9187021918472 0.124956705808921 430.932236616999 810456866.647638 1.10857575009563 0.774642588283036 36 15.8537079246164 0.196427746691034 882980689.92652 220.029278594001 883071584.061443
2 methylseq_8000.dot 6761426956 1.29134690245801 1.77409176856228 36 36.2269623158759 0.125918413958659 28.5347879519999 209755947.745771 1.13339927228816 1.75200186042833 36 55.8158282902692 0.319104527837371 346000790.741894 12.347523353 346001062.172464
2 atacseq_10000.dot 11809629756 1.11869516949151 0.762077210276571 36 6.58568948846495 0.162339369339064 12.452662149 314252146.21704 1.05497279609901 0.731567048066676 36 8.86202485010209 0.317348035895468 406463442.267002 7.51314326299996 406627733.593656
2 eager_20000.dot 19132169434 1.24197294332312 1.11773162605481 36 25.5520002356682 0.151818516303847 203.337334232 679837049.038516 1.11517500493261 0.811290585058675 36 23.0852727102166 0.242040129433256 723723147.640994 68.9898868990004 723808779.088505
2 eager_200.dot 19075314980 2.68543543543544 1.83846451208972 14 55.2963084024947 12.5076475229626 0.144322115 10175121.1741308 2.16797385620915 2.80836495037333 30 199.801153413312 2.94831141571236 9666078.3509667 0.022897002 9673618.25293196
2 eager_20000.dot 14754556884 1.24727326403187 1.04191998873922 36 18.7494308200428 0.118437488474935 226.14659238 537742698.515737 1.11541816604787 0.773073846331523 36 20.0011471346352 0.210195883817749 595644934.019573 75.0843413780006 595776606.87364
2 chipseq 4807293396 2.25 1.28859966091914 4 5.5920343616246 5.5920343616246 0.00700419 1747770.34464514 1.72916666666667 1.59795365725306 6 12.4594169627947 12.4594169627947 1861994.01521232 0.000628339 1874969.74222031
2 eager_15000.dot 8330435694 1.30775842074571 0.832104719528559 36 33.1549564911406 0.42155687438427 124.127850679 305396420.287369 1.15429817704933 0.27289772511871 36 5.2550643808902 1.33750955629448 332111398.896345 41.675044817 332111254.604565
2 methylseq_10000.dot 6761426956 1.46687722708131 1.80733479932458 36 26.9390518350217 0.12354361126371 37.291071856 259826481.264425 1.09047587288886 1.73127435141109 36 55.7660656161907 0.327837931439315 444697279.771173 19.4854154289994 444701484.601568
2 methylseq_1000.dot 22500260922 1.30802575380889 1.2837650933556 36 57.9622445429587 0.0127385601813148 0.476893876 52680728.203001 1.15074584050488 1.26500709246185 36 29.1781488113741 0.0863315950068716 59022414.8746718 0.129049281000001 59023347.1695605
2 methylseq_8000.dot 22500260922 1.12520456964901 1.27371004027095 36 18.2141269360557 0.000184512143283197 24.6692648720001 379861375.500546 1.08715660104549 1.26138828515708 36 21.0998459209973 0.063094971839499 455749414.132908 9.26337245599993 455753472.673504
2 methylseq_25000.dot 8885797810 1.21162052595085 1.79156938954149 36 37.4138215168754 0.128947337738475 409.226047249001 859861137.790487 1.15192589544489 1.80253464191909 36 64.8213564513779 0.333975284800927 1471309082.43388 227.206123468003 1471314935.27334
2 atacseq_1000.dot 2223941232 1.20008844858845 0.61327661560225 36 3.41614820908217 0.0947063985877169 0.502017996 7431414.88268019 1.0763026973027 0.361778378939079 36 3.21855578127166 0.284780645806808 11942360.5629825 0.095544502 11951440.7077966
2 atacseq_4000.dot 3908761308 1.12144491711245 0.373192630678295 36 1.86302335421678 0.345266052470917 2.72982428 74836874.6558037 1.06013645700064 0.339312839220026 36 2.80060551814876 0.584427610763335 91144938.3836324 1.022969932 91298808.5113038
2 chipseq_10000.dot 3793245764 1.12514709601176 0.322436235373043 36 1.42403536093997 0.399826217396157 5.76982935900001 281935704.084342 1.10193679284375 0.231173740489529 36 3.29818814746567 0.575234345471119 381253246.151663 5.70398190299998 381707274.055803
2 eager_1000.dot 19132169434 1.49229745479746 1.74017590223913 36 120.403610451002 0.155217133222256 1.50887598 42695263.8470783 1.56263400739987 1.32625983493807 36 60.5961904393171 0.201049645435053 34522220.0070468 0.236429571 34525470.0087091
2 methylseq_20000.dot 17027257018 1.54124824532989 1.96281837429712 36 24.2127375319968 0.111785786597218 167.243169765 1607198710.60621 1.12390194172911 1.76953044752121 36 74.9952746146826 0.446534251604116 2256535609.67994 127.466044321002 2256546954.59897
2 eager_8000.dot 25705994498 1.29918419699635 0.97787390366197 36 44.7635967272347 0.198934607267453 40.2838774810001 383219993.051884 1.11338520037178 0.707071602149947 36 23.0832856223547 0.265270858848454 381868978.504284 6.53104433400009 381948922.65457
2 methylseq_2000.dot 17027257018 1.55753968253968 1.9940917417957 36 14.7581408392199 0.10771844458347 1.364274785 158547756.192221 1.12960572448524 1.80200405007035 36 78.7516235063098 0.410626007764788 218916820.106676 0.615485232999997 218918422.071316
2 methylseq_4000.dot 6761426956 1.40527829416718 1.7937161315824 36 33.936895978023 0.119871013113352 4.706062777 103146522.455457 1.09681904126348 1.75543148334977 36 60.7355396375059 0.341492836498884 180415979.165854 2.461021183 180417148.571134
2 chipseq_8000.dot 4807293396 1.14873149316723 0.512650685441147 36 3.47255205975941 0.372992775981126 5.64683667699999 258186038.350655 1.07286809324427 0.5732816676026 36 6.7963428187968 0.752887710929643 355537518.071142 4.90713353800001 355699398.387786
2 methylseq_20000.dot 6273818718 1.11717941144715 1.33751102268407 36 20.6808656330312 0.135453516741524 271.191777619001 397027901.815517 1.08912136283088 1.39022946015463 36 30.0616067696414 0.338855645470383 583812550.474779 95.3830051309995 583820169.574423
2 eager_4000.dot 19100037384 1.42048552829016 1.12936782057078 36 46.5981827998165 0.132683937856662 10.724618782 133541729.874973 1.18484841957648 0.973747020154774 36 28.1383213749897 0.243843552662254 141079353.5131 1.978226466 141123062.416027
2 methylseq_20000.dot 22500260922 1.11198130045672 1.27612971078443 36 18.5157043554109 0.000192540735620186 214.228685893 949711080.010087 1.06891566150273 1.26277504242693 36 20.1630945862936 0.0604658303885507 1097370517.75346 83.1542634469997 1097379411.21751
2 eager_2000.dot 14754556884 1.41919449887364 1.24925966764601 36 61.5567490093627 0.126321187184797 3.86798747 59548382.6345285 1.27337691455339 0.89731428417362 36 23.2414982112037 0.185180173046368 58987556.3118154 0.781716555999998 58987016.1413613
2 atacseq_20000.dot 11187378708 1.12397377231504 0.696887538644916 36 5.15891838004049 0.145207134627118 33.406781206 626750557.222663 1.05301273384444 0.663492980215801 36 7.29243623688522 0.265976446781103 784170187.636355 31.9285595219996 784472709.675992
2 methylseq_4000.dot 22500260922 1.16047396602952 1.27212294837778 36 18.0206653944814 0.000577479903835139 4.660437183 190303892.595973 1.11382016937572 1.26276097426486 36 21.6940510815271 0.0774896530895002 234245506.859697 2.077344688 234248094.54532
2 atacseq_15000.dot 2223941232 1.11988357903358 0.278551240512372 36 1.17915153652087 0.337464651062875 19.0525683040001 169305624.0058 1.06155049535342 0.202625969227472 36 2.07285932373141 0.512423154309627 198920042.934137 16.9071757999997 199110432.897589
2 atacseq_8000.dot 2223941232 1.12748824147318 0.30700430506868 36 1.35725378977013 0.341559536597777 8.450163119 88511041.6632614 1.06286047627781 0.287474804476754 36 2.04631379063914 0.575627341366242 101563236.443959 4.484888728 101653732.634345
2 chipseq_200.dot 41366257414 1.45195578231293 1.00742433476952 16 5.77630838152299 0.0894444118060718 0.047929807 43582683.1938197 1.16772959183673 1.39371035987649 34 6.46413961266521 0.0316088194287229 36146915.6489537 0.004624225 36086902.7947279
2 eager_200.dot 19132169434 2.51241956241956 1.77197551822938 13 55.5717912281143 11.2858359559895 0.139854652 10456380.9306603 1.90479115479115 2.48323125648718 24 158.921793265427 3.04760758120597 11542888.5375975 0.024697543 11544691.525981
2 chipseq_25000.dot 4807293396 1.13729324666823 0.49941597896164 36 3.66255842596825 0.362586563336608 33.254080152 820646177.47361 1.08029229383394 0.526129854310326 36 6.81649942262807 0.707373930789225 1145579424.4362 62.5600305340009 1145728032.74838
2 atacseq_4000.dot 2223941232 1.14883836000654 0.183992396806519 36 1.72903019074451 0.280176541196945 3.568474822 43277571.5567779 1.06297444132291 0.393135212762662 36 2.07001174647644 0.553831074456088 48412802.6949784 1.198556949 48529851.6656749
2 chipseq_10000.dot 41366257414 1.0891697457722 1.13044590349247 36 9.32620284764513 0.0200921542217473 6.34063960000001 2311312124.29959 1.07947221950982 0.957827600631436 36 7.26689056015283 0.0782865978016729 2423068222.76821 1.514827701 2427189286.98202
2 chipseq_4000.dot 4605965334 1.11330041813532 0.422753166025412 36 2.32857884566133 0.398574675272776 1.887711881 129396376.14164 1.08564270504129 0.513157737284224 36 5.00756488196098 0.461592574620882 153141990.631302 1.056667779 153495037.468903
2 atacseq_10000.dot 2223941232 1.12782931299706 0.307803155657485 36 1.30640636915333 0.320388296131587 11.176230241 112148826.953775 1.06441961818586 0.215329865773108 36 2.03297425052584 0.528092709624898 126171225.360134 7.23433468499997 126349647.614198
2 chipseq_25000.dot 3793245764 1.11633692362857 0.333842743825888 36 1.52984410946385 0.346527533084186 23.471049993 741039213.400542 1.09717006592004 0.247717008502349 36 3.40418967928903 0.477276736516162 1020483677.84954 45.14629324 1021355887.42927
2 methylseq_25000.dot 17027257018 1.53588574171868 1.96129102332067 36 22.2895762669693 0.111236441601241 267.133352084 2005537572.84617 1.12710478120947 1.78906061410163 36 77.5544786808989 0.450399015202884 2785877759.36896 226.264553695002 2785888777.96732
2 eager_30000.dot 19132169434 1.20912915496874 1.1155691513404 36 28.8548926669467 0.150060644047392 471.577390729998 1016133617.13592 1.1205271302578 0.806227591225511 36 20.6430024108059 0.241042987392617 1068324717.06507 193.837347842997 1068474135.26328
2 eager_2000.dot 8330435694 1.459373225416 1.31724156944386 36 113.185342135565 0.357383447876773 3.75594654800001 45178304.459071 1.25831708558981 0.785109395539907 36 15.956930337445 1.13639030678635 44634718.0974898 0.664156796999999 44699889.41013
2 chipseq_30000.dot 5058052541 1.16626596054764 0.629152972411698 36 3.17692261927218 0.412422019354434 36.2630739270001 1135143126.30912 1.0993204217245 0.489510112750601 36 6.07144750290594 0.609157979735483 1573108399.78877 94.1581915990009 1573455702.97583
2 methylseq_4000.dot 11897958606 1.54699143588032 1.96899674722515 36 15.8761248585077 0.0841671756668355 4.473333603 241690224.046374 1.07901155123377 1.7713750377175 36 64.2794196965961 0.367651250222076 327966658.234372 2.396504691 327970568.106139
2 chipseq_4000.dot 4807293396 1.15480094460047 0.522896127026261 36 3.73152467088922 0.373484927239125 2.296435229 124369594.77285 1.08177710654126 0.534252678434174 36 6.58266954610839 0.745808311930915 170231093.534469 1.256548434 170286728.204984
2 eager_200.dot 14754556884 2.88093093093093 1.53515869208705 14 80.7167415861977 7.57775634962258 0.144240952 10503681.6639404 1.91708246708247 2.40894597559871 21 156.275235824068 7.71892828619072 9704537.02967618 0.024173098 9704392.7006262
2 methylseq_15000.dot 22500260922 1.14134799903417 1.27439156155963 36 18.3240085416806 0.000963718411486309 105.124530587 716308896.183912 1.07570077225805 1.26252437600839 36 20.9221449657554 0.0666587275461962 855932342.180677 46.9170129869998 855938326.003604
2 chipseq_20000.dot 32978181418 1.20877948058406 1.52072317205365 36 13.0967602320867 0.0315951026088366 15.581360923 4792730194.27869 1.10598087899791 1.1639033501339 36 13.3550814245709 0.133916101016383 4881943691.28009 6.10676934800004 4883290290.29815
2 methylseq_2000.dot 6273818718 1.24891630012112 1.31097212240999 36 18.7452454282941 0.128854444126861 1.502003428 39683610.2836636 1.11180436029833 1.25724045024906 36 23.7017179391155 0.223094403181949 49946927.9020443 0.515974173999998 49947642.8075088
2 methylseq_1000.dot 17027257018 1.53977816026009 2.01430248429275 36 15.5994541933446 0.110914179179861 0.511805552 80788821.1803592 1.17686619493848 1.90834775063458 36 125.474844820468 0.386184115556686 108699210.278587 0.16267511 108701634.637741
2 eager_25000.dot 19100037384 1.20527180340203 1.13518077712367 36 30.7873762793573 0.14914886803821 301.136458639998 832320548.205823 1.11751226372461 0.855984564139717 36 27.359006052807 0.227179679144872 894448909.503091 119.605975405 894540145.15087
2 chipseq_8000.dot 4605965334 1.11864622772734 0.408578759399768 36 2.14867557711616 0.401505512372226 4.45470533399999 263362798.240226 1.09936244854937 0.465444361033076 36 4.85442895824874 0.48364222573731 323159965.583138 3.92238559899998 323369296.271018
2 atacseq_2000.dot 2223941232 1.16475497541674 0.462973965830598 36 2.75962466497371 0.238483153193234 1.32488419 18931922.4461661 1.07401231025799 0.230870123849203 36 1.95668661026473 0.507728187579075 22883178.1109975 0.336570486999999 23274882.2816981
2 methylseq_200.dot 6273818718 2.30555555555556 1.77578236624979 28 1.30172624326325 0.0289853035250168 0.079144118 3094357.97978321 1.44452711640212 2.04164212694795 36 336.147692219671 0.121148411236686 4081443.03912334 0.00935656299999999 4081626.07098432
2 atacseq_8000.dot 11187378708 1.11819974588089 0.707310282517457 36 5.64010018756084 0.145059745924085 8.25544303699998 246040252.389833 1.06359398883969 0.786797317521583 36 8.08327274928726 0.232825866425805 318625966.540716 5.43340035299999 318836584.02923
2 methylseq 8885797810 2.83333333333333 1.58815195539342 4 110.499038986423 110.499038986423 0.003171893 1044139.6900473 3.11111111111111 1.6110381143467 4 4.17448696315128 4.17448696315128 1401895.6 0.000271301 1044421.99600184
2 methylseq_10000.dot 22500260922 1.11853789134703 1.27435851411257 36 18.2424248516696 8.05129163259222e-05 42.2415959400001 474068148.727114 1.09059655608277 1.26909320295497 36 22.6342879239523 0.0715394149053711 582264820.035134 15.6811006530001 582270175.586625
2 methylseq_1000.dot 6761426956 1.4163001211194 1.87591095818138 36 20.7549688838905 0.102724317455333 0.543102616 25269604.3320299 1.142251545866 1.78196398849927 36 73.1230233984681 0.267415890854943 36361324.6937759 0.153205156 36362384.636546
2 chipseq_2000.dot 3793245764 1.14878350815851 0.413022403469623 36 2.1453861382168 0.334780712541253 0.936183332 56487322.0027914 1.09837070893242 0.218417448249559 36 3.25789388176101 0.533115344795219 69234364.0688443 0.294809391 70040780.9609552
2 methylseq_25000.dot 22500260922 1.12636752039059 1.27716333447627 36 18.6758146538942 0.00020303356122957 320.023363638001 1187782584.77832 1.09351591492737 1.25801409368334 36 19.5385229251718 0.0565041592827657 1344298795.29799 162.417429705001 1344308670.46332
2 chipseq_30000.dot 3793245764 1.11172714899778 0.337423224044867 36 1.62358235088289 0.382163466467207 30.3187357900002 877629300.831299 1.09102539106708 0.228802065024457 36 3.41254809596635 0.469443108196192 1223411808.01177 67.9383483740013 1224236377.41079
2 methylseq_1000.dot 8885797810 1.47239752661439 1.90203818446624 36 22.1981385730297 0.113079452626538 0.526692115 33851204.3071149 1.14607636896793 1.89833985082218 36 82.7446330149509 0.242972144482551 52691189.1614338 0.154242772 52694812.9766833
2 eager 19132169434 2.56081081081081 2.52268156664793 8 80.2154786207298 80.1907376867186 0.040531227 7558438.79950188 2.60617760617761 3.01749563454201 11 301.790761983272 300.708256810186 6431539.43401782 0.006344783 6449073.1369897
2 methylseq_10000.dot 17027257018 1.51268285091814 1.96332936496423 36 21.1430726945937 0.106543737154257 33.207395688 788718272.80147 1.11274192216571 1.78517154420013 36 75.2404757714259 0.422363377758846 1087047987.14492 21.4235929259996 1087053448.87834
2 eager_200.dot 8330435694 2.45495495495495 1.68557673112448 14 166.83770553252 29.9379169766885 0.151418211 5248387.56782934 1.88061698061698 2.45551744406587 24 57.7469954689605 6.13901279707296 3702564.14697566 0.023465266 3309101.17515396
2 chipseq_10000.dot 4807293396 1.1429261136733 0.503139975075004 36 3.54430807920929 0.366785135413099 7.18898924000001 325425662.21738 1.08574084384705 0.554521391943894 36 7.09023965950025 0.788328527096573 445154915.154819 8.07528242800005 445387843.613775
