algo_nr wf_name inp_size avg_spread_dyn cv_proc_load_dyn num_used_procs_dyn idle_to_work_dyn idle_to_work_30s_dyn dur_alg1 ms_1 avg_spread_stat cv_proc_load_stat num_used_procs_stat idle_to_work_stat idle_to_work_30s_stat ms_perc dur_alg2 ms_2
2 atacseq_30000.dot 14091675276 1.06929545149301 0.742941144668378 36 2.61925640775663 0.00997540939722376 26.6050960030001 724754662.365864 1.0601763377102 0.739440681077371 36 3.57277626334832 0.0406530067389799 827914204.689735 54.6863600110009 828918748.275105
2 chipseq_15000.dot 41366257414 1.09909567338614 0.872596595455706 36 3.73045148365064 0.00128316572575331 11.424663198 1455026082.09377 1.08888248472449 0.79119003762806 36 3.23625880521695 0.014592096953932 1536838917.45571 3.232946907 1545034600.53895
2 methylseq_15000.dot 6761426956 1.11426601598742 1.78868947002765 36 19.9930227864116 1.51108579335115e-05 131.932882478 223333809.029795 1.09664027518314 1.75875174739433 36 21.429459696093 0.0243256428486119 250584259.964979 52.1698206380004 250586966.186649
2 atacseq_15000.dot 3908761308 1.08014488351977 0.169494351941579 36 0.315699563274949 0.0257327709315412 15.5069986 96679289.8694227 1.08186101089841 0.259743547083427 36 0.743095477558015 0.046817425133047 117851144.749806 20.0245196249999 118226101.26873
2 eager 19075314980 1.88513513513514 1.70477488061227 8 37.0891073778399 28.6723095865358 0.038618055 6306703.59998273 2.19414414414414 3.02764742594305 12 367.079352160835 28.9999427380291 6431529.87830869 0.006249407 6342163.27563082
2 eager_1000.dot 25705994498 1.37893300393301 1.68575798960698 36 72.8045765738004 0.116502507548899 1.176812966 30528166.062406 1.3708171960107 1.28725046664117 36 23.1573000285577 0.0591935528227782 21963500.4858613 0.207479718 21966483.3288024
2 eager_20000.dot 8330435694 1.2185448342093 0.752924298781075 36 5.79395049615235 0.0417789888958024 195.819492592 112685155.758728 1.16254970995338 0.264916595330213 36 1.34304772466218 0.0962889645849377 128315948.94838 85.9429437889999 128327132.69263
2 eager_25000.dot 14754556884 1.18187163444392 0.926825494986286 36 12.7188858855517 0.0132978788063493 292.940359158999 312097288.5494 1.11235990440257 0.642692588848009 36 6.15770054788156 0.0540982194559706 343441526.306451 143.021820673999 343466859.577889
2 methylseq_1000.dot 110641579976 1.23337795626952 1.92329313618595 36 199.342100452307 0.00219249896912634 0.533249037 237674211.095326 1.07863198827054 1.87340010305593 36 110.744730043616 0.0105580989735898 243400213.122658 0.123895769 243400339.981358
2 chipseq_200.dot 5058052541 1.37011054421769 0.833809523095143 14 3.24822477754206 0.0369326070772125 0.055449869 2654119.09539034 1.26352813852814 1.03636059664304 36 10456.8474218137 0.0631006287646311 2534177.68217241 0.0063746 2872740.01965202
2 atacseq_30000.dot 11809629756 1.09329032653753 0.627900430091143 36 2.08429416087901 0.0164859820941231 55.1110972149997 337591719.292496 1.07404816761818 0.683831634495555 36 3.11779867275667 0.0430633679788471 390692111.227913 113.638050893001 391079774.570124
2 methylseq_1000.dot 6273818718 1.24646203863071 1.21406598492612 36 14.9507166253713 0.00783438195434794 0.534633832 12790995.2092019 1.1007840887359 1.21106946056714 36 16.6205501157339 0.0707684225624639 16756915.1146105 0.138224282 16757102.4852328
2 chipseq_4000.dot 41366257414 1.09812187288602 0.830393645704014 36 3.37784728396644 0.00123014206178323 1.6665633 381572554.271756 1.08287627597769 0.779994732694608 36 3.55789246182334 0.0218705362854414 414072011.667307 0.326796010000001 414764485.635797
2 atacseq_2000.dot 14091675276 1.08831492714855 0.830208285975604 36 3.80135928221391 0.00984436485086956 0.772329529 48322278.17635 1.05388295970764 0.658103931859177 36 3.83295582838266 0.0569428204620274 59163265.1682844 0.2130145 59282220.2705584
2 atacseq_1000.dot 11809629756 1.11361102133161 0.832635018493923 36 2.00826576531695 0.0181182851384783 0.430210259 11425466.9189934 1.1075550079006 0.683901022384353 36 3.61617589448504 0.0667600373967311 13389818.7733042 0.0849733480000001 13484277.4653439
2 methylseq_200.dot 17027257018 1.55927579365079 1.7688769139607 28 3.18354905248914 0.0160642084776237 0.074517503 7514311.45646896 1.2995205026455 1.97455142294349 36 43981.8186562282 0.102913793593548 9059297.68093676 0.00915980299999999 9059841.82363013
2 methylseq_30000.dot 110641579976 1.1095591675824 1.8479762650371 36 23.8065959759289 4.27767562333641e-05 600.042507279998 6978092166.74897 1.10640446654856 1.85230400058479 36 24.874846648306 0.00419591592075098 7142313572.42916 271.279473877994 7142317825.8124
2 methylseq_8000.dot 110641579976 1.12182420515754 1.85074571462784 36 23.9594345972564 1.7551597245253e-05 24.281910305 1861019812.66096 1.08918640863085 1.84522871206046 36 24.7959468277855 0.00414168473628673 1901644548.25403 8.22721872799996 1901646529.4809
2 methylseq_20000.dot 6761426956 1.13134301339586 1.78840530464463 36 20.0132809434121 1.08685839191719e-05 274.43824383 297972730.25912 1.08982323087968 1.76505416756171 36 22.7532372018076 0.0263379116675983 348464760.351387 113.329191822002 348469409.111987
2 atacseq_8000.dot 3908761308 1.08209930947288 0.173223113491889 36 0.343433089360726 0.0252394032703384 6.76498192400001 51659599.0346419 1.07926290554789 0.233985478941056 36 0.686506676200192 0.0542884440127711 61929788.113853 4.92470388799999 62266577.9322388
2 methylseq_8000.dot 17027257018 1.45167191000524 1.87834539902462 36 8.93196745192221 -7.36232442359562e-05 19.781947338 277998027.112914 1.10840801118579 1.7926823593464 36 25.0109776578627 0.0336896778448661 289864257.770406 12.3171701619999 289868635.71844
2 atacseq_10000.dot 14091675276 1.06599878454199 0.780786364741135 36 2.90679686968351 0.0100420898568863 5.858650124 240977873.848878 1.0561115871986 0.725403594804587 36 3.50329409164108 0.0405817489603577 275302505.827107 4.329474857 275630800.61922
2 atacseq_20000.dot 11809629756 1.08880297825896 0.633834097904012 36 2.08726612213724 0.0154802445448982 27.1035765869999 223889320.802168 1.0761732406224 0.691422151122234 36 3.18726165820601 0.0446599514770611 258335753.530365 44.8425929650006 258549390.105136
2 atacseq_30000.dot 3908761308 1.08149822027112 0.182653100464964 36 0.335842942272988 0.0262441873828677 48.3865445930001 194451617.648233 1.07541249594768 0.261439999926349 36 0.753735054766185 0.0531145087421364 239915937.624263 84.508171951 240368131.435631
2 eager_2000.dot 25705994498 1.31061737238207 1.34723475643298 36 30.3547877594794 0.0861558523635384 3.216942563 49927019.7583442 1.21054451921325 0.900325114440651 36 13.3484571285225 0.0525634339371368 39627904.4086968 0.588271714000001 44355699.1892143
2 eager_1000.dot 14754556884 1.39097265347265 1.62501717431537 36 23.7729875224351 0.0487486323541546 1.464814998 18295408.7447879 1.37754132947631 1.21207243777573 36 15.5548618380086 0.0666555125472357 16363386.6085848 0.218644437999999 15851920.5885989
2 atacseq_30000.dot 11187378708 1.09084481285272 0.636404253751332 36 2.06808657771973 0.0138823097503966 68.8048158119996 362526448.681596 1.07593506355603 0.673738376532628 36 3.03743436631858 0.0422873544595205 430333629.718027 114.845728295001 430618664.489491
2 methylseq_10000.dot 8885797810 1.10770657469338 1.80533780402778 36 20.9611616093804 4.85927532149109e-07 54.766764119 193614679.89246 1.09413289125176 1.79768038721885 36 24.6856491358802 0.0261751717164867 228868742.295902 18.5488952889995 228871427.10816
2 atacseq_4000.dot 11809629756 1.08797876706253 0.686232937232726 36 2.44875756677305 0.017034750666231 2.647967651 44960093.2524446 1.08227689565817 0.731392957156895 36 3.47683726759329 0.0436436754959221 51655449.085185 1.466985432 51876613.7881121
2 atacseq_1000.dot 14091675276 1.08130073439632 0.921602186164308 36 2.54941818922693 0.0101614121307993 0.35794047 24882730.9278555 1.07322786010286 0.718836160743064 36 3.63436750123569 0.0522055479595129 27685291.6143148 0.077961753 28570812.8059946
2 methylseq_4000.dot 6273818718 1.14876781543448 1.21130282881926 36 11.9755904547371 0.00277651567007149 6.54831463700001 47646447.155763 1.0739827128716 1.19615038318356 36 13.5441089409679 0.0432701694310594 56276337.4773822 2.02046417400001 56277034.1537634
2 chipseq_1000.dot 4605965334 1.09805098747406 0.457946836365619 36 1.02368093641717 0.0165730353088245 0.400600221 9785569.62638695 1.08064531622224 0.416359569060891 36 1.44702834255642 0.0842027295244287 13021037.3177381 0.0957325720000001 13068044.032428
2 atacseq_200.dot 11809629756 1.34180555555556 1.18770207820117 17 7.81787141791392 0.260768101461895 0.062005929 4072661.68523518 1.2711032023532 1.33480759426316 29 7.01687161519807 0.095340104005201 3591894.0954753 0.007256115 3596401.3194397
2 eager_8000.dot 19075314980 1.31289204933165 1.0209617449681 36 19.1021809369015 0.0327799054689933 38.0756139929999 121894127.317263 1.15019905093176 0.739174103511209 36 7.87884894737362 0.0545486039029807 122140352.84301 8.07290857499991 122144006.057542
2 methylseq_10000.dot 110641579976 1.09173828261465 1.84939840643618 36 23.9613891405795 0.000310098857878615 48.6096914819999 2329529196.47709 1.08362868957108 1.83691428112431 36 24.1894287860252 0.00652336479726685 2350569694.6932 16.5013755039994 2350571666.4545
2 methylseq_2000.dot 22500260922 1.18049180850385 1.22985970142544 36 13.4050977194743 0.00537487934300887 1.40263034 74604971.9016347 1.08049658953273 1.23101674546954 36 18.0066818969533 0.0583472798457099 90078009.5159265 0.472697243999998 90079718.8659214
2 chipseq_200.dot 32978181418 1.2952806122449 1.07907802270311 16 6.35321055380972 0.0367736974160166 0.050016053 16830809.2068583 1.20177218614719 1.43042185854261 36 6.72610804299448 0.0399443690312466 15796491.5664164 0.004036921 18057430.3047304
2 chipseq_2000.dot 4605965334 1.13250093788069 0.351251916913504 36 0.745744285915828 0.0216161294606443 0.911565131000001 19907951.0271774 1.09914946604029 0.460014186852091 36 1.30726800280574 0.0425948807500065 23683783.1146317 0.34598903 23969886.6309874
2 methylseq_30000.dot 8885797810 1.11836851142576 1.80970527574994 36 21.227289535962 6.36997319163863e-06 705.830825826002 581435935.224355 1.09385023850814 1.79968337517957 36 23.9377974860215 0.0238510456569741 673236538.301887 363.846982291005 673244935.077327
2 eager_20000.dot 19075314980 1.2381993460254 1.0280932075423 36 13.949107170649 0.0203844756525792 195.736192322001 284012386.907329 1.13145423838352 0.74706709576766 36 7.71625852625941 0.0605612107691234 298796953.381307 69.9099895059997 298818344.824393
2 atacseq_8000.dot 11809629756 1.09132620534522 0.664575860150725 36 2.29417844765705 0.0164226845818296 7.37793744400001 89965810.0248671 1.08169375632074 0.74536493084053 36 3.67108249257545 0.0449338801271847 105170173.381444 6.023319147 105317693.214532
2 eager_30000.dot 19100037384 1.21058545037759 0.977724841108751 36 12.6726153913704 0.0205638022507137 473.995881434003 411262677.25521 1.12494951451247 0.712001816704174 36 8.61322608875997 0.0572847980504539 449506420.754922 230.262760539999 449601582.895575
2 chipseq_200.dot 4807293396 1.36415816326531 0.742427133486961 14 1.46776786806701 0.119009995423267 0.055853943 2753225.65225569 1.31540854978355 1.03568972700033 34 3.28878269243004 0.11633032526901 2672573.3976552 0.006506547 2718532.96722348
2 chipseq_200.dot 3793245764 1.1546556122449 0.5458509521376 14 0.679027272149559 0.0653583994200365 0.05977515 2913462.97957506 1.08685064935065 0.717386367845383 36 1.97809323521842 0.0427238121461692 2741317.20054784 0.007041864 2781648.07568772
2 eager_8000.dot 19132169434 1.29852341300223 1.00990939666748 36 18.160685499298 0.03090647181921 35.9290428579998 119763492.250637 1.1493768302953 0.777622154466279 36 7.6257351841096 0.0790156433793284 132020321.976511 8.00404452699994 132188779.261152
2 atacseq_10000.dot 11187378708 1.08957809032416 0.65339005042258 36 2.15782002101891 0.0130809676917784 10.474189445 120285266.399154 1.07778880831286 0.695757144940354 36 3.17930963698711 0.0404461504193969 136418919.74097 9.99603103299996 136703329.203932
2 chipseq_20000.dot 4807293396 1.09476017568161 0.385797145718971 36 0.899776506146338 0.0364291683834659 21.996364955 166960690.847692 1.09945486433672 0.445940695605065 36 1.64782427981702 0.089614159105568 218196014.399534 43.9776499750005 218471203.714836
2 chipseq_10000.dot 5058052541 1.10773765707977 0.385120842006429 36 0.8770785246943 0.0310349683736775 8.817666001 102936383.623262 1.13257141511371 0.46302769102337 36 1.62219017613186 0.069450817967696 130412206.970323 9.962958203 130671833.945107
2 atacseq_4000.dot 11187378708 1.11496938378967 0.687873087070788 36 2.41153253250008 0.0155427493383595 2.63801539600001 48158944.6212 1.07746086994032 0.628897388045309 36 2.96036002581207 0.0617501273251283 60030002.1402556 1.459899429 60194965.7283696
2 chipseq_4000.dot 32978181418 1.12884413149743 1.04704430658089 36 5.01448566215051 0.0019234348670723 1.631174144 330136245.291762 1.1020679726458 0.9575329005774 36 5.15715955534805 0.0296803367136961 339460264.237853 0.282366405000001 339665109.817445
2 eager_4000.dot 19075314980 1.32734866549849 1.01853179053448 36 19.9548257338204 0.0510955950261614 10.548074002 64469682.5856215 1.15215701137563 0.802869919949551 36 12.5447926976367 0.0897078047229039 67660870.9791385 1.95186615399999 68591140.394629
2 methylseq_4000.dot 17027257018 1.46487757598869 1.87944361036705 36 7.46076971257954 0.000292787676380361 4.390324499 139495018.774467 1.09150023038912 1.77608814658215 36 25.2714966271744 0.0383624746409404 150724396.87714 2.46767429399999 150728498.927478
2 chipseq_1000.dot 41366257414 1.07652950681797 0.83473696916124 36 4.08757040709147 0.00132321449536218 0.316262908 91127805.6275749 1.08236128188051 0.725707469144596 36 3.17692367661849 0.0288638601623769 105269974.650021 0.029645993 106651929.542852
2 atacseq_10000.dot 3908761308 1.07778653574266 0.182618651519009 36 0.349489568746695 0.0263140616412273 9.00373324900005 64836406.7590906 1.08035246588499 0.244918165894843 36 0.682531608720062 0.0523615595743308 76441511.6175657 8.16641143399993 76650255.0486918
2 eager_1000.dot 19100037384 1.45260167760168 1.86255173000562 36 55.8727863505624 0.0581889077253575 1.342409508 21481100.1191425 1.48336712707843 1.24151713470079 36 18.7313716331373 0.0730541812077673 17632705.4036009 0.227409714 17636367.1419039
2 eager_25000.dot 25705994498 1.21967252498838 1.32288443320645 36 21.800923184694 0.030664705022506 348.880205267998 522200515.309228 1.1472367500297 0.744115336574502 36 6.93258591465274 0.0514703315119371 500426371.713666 99.2801002070003 500557367.233171
2 chipseq_25000.dot 41366257414 1.10523493856825 0.913709036227829 36 4.03079196673325 0.00131766779132879 27.022084374 2439301141.23894 1.08482522024186 0.749818324009623 36 2.9398420489589 0.0164030884418601 2558673973.724 9.06775901099993 2585949143.51824
2 methylseq_15000.dot 11897958606 1.46871147711821 1.86613528114287 36 9.21237025964023 0.000226542399326286 81.3657081659999 431642238.707184 1.09856668403509 1.80926653641399 36 24.9541391533395 0.0256039948695221 445545507.323209 52.2557870600008 445548975.067272
2 atacseq_30000.dot 2223941232 1.07281881650021 0.0724844476711124 36 0.123384965999357 0.0255851234409801 65.4410823989996 108864374.294152 1.07872268683938 0.126553887729279 36 0.386136473317665 0.0581627765895433 126066768.682438 112.277448155001 126601673.793832
2 methylseq_1000.dot 11897958606 1.54589787722318 1.94038472376476 36 5.70583100656291 0.00118610617147378 0.509997012 29109465.3033806 1.11554153120418 1.75708959313648 36 25.6593884567887 0.043118836502097 30037516.226591 0.15135238 30037724.3039762
2 atacseq_2000.dot 3908761308 1.10678350788645 0.294477111545432 36 0.513921688537903 0.018030697164297 1.080917269 12822580.502417 1.06051785678011 0.29382956815075 36 0.797670669605929 0.0570699298310403 16417586.4275674 0.345487667 16532847.9414348
2 methylseq 11897958606 2.83333333333333 1.58767879185169 4 255.293066526278 255.293066526278 0.003285766 3725302.36429979 3.11111111111111 1.69997908686604 4 17.5665030385825 17.5665030385825 3724497.38059486 0.000271056 3725305.9448044
2 chipseq_25000.dot 5058052541 1.11279307633472 0.357662660699975 36 0.792130853132176 0.0338481965534487 38.1230678320002 251835312.119377 1.10786055577721 0.406117908050064 36 1.47923799097967 0.0699814457690319 319521244.540816 67.989036215 320149800.618018
2 methylseq_15000.dot 110641579976 1.12101956697636 1.8487954301477 36 23.8566097997607 0.000138585479633667 125.817116972 3490385215.1032 1.10903537644933 1.86280991823513 36 26.4485560997409 0.00822746551816315 3707591607.05461 42.442831163001 3707595425.39486
2 methylseq_15000.dot 17027257018 1.46143687436723 1.87175371019145 36 8.34821112291678 8.55623018928205e-05 81.4004047160003 522203110.728854 1.09964585424957 1.76906110963342 36 23.6622717236943 0.0322255066746061 547857138.740692 52.9326857420011 547865200.689913
2 eager 14754556884 1.88513513513514 1.70307620450683 8 34.4461676125922 26.132551710557 0.039682687 6744142.64580306 2.31081081081081 2.99669494607496 11 241.824587762325 85.0235771908595 8539491.98727079 0.00667229 8539729.82219636
2 chipseq_2000.dot 32978181418 1.10013549214499 1.03360785502068 36 4.76056531531086 0.00201805494755894 0.684364938 161836948.085586 1.11788033959711 0.929229433346508 36 5.28083534875306 0.0440047056476649 179657931.404661 0.0850649850000001 179700043.35342
2 eager_2000.dot 19100037384 1.41923336052241 1.24485271890466 36 41.3110902667135 0.07637988056079 3.489873082 38977506.3243606 1.26781977586931 0.829704780941098 36 16.3635452094237 0.2109865591695 46463012.6605148 0.651377135000003 46465018.3832156
2 atacseq_20000.dot 14091675276 1.06866490419238 0.747775338213702 36 2.6947789131102 0.0095284830176947 14.5735146900001 482185041.201912 1.05636992434009 0.722940054400849 36 3.47988189825576 0.0419088449119551 547961673.684967 20.2006267099997 548508276.195965
2 atacseq_20000.dot 2223941232 1.07367097980069 0.0840301042453181 36 0.143384017305984 0.0250019818556061 33.226545778 73203749.2338835 1.0767761956048 0.124946699311362 36 0.41228449224324 0.0607793709865737 84114457.5851768 42.5791225600006 84317106.6568961
2 chipseq_2000.dot 5058052541 1.11470353222727 0.505823757108305 36 1.30132390095856 0.0311438849048814 0.904853589000002 21778239.4511302 1.12151265137816 0.428271955548408 36 1.47731842259695 0.0895396339693423 26824991.9420129 0.379693282999999 26924221.0226263
2 methylseq_20000.dot 11897958606 1.44982516816252 1.86780086363657 36 9.05222447481099 1.86470717949981e-05 165.796548794 575161323.130136 1.09459259894437 1.79184669410178 36 23.9040940388692 0.0279177934776368 592457803.262686 116.078724942002 592464478.930445
2 atacseq_25000.dot 14091675276 1.07033626992007 0.764203989141926 36 2.74343916705708 0.0096146101851377 19.2115801270001 597062290.343937 1.05835075232075 0.739568852883308 36 3.53237173367836 0.0386310695711715 686979129.51092 32.5773815470001 687989957.798243
2 atacseq_4000.dot 14091675276 1.07223892951798 0.7988919197973 36 3.15269345357509 0.00945477590875669 1.796140547 96481663.5106416 1.05033192336573 0.633095427258462 36 3.48821815728405 0.0507872315167555 111634345.690633 0.690284634999998 112167040.887698
2 eager_200.dot 25705994498 1.79360789360789 1.22616982193897 12 157.135557008606 2.71106062941193 0.144125478 13381123.0327941 2.0475414975415 2.57921343274 28 65.7397611819882 2.61817782506416 9881655.08060987 0.0216378849999999 9883757.53174841
2 chipseq_15000.dot 4605965334 1.11325394659596 0.311069768023028 36 0.650049296958014 0.02509307318515 11.771965378 150991053.655446 1.10512460723748 0.47193999724529 36 1.48220970256197 0.0576587683843019 198909959.706305 18.1187569509996 199433047.442649
2 atacseq_15000.dot 14091675276 1.07217936712278 0.761925280034078 36 2.88718668071903 0.00978514358858554 9.712339222 359904209.680604 1.05556299206774 0.722129045283785 36 3.53724606386274 0.0425168863882984 414898640.44759 10.179092313 415505314.428175
2 methylseq_200.dot 110641579976 1.67782738095238 1.7582317343925 28 3.8480534098152 0.0167137056416975 0.073661013 52071961.5544768 1.24255952380952 2.10164312515417 36 2672.07725118923 0.0481511576240618 58991512.8626706 0.00818487600000001 58991478.4035589
2 methylseq 6273818718 1.83333333333333 1.56215045121603 4 117.173822778146 117.173822778146 0.003170943 1057437.00514845 3.11111111111111 1.60589645932491 4 4.03983944638023 4.03983944638023 1056829.37692084 0.000268798 1057220.42377456
2 atacseq_15000.dot 11187378708 1.07787584659759 0.674056815439783 36 2.27237208005755 0.0126129073427978 16.616323484 181895321.276894 1.07131397347771 0.683027884689991 36 3.20465378824487 0.0472898246206864 215954859.736181 22.6400322529997 216146670.320169
2 eager 25705994498 1.75990990990991 2.40374763893671 8 117.846789906865 113.671818805445 0.039081576 8230621.23482829 2.19234234234234 2.9826842939095 11 352.301432393404 251.740305772617 10161199.3111826 0.006195005 10161601.2227607
2 methylseq_4000.dot 8885797810 1.14362378251267 1.80408100581066 36 20.8028869335477 0.00013468290905133 6.22950579399999 77437991.8282064 1.08824697713586 1.76677993973507 36 23.8616089737152 0.0347924673485863 91477114.6083036 2.31814546900001 91479294.5584157
2 methylseq_20000.dot 110641579976 1.12795435634574 1.84964041372877 36 23.9275134532686 -2.03990325335238e-05 221.498074334999 4651304150.28236 1.11119765366467 1.84377444440075 36 24.09655547184 0.00229175621757903 4694578481.35731 88.2207791399993 4694583793.73522
2 chipseq_2000.dot 41366257414 1.09112920307541 0.854827830657377 36 3.75482295396061 0.0012961301116993 0.704847211999999 189207872.070576 1.10656188484511 0.744087031953502 36 3.18935605612435 0.0216830532845194 206567419.05895 0.0865984910000003 208245223.146372
2 chipseq_15000.dot 32978181418 1.1328247955439 1.17921814003964 36 7.21134644008255 0.00193993179243023 11.346452381 1272538824.50712 1.09510722652416 1.00575296640737 36 5.36150749361346 0.025589816259501 1264396867.83242 3.42728985000001 1265253187.05559
2 chipseq_8000.dot 5058052541 1.11267734029294 0.391768117999998 36 0.894382827083687 0.0323437359330478 5.919005086 80312657.8336501 1.12436176023559 0.462752080187169 36 1.63507780588663 0.0696592134325913 103952829.437318 6.31316552400003 104210267.718618
2 methylseq_8000.dot 8885797810 1.11642594975928 1.79793197268697 36 20.5892385673429 0.000340073650250786 31.352096684 155176690.076185 1.09030459030459 1.7947868925731 36 23.3536599555928 0.0209657918832111 173613569.344775 11.4648262609999 173615737.219137
2 chipseq_8000.dot 41366257414 1.09258352018933 0.857930268413523 36 3.62012698419856 0.00122838576419702 4.37224289599999 771832077.125152 1.09208457425543 0.781346683086906 36 3.17200383542009 0.0148735130681711 815831248.417683 0.998640688000001 820963101.955909
2 methylseq_8000.dot 6273818718 1.12088874588874 1.21172465288578 36 12.0774360434113 0.00123996839367979 29.22151124 93801216.3305118 1.07388936555603 1.19019825757259 36 13.3112163645056 0.0395974023316157 112498730.215844 10.0251276959999 112501085.211418
2 eager_15000.dot 19100037384 1.23331303454595 1.02152545817213 36 17.2236966888205 0.0213751580962201 118.544438415999 217382720.513376 1.13851610532458 0.732428953610683 36 7.69860793222763 0.0616628651345211 225462209.494126 34.4169802020004 225466394.813073
2 chipseq_30000.dot 4807293396 1.09754399322528 0.386063625085369 36 0.901582736184678 0.0366374358738349 42.4065751069999 250144682.97086 1.09061054232811 0.466840121591658 36 1.70154594310036 0.0886846770331382 334124412.474819 103.857636245001 334539032.802194
2 methylseq_30000.dot 6761426956 1.12314396658137 1.79427084424177 36 20.3102121454093 1.2793465065004e-05 800.381081107998 447064552.319383 1.09904649690567 1.7846000285028 36 22.8957689592905 0.024442493400912 514009827.057184 366.580871503004 514014798.883882
2 chipseq_1000.dot 32978181418 1.17049603708258 1.19493028218988 36 9.46502660557945 0.00217217940157854 0.31805734 79662949.0506388 1.10638933715857 0.998383865174839 36 7.08140421539649 0.0440945635565968 93530820.1238118 0.032221125 93574439.6794258
2 chipseq_30000.dot 4605965334 1.10535890818938 0.322729980904041 36 0.678294177939307 0.0233916227167403 38.8928698990001 312585945.571756 1.11282901054323 0.489140424796095 36 1.50847665642194 0.0531183546236448 395992145.060114 92.7660498360011 396715591.372911
2 methylseq_10000.dot 6273818718 1.11030761510955 1.21126533299871 36 12.011132431662 0.000511798459145363 50.152058294 116277981.55961 1.06791923118456 1.18902391513975 36 13.4304269465172 0.0420396132657206 141528107.229787 16.9739846239995 141532007.00034
2 methylseq_25000.dot 6761426956 1.12282727141107 1.79430744068283 36 20.3114181696732 1.9008132973933e-05 455.986140574002 372724382.465602 1.09916507276088 1.77556458171669 36 23.0600730850175 0.0291580580510371 442243485.246931 220.931012158001 442249304.033367
2 chipseq_10000.dot 4605965334 1.11701766800451 0.328784391742192 36 0.680391506818107 0.0246165430494534 7.47802395 100415347.368219 1.1264903512319 0.454399565358097 36 1.38208075431407 0.0540655279221624 127104800.092919 7.58389516100001 127947221.342332
2 methylseq 22500260922 2.83333333333333 1.58730069794073 4 261.497379683191 261.497379683191 0.003326967 4518032.44743876 3.11111111111111 1.61572851993086 4 4.39067918762026 4.39067918762026 4516728.97302084 0.000269398 4517839.33333562
2 methylseq 110641579976 1.83333333333333 1.5938486209128 4 2327.72336679605 2327.72336679605 0.003211329 20118085.7379777 3.11111111111111 1.6050675561774 4 3.95648649918874 3.95648649918874 21319236.8058101 0.000256106 21320316.924593
2 eager_25000.dot 8330435694 1.23212838501357 0.808868598867187 36 7.04580795059021 0.0447493828465662 324.360618103004 154822800.855559 1.14658742746483 0.284274899338339 36 1.69293246717929 0.129921321071259 180691793.461234 154.475492708999 180714130.263881
2 chipseq_20000.dot 41366257414 1.09960853575917 0.895236666560503 36 3.89660045720101 0.00128398894686785 17.1354175560001 1944533563.16019 1.08615283079455 0.771378398004985 36 3.11776239954083 0.0156624870082965 2059324381.5023 5.83169086200007 2074248640.74662
2 chipseq_20000.dot 5058052541 1.12339968906768 0.380093606855642 36 0.859130251320442 0.0336743877880949 26.0847043589999 201913815.327976 1.1148670048662 0.405834472420035 36 1.45704096166014 0.0723844354794799 253952183.162146 41.9700257220006 254082920.258604
2 chipseq_8000.dot 32978181418 1.13146015100365 1.1031421878605 36 5.85803880823996 0.00207567181051719 4.17639041000001 670012739.964919 1.10736156802968 0.975743226685233 36 5.62294616628943 0.0324348045668701 707307554.964386 1.025019784 707635618.8555
2 atacseq_25000.dot 11187378708 1.09092326395519 0.623047254475382 36 1.97852191297645 0.0132681749786295 39.4867239789999 300666471.670096 1.08057270347221 0.692862159045179 36 3.05767486417028 0.0362984864960384 347817563.74737 78.5138800350004 348008376.184909
2 atacseq_25000.dot 3908761308 1.07863640679384 0.183704244445202 36 0.334118749389824 0.0262769006839365 38.3157181109999 162860220.132351 1.0768619850648 0.264147414138652 36 0.739491336549536 0.0494791568351523 195971031.393498 58.7636963940005 196848849.748313
2 chipseq_4000.dot 5058052541 1.10104223606582 0.400528431683918 36 0.932178136249125 0.033245899099203 2.364481421 39547669.0116191 1.12981646236363 0.459513972478717 36 1.78343067786047 0.0843100145728184 52704561.2870528 1.426736141 52770769.247168
2 eager 8330435694 2.02927927927928 2.5424093355824 8 63.6029489811607 56.7048796171504 0.042023904 4133441.94397778 2.13513513513514 2.00121922729944 10 72.681906672812 72.681906672812 4510936.24003565 0.006874329 4511675.52129757
2 eager_15000.dot 14754556884 1.24491963830291 0.911651128804873 36 12.7485559246926 0.0178914759561238 137.783430334999 192890001.39688 1.12340408785706 0.6804913116033 36 9.24958054357981 0.0811732635819663 233685548.338922 39.7578284439997 233856908.73905
2 chipseq_15000.dot 4807293396 1.09461318105933 0.381198833893376 36 0.887537430651235 0.0368247580400406 13.8097179630001 124249391.954313 1.11086617020985 0.465014453612082 36 1.81188438364889 0.0900406076038114 170181994.648086 24.2094970969996 170575233.451293
2 eager_4000.dot 25705994498 1.32307712889481 1.29902163282198 36 26.5112334361163 0.067155254417498 10.033788554 97079788.9606031 1.16650874272981 0.949821536245944 36 12.9336444562085 0.0794322726408355 89539999.6773686 1.69627147799999 89549076.2238359
2 eager_8000.dot 19100037384 1.29366063607548 1.0169937547388 36 17.2185750095799 0.0251236345883302 37.357688947 117766120.87227 1.15548389846635 0.713582541015191 36 7.30519726658659 0.0586670647592463 115910310.319267 8.02813468100004 115917643.000666
2 methylseq_4000.dot 110641579976 1.1016016016016 1.85956573685159 36 24.7101290563819 0.000389395332879811 6.061201868 936169688.039421 1.10388563166341 1.86262855577482 36 27.5742820790767 0.00491941024807732 977501854.795467 1.917561127 977502426.559869
2 atacseq_200.dot 14091675276 1.28045634920635 1.17947276566664 17 3.08720023839269 0.160795586912179 0.058905651 7702000.67380775 1.13249639249639 1.19443714417364 33 5.46684281767011 0.154608923606603 7214196.57174965 0.007055948 7237945.87786258
2 chipseq_25000.dot 32978181418 1.12551243280409 1.25366631731415 36 9.56937336061927 0.00199520087113631 34.6703785940002 2139796218.42982 1.10403865612197 1.01445888547796 36 5.65696074956272 0.0254423813882368 2131421945.75684 10.1398253979999 2131952550.69294
2 eager_10000.dot 19100037384 1.29268592891797 1.0098183217761 36 18.9975374205636 0.0270665365143897 58.1019041660001 148137991.433589 1.1477015549258 0.723150494148845 36 9.42846723500117 0.0724160135003305 160616704.3548 13.3593120429999 160636570.103693
2 methylseq_30000.dot 11897958606 1.45061463738933 1.86568704436463 36 9.12794453248417 1.13341018696806e-05 423.875509763999 862813599.691942 1.0978724823263 1.80243396755625 36 24.7945288716111 0.0287458713691526 894914404.480164 351.240728345005 894920211.306282
2 atacseq_25000.dot 11809629756 1.08827224559846 0.650917839589157 36 2.18389210656018 0.0166173917563245 45.70560601 278803314.345439 1.07601745586205 0.694487729602237 36 3.23183649695883 0.0446044382316281 329522484.951543 70.36873706 329856992.433143
2 eager_30000.dot 19075314980 1.20928788641112 1.00397090811696 36 14.6768161207612 0.0201948517226531 426.054050477993 412027608.594543 1.12652359085282 0.742959307335531 36 6.9507293764902 0.0428099196176075 418524267.109451 220.999734182001 418556605.985442
2 methylseq_25000.dot 11897958606 1.45801804479194 1.86774100508278 36 9.23554019950731 5.19170885280471e-05 284.251962696 719770072.382062 1.09945464290163 1.81176431994171 36 24.7176790892463 0.0248945109302451 730124110.040997 218.555126456002 730130419.053426
2 eager_15000.dot 19132169434 1.25929706337365 1.00866256520247 36 16.1756491911497 0.0252647591645266 122.17339078 212115737.692009 1.13938712917286 0.771241939528929 36 7.49018456633414 0.0644058433063572 230469965.354214 33.8862547360001 230496691.74456
2 methylseq_30000.dot 22500260922 1.12078058736725 1.23283145348992 36 13.6281440042571 2.04887000780095e-06 557.036339901 1054363303.02694 1.07884688266844 1.21538576838435 36 13.303737342836 0.0117028748662843 1097433904.39022 284.526657611004 1097443410.74518
2 atacseq_2000.dot 11187378708 1.09588772968242 0.716357025453114 36 2.30999719242226 0.00908591850841447 1.035196024 22838301.5100439 1.06988811201614 0.679776034955385 36 3.11531517511215 0.0487596202505491 28067647.3317104 0.346510574 28246459.1775071
2 methylseq_10000.dot 11897958606 1.45089781944523 1.87116241272177 36 8.87245633100179 0.000224757144930429 33.938579421 288515449.162804 1.09303880282273 1.80312389054424 36 24.3085702865865 0.0243965680799561 296695636.866578 19.5768508659995 296698983.341207
2 chipseq_25000.dot 4605965334 1.10333947313112 0.316685948584568 36 0.663815290191892 0.023911946133541 27.904958107 259226113.858775 1.12191954900286 0.483071656987892 36 1.480561743886 0.0528692999266165 329770542.387941 60.3588116660005 330168802.90603
2 methylseq_30000.dot 6273818718 1.12023116124759 1.21657721121766 36 12.3425150210851 2.42863414753224e-05 679.259189377 348231452.594722 1.07209550486865 1.19803006204259 36 13.2365191309404 0.0314070917943417 407783660.751683 306.392756574004 407788061.937054
2 eager_30000.dot 8330435694 1.21425032837237 0.793857983183235 36 6.80456591264288 0.0423031805488958 420.031254350998 179752636.929363 1.15976073349642 0.257388030324302 36 1.39870450746355 0.104831767347842 199391014.955727 268.224734484998 199395554.655273
2 chipseq_200.dot 4605965334 1.2577593537415 0.544773229474315 14 1.8905310484063 0.0920873658978187 0.058299986 2923584.34918327 1.14786255411255 0.840216300064127 31 1.87178611924486 0.0946514264782341 2967834.60552862 0.006987597 2979502.46005956
2 methylseq_15000.dot 6273818718 1.11193293258948 1.21353713515717 36 12.1074376911569 1.16045137508804e-05 128.048094117 173861430.604095 1.0792009268791 1.19825390909545 36 13.2948708805365 0.0348569583197294 206885383.440091 45.781630104001 206888903.464717
2 methylseq_2000.dot 11897958606 1.5 1.91057950796116 36 7.05931801766015 0.000147590422896152 1.364461961 57911591.5635513 1.09889558232932 1.79439433912725 36 27.5297354741 0.0348897105217204 62241003.4499627 0.568145043999998 62242288.0757884
2 atacseq_200.dot 3908761308 1.27584656084656 0.867823142245686 16 2.02861274977926 0.132063305381898 0.065190364 2805133.00040106 1.22559644059644 0.726802326328365 34 1.91495734637852 0.0640630622631398 2110880.30781394 0.007355316 2156610.46848989
2 eager_8000.dot 8330435694 1.28417210572008 0.957421718531353 36 11.1820547741939 0.0413595745833891 36.2078039350002 47442061.7278614 1.33019815753561 0.310487981132181 36 1.67629851569591 0.117899480589094 52500806.5431921 14.084785995 52500724.234157
2 atacseq_200.dot 2223941232 1.25974687349687 0.693598364722206 16 2.01611211453024 0.186463628125916 0.066851281 1740935.61025716 1.22272486772487 0.833386897658904 31 1.81644582154419 0.0501356376852439 1329355.87951489 0.007660717 1339186.02658612
2 chipseq_2000.dot 4807293396 1.10064078853636 0.469128478853979 36 1.1850422942934 0.0346517674345788 0.954128969 17064762.3844775 1.12068515608864 0.447000108679871 36 1.55830240618199 0.0767014821648515 20657357.6881132 0.361595854999999 20756566.4974826
2 eager_20000.dot 19100037384 1.2181197705581 0.987871924293588 36 14.6722049207431 0.0187591619650671 187.932566094998 271410691.237478 1.13029350915017 0.733479650854486 36 7.32252689071543 0.0585248108825627 290136373.389129 68.4955495759986 290170563.197344
2 eager_10000.dot 19075314980 1.2831413126254 1.01932758901298 36 16.9029307854992 0.0304908188860567 55.6035085379998 149271700.157108 1.14534307706125 0.802308689135949 36 8.83034789397551 0.0404486299581711 137088235.950589 13.9871634410001 137111151.448791
2 methylseq_25000.dot 6273818718 1.11449006444209 1.2152412417015 36 12.228713590724 2.02552342825363e-05 470.473304459 290080064.229979 1.07741937122641 1.19669250607176 36 12.6642088174688 0.0272921391916637 328953446.287582 184.927307384999 328956398.869757
2 eager_10000.dot 8330435694 1.26271832879539 0.917047085376939 36 9.90183032892615 0.0424406901590504 51.990761776 57329744.4059372 1.20284141662949 0.291858758917393 36 1.56024974075498 0.115738490153469 66969537.185617 20.1308760469999 66969599.5201787
2 methylseq_200.dot 8885797810 1.74983465608466 1.74757618645263 28 3.34422412902042 0.00835509878758561 0.075355451 4113621.65220277 1.46891534391534 2.07447389681617 36 204.153026170789 0.0541702307938522 4132286.67796552 0.00925223400000001 4132414.71977313
2 chipseq 32978181418 1.8125 1.21021244667261 5 18.7904963267894 18.7904963267894 0.005668634 11328676.0429235 1.60416666666667 1.49524271120713 6 9.85623290442833 9.85623290442833 11417194.6012384 0.000489981 11634101.6794625
2 methylseq_2000.dot 6761426956 1.16190954293364 1.78555493687743 36 19.9627629688936 0.000814407601635675 1.539594967 30185810.7504212 1.08622585580417 1.75083882267234 36 22.1694548556929 0.0238298038306032 33274497.0145423 0.534750448000001 33278916.5353427
2 atacseq_20000.dot 3908761308 1.07645335287976 0.213716019657768 36 0.398360913171048 0.0246814515372297 28.1511815100002 134287722.714492 1.07464813397608 0.240732363101374 36 0.719216406286004 0.0571696408058979 158560115.912131 33.7011547040001 158956854.114715
2 atacseq_1000.dot 11187378708 1.13361665186665 0.87409353818008 36 2.44508183126628 0.012828860782828 0.440714267 12318853.7648704 1.09094320956821 0.660316014897801 36 3.21191466645306 0.0796856891365307 14585415.2469672 0.0845991650000002 14631868.8654529
2 eager 19100037384 1.88513513513514 1.70774153659399 8 40.4249154537603 28.8780886671269 0.058606892 8108146.9362155 2.20135135135135 3.00864144836266 11 234.505947593165 179.000058193211 8946411.92751441 0.006407806 8945200.70838943
2 chipseq_10000.dot 32978181418 1.12534369348279 1.1144173479856 36 6.79711852003158 0.00194957110490648 6.027970619 840733813.005128 1.10128393692774 1.00093210690382 36 5.41302854070196 0.0261393853999063 851129904.687044 1.530387241 851703056.0541
2 methylseq_2000.dot 110641579976 1.16933607445655 1.89457968739471 36 29.0550366586774 0.00240998718063317 1.394565159 470648265.051425 1.10160483202652 1.86194539461603 36 28.6262935853679 0.00993773546264557 488193864.065595 0.440619166000001 488194657.090885
2 chipseq_8000.dot 3793245764 1.09502783332133 0.196290079358651 36 0.351668298660347 0.0218750366237952 5.539401141 75960061.9561244 1.1187813460051 0.309868063274732 36 0.92857523947326 0.0397226502937328 96635718.0398266 4.70878273799997 96815565.7585166
2 eager_25000.dot 19132169434 1.20392719077587 0.996124201524705 36 12.6710650809029 0.0207762980460065 341.197995005003 346429047.625198 1.12281675575264 0.736225014343018 36 7.95437495861762 0.0623376320692185 382260037.121707 123.390664695998 382308150.428592
2 eager_4000.dot 19132169434 1.34450253173049 1.05841082449787 36 18.2311705927666 0.0430190633698866 10.783245919 64895599.083406 1.16541276803742 0.890576459556661 36 14.0155009680875 0.118593160577314 81238250.8833506 1.95067348800001 81250729.3001673
2 chipseq_1000.dot 4807293396 1.10761020496597 0.65378072185287 36 2.52547781768665 0.0282540162820897 0.395430638 8668773.44791044 1.08259715711639 0.452564781297486 36 1.78566854473758 0.0948406572888588 10568917.5173426 0.100695268 10737618.0094827
2 eager_15000.dot 19075314980 1.20618238781497 0.901767052919371 36 9.60258582507671 0.026511163395904 105.786288764 212324608.779905 1.13111541649608 0.724185934789546 36 8.68142433531873 0.0674454540577833 231212599.939146 35.169382187 231243488.100783
2 methylseq_200.dot 6761426956 1.64112103174603 1.74065456834493 28 3.38487955049322 0.0185943876479517 0.075450233 3367203.38358219 1.39996693121693 2.009769615248 36 202.340342789881 0.0657482371609885 3784430.25991761 0.00875732200000001 3785363.77248093
2 methylseq 17027257018 2.83333333333333 1.58695445928621 4 502.852151839967 502.852151839967 0.003308114 1755694.78530744 3.11111111111111 1.57198705285962 4 3.03660040845604 3.03660040845604 2174050.72916667 0.000271373 1755652.21398596
2 eager_1000.dot 8330435694 1.3440211583594 1.46356778305397 36 38.0117386577317 0.131301770350246 1.366535392 11042882.9862222 1.23809440670896 1.14216012487238 36 10.0667390653182 0.0603617187124518 7406149.3831223 0.180278594 9117822.1715749
2 chipseq_4000.dot 3793245764 1.10240398359502 0.225004451370137 36 0.419534340338996 0.0185519333492615 2.20032671100001 38375412.5673176 1.11106919155268 0.286656381525724 36 0.876533865283709 0.0413225784807115 48361736.3364402 1.191166958 48544340.6975347
2 methylseq_200.dot 11897958606 1.79910714285714 1.76252350669991 28 3.92139358935866 0.00941030807061222 0.075155856 6110586.12635055 1.36011904761905 1.97448437325371 36 256.087155883155 0.0310634617981578 5779718.73486449 0.00923149899999999 5779891.80813516
2 atacseq_1000.dot 3908761308 1.1392534965035 0.565118227278072 36 1.93338059557628 0.0120227751975756 0.438557512 7489870.08141247 1.0905061243223 0.298522880767042 36 1.04101320075437 0.0342464911739212 7959712.73627024 0.090692288 8080032.11962897
2 chipseq_1000.dot 3793245764 1.12107083621507 0.35469708967678 36 0.750909907134859 0.0157672650175529 0.429194842 9787316.86158832 1.11862656574195 0.333301742335465 36 1.13193986260871 0.0729058247242369 13147481.0221665 0.100372363 13552077.2694855
2 atacseq_2000.dot 11809629756 1.09921130014844 0.687332296313624 36 2.53003608713751 0.0179004836322875 0.985327507999999 22707739.6672045 1.06952215132362 0.734590058982274 36 3.57427045314372 0.0456769006159996 26920454.7972794 0.325228352999999 26996382.6236363
2 eager_4000.dot 8330435694 1.30159105655386 0.993630706133015 36 10.9569821969428 0.0502406763189754 10.695746678 25889476.85023 1.25947944832932 0.472824274706413 36 2.46008215141766 0.125529859403079 29558102.6773039 2.26877658600001 29561696.2465159
2 methylseq_200.dot 22500260922 1.63417658730159 1.75049681055556 28 3.8043329352723 0.00441383074880534 0.073172529 8507940.78560029 1.3166335978836 2.00192947466228 36 176.576125910869 0.0770245735058629 9747782.9072611 0.00949423300000001 9739555.74852157
2 eager_4000.dot 14754556884 1.32861568444491 1.05243286640279 36 18.1303481111668 0.0476944153666441 10.937705242 61771779.2348807 1.17948530044783 0.810110988515542 36 9.51453964085323 0.0761581790916796 61301481.4242727 2.21350572500001 61302224.4573139
2 methylseq 6761426956 2.83333333333333 1.58326217578873 4 115.33566512941 115.33566512941 0.003220816 1723545.62345702 3.11111111111111 1.71463864857512 4 33.095077038387 33.095077038387 1723444.26020916 0.000272148 1723947.15604503
2 eager_200.dot 19100037384 1.86006006006006 1.59242351889832 14 189.265037137076 2.93345799356885 0.14464451 8879079.08245765 1.83344838344838 2.48739975825882 28 86.0231415251644 4.87083980806384 8258575.83447486 0.024431529 8257179.85494143
2 methylseq_20000.dot 8885797810 1.10489195678274 1.80945196488676 36 21.2234178053422 8.66835952515647e-06 273.246891593999 387720441.178967 1.09789630137772 1.79858051047793 36 23.6543726701572 0.023279980308621 441448502.220671 112.682861977999 441451567.199281
2 atacseq_25000.dot 2223941232 1.07784151166991 0.0806263774900223 36 0.137037385593334 0.0249776252588269 46.690227649 91123073.3528934 1.07435943028112 0.117800934365436 36 0.399905346390447 0.0749230518024139 108226114.18403 66.6119063090012 108457793.666346
2 eager_20000.dot 25705994498 1.24429035876404 1.14885735401859 36 19.1233506597141 0.0379763186436873 236.253878359999 425791680.827592 1.11665515873797 0.770005848183828 36 7.92293859217846 0.0438274702715016 388965307.353776 57.966420569 388997295.115793
2 eager_25000.dot 19075314980 1.20947119504526 0.973901346993852 36 11.9595932131699 0.0202595523129661 291.357204550003 343440933.100876 1.12314816968658 0.759561479917185 36 7.80678329911471 0.0538713578010523 368886678.379157 132.827027247002 368889748.952685
2 chipseq_15000.dot 5058052541 1.11125836809266 0.372363364742785 36 0.839167291829699 0.0357895002184341 15.189126724 148829660.419449 1.11488878052941 0.431073210841234 36 1.49836723418673 0.0708276467357292 193493463.489692 23.6117081350002 193672673.807189
2 chipseq_1000.dot 5058052541 1.20024113173152 0.72697079571197 36 2.61501364312312 0.0271542560809899 0.422753795 10876847.624688 1.13408679995218 0.369819800697291 36 1.45136970248829 0.109479031414562 13748576.2509977 0.105128938 13762551.36362
2 atacseq_15000.dot 11809629756 1.09218450579127 0.647117676600882 36 2.17074134578799 0.0162571189329062 18.984086762 167941210.252434 1.07490573612853 0.700786463870622 36 3.29700269132561 0.0455832283148379 197202246.044129 22.2477797429999 197475978.465542
2 methylseq_2000.dot 8885797810 1.13975744246828 1.8250969537612 36 22.2881915587733 0.000708623115928841 1.631245271 39036876.1640334 1.06747625422324 1.77992660386381 36 23.5525917927391 0.0295874314809853 43155970.6183317 0.529102343999999 43158274.1539931
2 chipseq 41366257414 1.54166666666667 1.35102214079811 6 9.98318761945663 9.98318761945663 0.005449471 13525181.0386864 1.46354166666667 1.77532585766636 9 14.8855654284762 8.31305807838461 13087447.7754006 0.00050015 13356278.9902968
2 methylseq_15000.dot 8885797810 1.11209920317208 1.8047352038827 36 20.9215692409167 6.02365810493832e-06 140.338551609 290506006.901838 1.1016103888402 1.80376483433727 36 23.8985270544313 0.0224830952201118 329277293.424016 53.736485210001 329281484.257458
2 methylseq_30000.dot 17027257018 1.12883248537513 1.84664692221928 36 23.305628030349 4.72600683106933e-05 326.600269887 1043416666.55412 1.09525185735673 1.78822659304607 36 24.2896043003 0.0322360839359761 1068762764.98896 339.711710572 1068775810.13626
2 eager_2000.dot 19075314980 1.39410070907397 1.32039956233858 36 33.6941872620634 0.0562574772012829 3.434000058 38132348.1736269 1.26472781762678 0.790814976738971 36 16.5201185135259 0.0836897361908907 31175444.4405927 0.635356544000004 31176446.4367533
2 eager_2000.dot 19132169434 1.28206090853149 1.21445376115736 36 26.1270666877453 0.0441182956868372 3.62056284899999 32885822.6206515 1.22418475076792 0.752701978753759 36 13.7749222172319 0.115713517530592 36840342.1015509 0.611171495000001 36893609.2439712
2 chipseq_20000.dot 4605965334 1.10606529473861 0.310317208078858 36 0.669741543957339 0.0252101817385828 19.2074643940001 202993823.993026 1.11292068903143 0.478494717575789 36 1.47820148372283 0.0531473740510028 260732794.209031 35.8467101840005 261383267.633886
2 atacseq_200.dot 11187378708 1.40699074074074 1.04771454330958 16 4.30954903951951 0.138697484286154 0.062868644 3684077.02906309 1.21198283198283 1.29161634757725 30 5.39287475935261 0.14118367382103 3496272.7240768 0.007272638 3532547.1054642
2 chipseq_15000.dot 3793245764 1.09635670742722 0.239140789244315 36 0.464307951621007 0.0202957314783866 14.312708494 150174779.195021 1.10916958493647 0.309900518256557 36 1.008131290485 0.0420397670215503 189016471.749539 19.6018108919998 189464801.393286
2 atacseq_8000.dot 14091675276 1.07265442542075 0.781504964504515 36 3.15427651742597 0.0105618946442774 4.34380602399999 195815237.425897 1.05716240866977 0.721858517013395 36 3.596154837855 0.0439753839973932 228293866.61046 2.752506674 228626139.832289
2 eager_10000.dot 19132169434 1.26796682930649 0.987177044084991 36 12.760108953368 0.026394693313991 55.3727626359997 146069023.73185 1.13634910464742 0.759485126102787 36 7.89424275158718 0.0669714451442839 154975062.738398 13.2845162259999 155585312.524813
2 methylseq_8000.dot 11897958606 1.4513422152311 1.86927832784747 36 8.96589668437036 0.000141118795184915 20.227267199 230167897.657654 1.10601871712983 1.77564527537344 36 23.6623561762678 0.0265200316582169 239224722.989903 11.6590915329998 239226782.817488
2 eager_15000.dot 25705994498 1.23443846782319 1.31006537162324 36 21.4638155541685 0.0326435804054373 127.595664578 318615985.831384 1.11617061941957 0.785912767764794 36 7.2573274468502 0.0419342469791448 289262507.348468 27.5240228579999 289267617.66981
2 eager_1000.dot 19075314980 1.37622828119152 1.80197770988854 36 41.2243726260997 0.0475860211470853 1.33638311 19885761.7286514 1.44542191876751 1.24627750804766 36 20.7709007261897 0.0800868910219686 18731925.9927798 0.223561377 18732023.1702405
2 eager_30000.dot 25705994498 1.18621714706039 1.28073395236155 36 19.450820878164 0.0293601434799912 494.07727137 620958682.46673 1.12210699896761 0.755675508017496 36 7.0188206947819 0.0505563226838877 602946131.608625 170.109291596998 602953778.931538
2 eager_10000.dot 25705994498 1.25728868817788 1.32043732211671 36 21.8206918045977 0.0423775638698165 53.954750042 221584469.469692 1.18751785034691 0.807877270126346 36 7.82956282950106 0.0531027091225089 205810879.542214 11.0478802850002 205833137.725156
2 chipseq_20000.dot 3793245764 1.10272401253312 0.278997466579298 36 0.547683669972653 0.0202223421455381 24.286388072 208213730.692035 1.11637641405318 0.305633053239852 36 1.02151109158718 0.0454133701303131 254186538.863758 34.9505823260003 255209828.912767
2 chipseq 5058052541 1.8125 1.06231138041641 5 7.54128843399184 7.54128843399184 0.006082337 2322036.87005915 1.49702380952381 1.61360737195511 8 36.0812498278194 23.7667769626181 2830104.47815782 0.000614534 2827689.57323901
2 chipseq_30000.dot 41366257414 1.09829190305107 0.932248407401159 36 4.1806190835307 0.00128742747526852 38.3362603789997 2937480317.74315 1.08913832119366 0.766654204356357 36 2.96366742737171 0.0138741594658832 3066728809.45155 13.3493270179998 3079267918.9244
2 eager_8000.dot 14754556884 1.29601906422338 0.927121531000428 36 11.3012634409772 0.0274573197864588 35.9374771430001 106236296.246161 1.1364290329409 0.659463519214548 36 7.29313112589576 0.0547610060493062 111383927.047864 9.73773018199997 111392167.037271
2 chipseq_30000.dot 32978181418 1.12798505619344 1.23179808509875 36 8.92883295369947 0.00200969036406522 48.888887448 2564884295.4769 1.10067724098947 1.01622747807625 36 5.56750552230706 0.0257430869484232 2534524012.94838 15.060096709 2536135666.94474
2 methylseq_25000.dot 110641579976 1.11155181654465 1.8475778248396 36 23.7760045895931 0.00011450740837351 378.499387390001 5821711883.80049 1.10263991444984 1.85274648263726 36 24.7107273441709 0.00258494075784401 5956970059.40387 168.983562506999 5956975260.39246
2 eager_10000.dot 14754556884 1.27425109072659 0.998493471830003 36 15.1035972288435 0.020124104735654 54.2021018560001 135807069.775494 1.11042615764436 0.709230600242992 36 8.38347784831719 0.0425766587259194 129054440.663321 14.5352946649999 129057858.412607
2 eager_30000.dot 14754556884 1.20166787669958 0.989348351571248 36 15.5313964160625 0.0125972849657004 426.555271218996 376496140.277209 1.1066118821692 0.680919718540891 36 8.01736097551365 0.0395466985784916 385728327.25696 234.661915143 385794235.041622
2 methylseq_8000.dot 6761426956 1.1221340388007 1.79104873497124 36 20.1858981152898 0.000326351491707586 31.8982414410001 119133452.739975 1.10724613502391 1.79272518225179 36 23.0483182461096 0.021052509389394 134976024.102787 12.3044886869999 134977669.218537
2 atacseq_10000.dot 11809629756 1.09346898556386 0.666741911325189 36 2.28873948491703 0.0158241117578166 10.359226214 112638945.717617 1.08242585591004 0.714793214270692 36 3.37283353704515 0.0439698388622492 130550089.017991 10.220333822 130617898.061427
2 eager_20000.dot 19132169434 1.18800954450059 1.01486603604458 36 14.5742183757667 0.016740639042592 191.847067170001 269706941.188014 1.12511750791009 0.782051043928727 36 7.89942177523008 0.0542483734339712 300493239.548208 73.2663818899999 300494425.959495
2 eager_200.dot 19075314980 1.98978978978979 1.64793835514199 12 90.8693996044364 11.874977122692 0.163043609 9129794.28668173 2.12986622986623 2.74263065272239 29 86.5199877616456 2.9369752618399 8541324.65863325 0.023104989 8544998.10759542
2 eager_20000.dot 14754556884 1.24010984904377 0.976616028762403 36 12.9237733175585 0.0183501798582077 210.426254246 254211171.290764 1.1186777858847 0.677177480769585 36 5.3847529313321 0.0279089615723458 238798668.138796 81.1912723550017 238797962.15174
2 chipseq 4807293396 1.72916666666667 1.07702729455912 5 11.2766703190689 11.2766703190689 0.00614312 2066108.18553959 1.49702380952381 1.90098604684383 8 17.5109688462702 17.5109688462702 2234150.93182739 0.000614758 2170755.73928001
2 eager_15000.dot 8330435694 1.28042965727143 0.876404659191454 36 9.10576449530297 0.0423839840504493 120.623036824001 86614500.7934119 1.13284195839108 0.284731224792193 36 1.49962579845027 0.117327676351019 104427359.196423 43.2666031720003 104431190.569189
2 methylseq_10000.dot 6761426956 1.11548746482722 1.78460274669474 36 19.7691852884546 1.24288528268901e-05 52.9093212479999 148832772.439547 1.09581769215625 1.75484234268429 36 21.2566314746293 0.0255737614803631 168372073.017017 19.6121838209996 168374665.576405
2 methylseq_1000.dot 22500260922 1.35001912411551 1.23126524560247 36 16.7518201860608 0.00389547666092525 0.497916252 36723428.3389245 1.11695990310448 1.22817621527378 36 17.8258357550118 0.0654506806208056 47438755.6760495 0.143065659 47440121.7162995
2 methylseq_8000.dot 22500260922 1.10723819057152 1.23114699532116 36 13.5977187524701 0.000504409624386379 25.912146754 281875389.825586 1.08012774679441 1.21416466751339 36 14.9482540337673 0.0344782303714708 335965045.811512 8.90600561600008 335972732.857836
2 methylseq_25000.dot 8885797810 1.12033226903609 1.81114349180973 36 21.3138478843742 5.72259454847663e-06 454.595281292 484768898.681107 1.10105299387588 1.81019000317114 36 24.208023820011 0.0214417924601779 558849251.232993 217.373468129001 558851757.961127
2 atacseq_1000.dot 2223941232 1.14068378843379 0.395711239383472 36 0.867173017987493 0.0114945790017967 0.484867821 3962599.71543085 1.07144234931735 0.209405909021075 36 0.68446113248365 0.0302622098165608 4402792.2528045 0.0957904019999999 4500908.76591897
2 atacseq_4000.dot 3908761308 1.0842065078008 0.200941776992719 36 0.394651845208239 0.022746931605834 2.8556816 25776165.3343693 1.07443976790863 0.266095421724279 36 0.764304665295952 0.0575456489592645 30774785.590081 1.304886586 30939195.3010416
2 chipseq_10000.dot 3793245764 1.10180022045624 0.206780063699175 36 0.371568307697745 0.0222633600861507 7.78012147400001 96004205.6044804 1.10528067118763 0.303482058693132 36 0.96690422693367 0.0432461937082953 124474358.157345 7.43742006700002 124769288.464077
2 eager_1000.dot 19132169434 1.38112894987895 1.73717462471478 36 40.9317931660218 0.0503848880436665 1.389733218 19202670.0901622 1.32363939708174 1.37167148517457 36 21.7051112815591 0.0653002556692684 18209144.520391 0.224313793000001 18211965.642309
2 methylseq_20000.dot 17027257018 1.43941862459272 1.87164308909748 36 10.2880316175471 0.000125654306500144 162.806087227001 695926732.292734 1.08849492177827 1.78588551343189 36 24.0557122208539 0.0309053987872298 721929961.767924 120.153401077001 721942917.052192
2 eager_8000.dot 25705994498 1.28822422801781 1.27043459885381 36 24.1269696762933 0.0476160480757188 36.4872828550001 178053335.962458 1.13296509308893 0.853430705695621 36 8.61225877925919 0.0501825730127408 167698408.013099 6.51211234500008 167698108.965679
2 methylseq_2000.dot 17027257018 1.45435711098362 1.9121452627355 36 7.34541191114687 0.00121765444420792 1.378536639 70089596.2324068 1.07480716516861 1.79390091308727 36 26.3342116194396 0.0391857822378961 73487754.5520175 0.52805515 73489294.2564459
2 methylseq_4000.dot 6761426956 1.14321067098845 1.77395595677227 36 19.1200148830493 0.000205339093456297 6.39909385 59774420.3075314 1.07526176970621 1.74565603798334 36 21.2976088262698 0.0233520110309741 69636027.6537066 2.336129197 69637584.6185744
2 chipseq_8000.dot 4807293396 1.09339974289034 0.394511337442436 36 0.933492520139663 0.0361502722383577 5.91927048399999 66535492.758559 1.10727404452914 0.484703049321318 36 1.67835248101531 0.0745429201628211 87403697.2058648 6.07105456000001 87569679.7402892
2 methylseq_20000.dot 6273818718 1.10217499698295 1.215384601785 36 12.2852098675548 1.23382583228061e-05 259.117433795 232211697.682278 1.08557153019941 1.19404243321192 36 13.2597469059668 0.0340910806917869 274480968.899947 96.3287028360006 274485123.346635
2 eager_4000.dot 19100037384 1.34003707256793 1.05250192329144 36 16.3491152337039 0.0348299017818886 10.750719291 62006306.7468436 1.15052570580504 0.870579541813983 36 12.7810308035097 0.0735217938235926 67224950.3053022 1.90628956799999 67224336.9299391
2 methylseq_20000.dot 22500260922 1.10780979058293 1.23182778692514 36 13.5375157223279 1.93973531029909e-06 214.317446188 702662318.696297 1.07801453914902 1.21529818051806 36 13.7162765105845 0.0163074446703528 758782004.402764 93.2188036690008 758790629.245751
2 eager_2000.dot 14754556884 1.32440196774562 1.17571809372451 36 22.4878795161368 0.0475549513258692 3.545404488 32653594.845205 1.25122762723382 0.81989163538894 36 10.2731285981631 0.0663799625304517 30908447.5256343 0.707178905000002 30936548.8313777
2 atacseq_20000.dot 11187378708 1.08614340149696 0.635353236104918 36 2.06768868550349 0.0131673030501688 26.581337907 242011400.805252 1.07049234030792 0.670490446801788 36 3.04380904473636 0.0440805276035119 280610204.360138 42.4732622150004 280908059.815295
2 methylseq_4000.dot 22500260922 1.16329424662758 1.23133444423358 36 13.5974028298843 0.00164170907495305 4.86758382099999 143588006.094058 1.08625689181244 1.21870255900146 36 14.3891263640211 0.0149739187693319 152590329.880206 2.053486098 152593045.324379
2 atacseq_15000.dot 2223941232 1.07372972359855 0.0818449753650931 36 0.131520119608607 0.0236097535824447 21.683480521 54512529.0749177 1.07438652732098 0.134945229454583 36 0.412690834859008 0.0775275868473125 64862711.38694 21.4035070939997 65016790.4998219
2 atacseq_8000.dot 2223941232 1.07976644804928 0.068538909128652 36 0.140384690073154 0.0216797838800405 8.381909395 29521794.1193216 1.07408285398512 0.125592141317117 36 0.419961190830358 0.0595272424220483 34134184.888314 6.16940868599997 34262254.4732786
2 chipseq_200.dot 41366257414 1.24808673469388 0.741584973024146 15 2.05306246447743 -0.0263613738436634 0.048010539 19321331.0931509 1.17660018552876 0.734819729723663 36 2.95464169504271 0.0489370988604625 18764838.3555257 0.003928105 18909711.4018456
2 eager_200.dot 19132169434 1.9981552981553 1.23944027889564 12 23.9933512254734 4.07088739894829 0.144878996 10515391.7745093 2.4968121968122 2.87294015184822 26 86.5345751158401 4.32258708485115 5707479.87821964 0.021827179 5707731.56684856
2 chipseq_25000.dot 4807293396 1.09839584318749 0.386889952472327 36 0.902923684398631 0.0359255945813279 33.201988846 210058144.732084 1.08481509523174 0.446360126122143 36 1.59483299623712 0.0885415745369424 279145420.713192 69.073413324 279328277.144327
2 atacseq_4000.dot 2223941232 1.09657464309101 0.119520359628002 36 0.20832552206343 0.0183267313559415 3.416450785 14897339.5282285 1.07768521507168 0.143742653028038 36 0.413909411291556 0.055960343873605 16811407.618181 1.411156437 17019489.1757668
2 chipseq_10000.dot 41366257414 1.09888187731233 0.857605989426079 36 3.61805676695605 0.00125551557411356 5.68315292299998 965213366.106406 1.08570024899913 0.731456618700071 36 2.99985428166666 0.0220941466523491 1050693176.66286 1.54134454799999 1056110464.80305
2 chipseq_4000.dot 4605965334 1.11851454363247 0.319069449186867 36 0.636089228126343 0.0258465580185037 2.145775708 38675496.5657264 1.11204845992582 0.453532184251512 36 1.31764792613065 0.0603428063086443 49956680.4555644 1.160392666 50125374.3750087
2 atacseq_10000.dot 2223941232 1.07662549164374 0.0826792606293182 36 0.145442296203962 0.0210467424351632 11.88090719 36794634.0396863 1.07884449800524 0.134695360284975 36 0.411731059319736 0.0620873605225995 42292263.0000296 8.77840761799995 42405005.3997414
2 chipseq_25000.dot 3793245764 1.10313087396419 0.269641275443061 36 0.540543065607287 0.0196979811990047 33.522709266 259955155.037612 1.11550330300328 0.326311340379102 36 1.05238025494619 0.0447941461575617 321170581.513846 59.6646002550007 321666970.033356
2 methylseq_25000.dot 17027257018 1.45542334392551 1.8699588426454 36 9.43064951982681 5.25638151910055e-05 268.249039514 869905878.923272 1.10720762941122 1.80758630176339 36 25.1907298052955 0.0299305389949601 901532629.745262 221.949577584003 901551773.394327
2 eager_30000.dot 19132169434 1.18018242520479 0.982305683999266 36 12.8522899712185 0.0204354126976106 432.445491865 410445128.060951 1.11981368296486 0.755089023040197 36 7.50953918309909 0.0455753460954804 429481613.059938 222.317143801999 429551785.260002
2 eager_2000.dot 8330435694 1.30798744018558 1.24279548416789 36 24.1139666311235 0.0762383234141191 3.67270307600001 16252780.0240723 1.26167588814648 0.757728660190375 36 4.73129359633361 0.0941758602360215 12853534.8354872 0.591364049 15013761.5357806
2 chipseq_30000.dot 5058052541 1.10948971621927 0.363322965432623 36 0.808124416876794 0.0340727464517747 50.909288109 303561952.342137 1.10461730374156 0.411707430831949 36 1.47752049735593 0.0770388432063412 387571378.492151 108.976486723 387817609.351545
2 methylseq_4000.dot 11897958606 1.46372960261849 1.87708703360817 36 7.44046680538005 0.000406202991104832 4.47360036200001 115572715.073262 1.07453088008643 1.80381887909077 36 25.6458305546221 0.0328818400151237 120784648.208387 2.33899573099999 120786725.412381
2 chipseq_4000.dot 4807293396 1.09668610346676 0.371352813771398 36 0.852936395911126 0.0316194602252541 2.385592502 32839715.6148959 1.10022010876963 0.479729942888015 36 1.62817458510525 0.0754954120342866 40980049.9041315 1.495068919 41033457.0079774
2 eager_200.dot 14754556884 2.08674388674389 1.26078752277547 12 84.1536270623635 15.6027844206591 0.14729659 9307003.81321798 1.8971334971335 2.80367771236077 30 78.764777674975 5.36581187543788 8105504.07534484 0.02413497 8106188.96462293
2 methylseq_15000.dot 22500260922 1.12795951046554 1.23313911608399 36 13.693174999073 0.000748318035144929 111.303931167 529176212.47471 1.08379719648738 1.21624461978345 36 14.286439010456 0.0241571218715596 591076021.589936 43.1613899850006 591089441.602082
2 chipseq_20000.dot 32978181418 1.12435206376851 1.1945214894878 36 8.70468024358492 0.00201129511493941 21.1116871109999 1701748985.03612 1.10494471371347 1.01289011779832 36 5.59411340858904 0.0270707044563808 1710933645.89792 6.31133155699994 1711623850.17991
2 methylseq_2000.dot 6273818718 1.1751051826353 1.20506607229526 36 11.7447791218336 0.00200454244452106 1.588059775 23748505.5001897 1.08841716070631 1.18786149427026 36 13.3107860100432 0.0309700347905802 27841802.5576669 0.494553691 27841799.5654265
2 methylseq_1000.dot 17027257018 1.51722764072162 1.94171926179727 36 6.25391325178728 0.000856020474262097 0.515735407 35228673.5758422 1.12057754828839 1.85661752793484 36 47.0092568299534 0.0455118611928848 41699793.4829307 0.148831860000001 41705292.416829
2 eager_25000.dot 19100037384 1.23012711390288 0.95647175195097 36 11.7038268901214 0.0204717844474948 355.183216677004 355177315.895766 1.12345846169374 0.759367160718809 36 9.25625638630839 0.0690986182511996 402626584.40241 128.174962491002 402748755.800186
2 chipseq_8000.dot 4605965334 1.10454199340367 0.313647593298107 36 0.651218518884576 0.0230069420973775 5.38370299099999 80850025.0847856 1.09894347423737 0.454386330562201 36 1.33304824649629 0.0599600843156365 101971766.598964 4.577097887 102443595.433703
2 atacseq_2000.dot 2223941232 1.12939850902654 0.236092879887185 36 0.399331189353964 0.0121029886265889 1.198233128 7404042.57332052 1.08038193104153 0.194926194988031 36 0.483456344200999 0.0522999138581424 8533980.7919031 0.360668301999999 8574340.80595092
2 methylseq_200.dot 6273818718 1.76934523809524 1.73854197218429 28 2.55486542770416 0.0146357304920651 0.075426967 3221589.83339836 1.27248677248677 1.99654576731937 36 788.064428657562 0.0497483671490696 3514388.74158324 0.009055218 3513044.07600717
2 atacseq_8000.dot 11187378708 1.09757314471358 0.63893710507185 36 2.03458257703912 0.0119585057828983 7.55819839 95506056.6810515 1.07666887830806 0.709445032709935 36 3.31838008974194 0.0434022230563502 112737572.312824 6.20179546799999 112850870.901009
2 methylseq 8885797810 1.83333333333333 1.57313369326144 4 137.037495302763 137.037495302763 0.003053575 1053130.83354009 3.11111111111111 1.50521536393306 4 1.92037419331742 1.92037419331742 1401895.6 0.000276025 1053728.57311272
2 methylseq_10000.dot 22500260922 1.1182758817813 1.23154828674614 36 13.5065241856499 6.53374567540143e-05 42.716096457 351669038.030402 1.07878548244696 1.21078840432151 36 14.4896969061291 0.0293677885783411 407510160.312788 15.598423779 407515840.839391
2 methylseq_1000.dot 6761426956 1.24926690890546 1.8185849189827 36 23.5731580451591 0.001329608303453 0.535159186 15025466.3393474 1.13329508510231 1.76897293173262 36 30.4369588490335 0.0220964215089881 16520242.1613278 0.153958106 16520723.5496487
2 chipseq_2000.dot 3793245764 1.12813590681471 0.282165485634683 36 0.552835095113827 0.0178056617985421 0.963682368000001 20040433.2429554 1.09937715238348 0.340969263447161 36 1.0078337631363 0.0417692683637694 23565003.3739183 0.343978634999999 23801912.0660416
2 methylseq_25000.dot 22500260922 1.13595826125834 1.23317157017831 36 13.6624853567968 1.03757859397258e-07 369.381294320999 878982786.781504 1.10798870676454 1.2249883523057 36 13.6701617127794 0.00941610851550462 909449131.948988 174.759592488003 909463123.852592
2 chipseq_30000.dot 3793245764 1.10559048436967 0.257039044036154 36 0.511433759309329 0.0200587586390124 46.0932248460001 308481791.294856 1.11449478464959 0.328651121560426 36 1.05760001123557 0.0428047916345101 389185432.359194 94.878868566001 390008927.163563
2 methylseq_1000.dot 8885797810 1.34031363549436 1.85721181610895 36 32.7848597094108 0.00279946531193722 0.517754484000001 20096219.1855949 1.08032128514056 1.860589961389 36 42.5124698212069 0.0511084341456947 26626546.1704524 0.151466897 26626668.6038502
2 eager 19132169434 2.02927927927928 1.70079876803207 8 32.1460834794964 28.0379272251803 0.040557455 6510457.09372509 2.50572715572716 2.69236167811236 9 127.024312429297 126.395511711074 6233255.15235033 0.006330247 6234840.89223548
2 methylseq_10000.dot 17027257018 1.45836747397371 1.87360196315429 36 8.55985081277049 -3.71983691221849e-05 32.4036036939999 348113720.20073 1.09882842025701 1.78357177046757 36 24.1744545061567 0.0321507471369745 361249795.343258 19.7163248989995 361258708.633162
2 eager_200.dot 8330435694 1.91087516087516 1.59648852512655 12 171.739765843587 25.3662715060233 0.146460619 5343267.59094257 1.74834834834835 2.19418681065472 28 120.599467195966 0.858726235480452 3956944.10451155 0.024911951 3958365.65571699
2 chipseq_10000.dot 4807293396 1.09357943122041 0.409840725435047 36 0.97504434344382 0.0313981609087362 7.84927463300002 85908961.085233 1.10327922651701 0.465153667686933 36 1.6368571703801 0.0703832045613117 107310352.839469 10.322468539 107484281.879963
