algo_nr wf_name inp_size avg_spread_dyn cv_proc_load_dyn num_used_procs_dyn idle_to_work_dyn idle_to_work_30s_dyn dur_alg1 ms_1 avg_spread_stat cv_proc_load_stat num_used_procs_stat idle_to_work_stat idle_to_work_30s_stat ms_perc dur_alg2 ms_2
2 atacseq_30000.dot 14091675276 1.18561575992852 1.13840213119386 36 75.242952055823 0.695646431882598 50.572457122 14395286753.5586 1.05037082050081 1.13427615793056 36 101.785685933853 1.19425983049055 19891349387.5523 36.8999973960004 19893679117.7992
2 chipseq_15000.dot 41366257414 1.10122833135143 1.4088361137097 36 54.7109458724256 0.060106542757439 13.752836727 24165442512.8996 1.07561292178882 1.24766852544591 36 39.705193286529 0.170354831058804 24749207442.6368 2.73326092400001 24808952831.7344
2 methylseq_15000.dot 6761426956 1.23048597608246 1.79541761742631 36 261.274856180773 2.03294190488953 96.3584576270003 2946063705.81464 1.12040531896419 1.71836557027131 36 477.939917067636 3.97393285761238 5607489947.05268 56.0296589500006 5607493646.39617
2 atacseq_15000.dot 3908761308 1.15477717512366 0.633238402519563 36 5.86237446302593 1.16092774572438 13.194210868 2229894809.83047 1.07939764710596 0.508423856600214 36 11.5757932360826 2.34732338743639 3296180035.88244 14.720780268 3296559367.87925
2 eager 19075314980 2.94594594594595 2.64111281895259 8 0.0296154110999516 0.0515208337218974 0.043354349 43187994.5126472 2.49671814671815 2.80796045047274 9 929.272999813067 929.272999813067 25543577.658857 0.006456663 25541742.7103054
2 eager_1000.dot 25705994498 1.83058931496431 1.80445295529867 36 637.413343007995 0.908110083046218 1.284096661 317378468.342311 1.60873562372208 1.75082609618222 36 629.481905299478 2.05730440138598 318640329.594306 0.240766393 319278163.692212
2 eager_20000.dot 8330435694 1.28090411581357 1.0327597480339 36 141.090457539002 2.22850948503403 223.21845244 3548947325.46901 1.15237753648991 0.329567213591376 36 31.9629571008394 10.9894605703996 4229446894.3651 82.2218641620013 4229447558.01939
2 eager_25000.dot 14754556884 1.24094450068691 1.32535206611461 36 55.6904852208406 0.508095110237837 275.579460369 4103677779.09687 1.10780660241168 1.129204565724 36 87.1165737834771 0.678307457802485 5199267214.48138 147.258707313998 5199879145.09604
2 methylseq_1000.dot 110641579976 1.37390833173966 2.20549226679241 36 4636.84312716955 0.00466268466920946 0.557546592 2699041899.48714 1.12806782686301 2.19938618351273 36 866.864388644414 0.0226618939042358 2674446669.18935 0.132147192 2638478072.87049
2 chipseq_200.dot 5058052541 2.17559523809524 1.12336359975464 14 4.16728812242016 2.03530408441606 0.059335201 25141304.3998218 1.72119472789116 1.34805246510876 25 19.2492624844623 1.77503930318159 21161718.3276361 0.006379275 21170536.129756
2 atacseq_30000.dot 11809629756 1.13809836706672 1.13404911331283 36 63.1474981633135 0.548190564823992 51.5267257610001 7632947285.19806 1.05764958120936 0.997515246479718 36 68.6980062594358 0.911302453793932 10671315677.6209 78.4636405510002 10671689261.2922
2 methylseq_1000.dot 6273818718 2.06449607955632 1.65878435911166 36 147.393940172273 1.81454464571918 0.564687616 117336222.390661 1.20070759227386 1.47063691970781 36 203.754856832018 2.60926524649695 171978400.311744 0.123253136 171980162.854642
2 chipseq_4000.dot 41366257414 1.11420697358197 1.41718964539271 36 35.0590020801076 0.0575656019733725 1.948889695 6332892826.75425 1.06844999209386 1.23929743137828 36 45.6539482077799 0.165570265955958 6626308760.90927 0.207737106000001 6657016483.7688
2 atacseq_2000.dot 14091675276 1.18161831267007 1.21917941179294 36 72.3512179647601 0.682559482593663 0.817350103999999 990489182.42626 1.05278045795996 1.0346930335593 36 116.606079008201 1.3316917688661 1317135473.72679 0.162729807999999 1317164580.64771
2 atacseq_1000.dot 11809629756 1.38183164983165 1.36193956037607 36 50.8993950522394 0.771835707227206 0.466259653 196619141.632069 1.41166741591742 1.18473057992409 36 94.6723537903948 0.915448366672564 280801503.446167 0.103361057 280792550.385038
2 methylseq_200.dot 17027257018 2.11855158730159 1.7976673646827 28 343.563519645511 2.32403629418829 0.077398675 135346185.657977 1.52752976190476 3.12828953656267 36 1929.20269162107 3.38524214627365 156638546.685357 0.010340151 156638967.183048
2 methylseq_30000.dot 110641579976 1.14313820766404 2.19495650506972 36 268.606893684347 0.00118012669556848 632.056222209005 76492666315.7116 1.07358234299014 2.19147833072249 36 277.27001577339 0.0207017248984262 78793274174.5697 237.047438997998 78793277609.2169
2 methylseq_8000.dot 110641579976 1.13929604207382 2.19495607135991 36 268.181666068513 0.00100587480506495 22.970573465 20334418795.0998 1.10883899772789 2.19098635398468 36 274.213583152734 0.0179519098302782 20635860354.3905 9.08773435399992 20635862291.1676
2 methylseq_20000.dot 6761426956 1.23385465297231 1.80282811343123 36 244.532824121222 2.03167444811033 180.110463747 3923942264.63705 1.14977419539248 1.72814977007682 36 475.497028564681 4.01778208373373 7562190827.35668 130.607499714002 7562194920.43244
2 atacseq_8000.dot 3908761308 1.1491730474478 0.603308565162924 36 7.09640300324908 1.40565705038483 5.92633895600003 1179582121.99847 1.06959617551799 0.670011987066241 36 13.9703082710969 2.96600866314591 1665805902.07122 3.795835631 1666917076.23887
2 methylseq_8000.dot 17027257018 1.42476802199024 1.95216437100208 36 283.425899954834 1.59940411910468 20.390877027 4075875378.24555 1.20288741122075 1.82650559451137 36 663.530180458671 4.46983560986758 7686096484.95878 12.2137072839999 7686105324.38191
2 atacseq_10000.dot 14091675276 1.18010162354646 1.15073298503912 36 86.7849050358783 0.675184471455682 6.81306059300001 4873849723.24506 1.06042134804917 1.09411037738796 36 118.011671959768 1.15846252949766 6514034609.52688 3.41095208 6514432488.24628
2 atacseq_20000.dot 11809629756 1.15617299447002 1.13475820513877 36 59.7134211033646 0.550700435219229 35.335051663 5080925250.04261 1.05632916295325 1.02246876431554 36 73.517134019693 0.748420756651862 6977994859.87571 29.2411313189999 6978783274.0206
2 atacseq_30000.dot 3908761308 1.14946397129499 0.599558541716408 36 5.03186493521056 1.02587160476467 35.3174849120001 4544731171.58919 1.06856854373851 0.385869617256989 36 10.6086216394211 2.20520097842317 6631837718.04328 61.7730880140002 6632493824.12097
2 eager_2000.dot 25705994498 1.47573298734289 0.989028941168234 36 486.96105319513 0.920018231687405 3.47709063 663978325.639652 1.2096695827346 0.996786296199431 36 341.391264650798 1.35855178994671 663624284.343938 0.527289110999999 665882998.376781
2 eager_1000.dot 14754556884 2.01578185328185 2.06683467821669 36 692.76471543852 0.496527781322726 1.521620588 181686759.013314 1.69087212382491 1.27912571723818 36 367.065310396616 0.653921088123278 162193414.855382 0.249580244 162609545.998558
2 atacseq_30000.dot 11187378708 1.1421800552258 1.10266161370741 36 49.4646224285244 0.552178230761418 66.8503316560003 7407820558.79464 1.05666881335268 0.981354659923959 36 56.8082301986083 0.868717811419865 10350959960.926 78.9571326550002 10351202389.1296
2 methylseq_10000.dot 8885797810 1.22666368134555 1.82018405465142 36 300.048253843094 2.04088969339683 35.760813303 2572983510.54518 1.10828934748505 1.79184024536802 36 502.789504766763 3.63495057638822 4840085275.82269 19.7399303209997 4840087044.92439
2 atacseq_4000.dot 11809629756 1.18633489332019 1.20323320108792 36 58.2732628210969 0.59742321054044 3.27555278400001 1010085268.12503 1.06954312001169 0.993791247179512 36 73.1645014953035 0.853757627957323 1374873895.66748 1.036631336 1374895527.97303
2 atacseq_1000.dot 14091675276 1.20501073001073 1.42900835946538 36 84.1898138693078 0.690161215108147 0.366696756 488609017.226851 1.06836013986014 1.08553562155145 36 113.405064423806 1.21160472329643 574415376.714219 0.062252409 574634858.776553
2 methylseq_4000.dot 6273818718 1.28884439995551 1.67805881723731 36 120.445794595073 2.03880733143965 4.525180695 471954865.681818 1.09696998585887 1.45681874510415 36 198.59173300027 2.91302838255656 790277907.984158 1.91575714300001 790279029.871759
2 chipseq_1000.dot 4605965334 1.46880896880897 1.11114386021003 36 20.9801452189823 1.01366632461473 0.512289688 232219429.026028 1.16386551482705 0.840301215748703 36 49.284737917282 3.12241276130753 262731281.842944 0.0900023939999999 262787045.58375
2 atacseq_200.dot 11809629756 1.80416666666667 1.42635969581333 17 0.421449544488071 0.424828995094536 0.065771113 8430278.08846086 1.41117063492063 1.67400950166495 26 10.8157431490699 0.438042448641777 5092629.00820743 0.007665398 5158471.09954536
2 eager_8000.dot 19075314980 1.33863068166473 1.32084982951266 36 177.574938343913 0.394622898557548 36.519309851 1878555292.89437 1.12920872550387 1.13105703360035 36 156.780216349287 0.775414766425292 2219128823.51201 8.25219340799993 2219093890.32411
2 methylseq_10000.dot 110641579976 1.09863945578233 2.19501514287195 36 268.886223577036 0.00151224951923594 40.1496147109999 25683296596.295 1.08283154531656 2.19222120775386 36 277.888875891842 0.0165667164059769 25673603694.2894 15.1438190699999 25673605153.1486
2 methylseq_2000.dot 22500260922 1.37280869509785 1.37509924380903 36 60.487551657839 0.0594162373657857 1.36898039 300425323.30644 1.26983330145981 1.45417316516272 36 104.992297093012 0.267893148309214 491468150.507637 0.415366594999998 491472292.671075
2 chipseq_200.dot 32978181418 2.19642857142857 1.24150122247691 15 9.13807162548962 0.19883515482544 0.052235839 231895837.520983 1.21386054421769 2.03336190388197 36 132.853369327589 0.148461105911321 240414087.040964 0.004507368 243502491.749937
2 chipseq_2000.dot 4605965334 1.20043919687907 0.957055258288671 36 28.2785085965125 1.98269512957865 0.957724382 527514059.672426 1.1807701791879 0.522128514069849 36 20.8046975503911 2.61822690487898 654023302.091484 0.317101005000001 654069013.238181
2 methylseq_30000.dot 8885797810 1.23930577522013 1.81977380856577 36 219.305342718802 2.05741070909913 554.994465112 7751494489.32204 1.08497261338401 1.77004811934519 36 512.318272172253 3.9363954629664 14732559103.0098 357.648815003002 14732566518.1267
2 eager_20000.dot 19075314980 1.25061026336563 1.26022041492094 36 107.237336444858 0.378814756424481 168.997535984999 4520791632.414 1.11514443665274 1.10159724588007 36 130.555865020617 0.737950283063789 5453213585.42666 75.4027809860005 5454143259.58634
2 atacseq_8000.dot 11809629756 1.16222808028494 1.18209776901821 36 58.0169547399008 0.54569050415897 11.2265017569999 2057535503.42446 1.06123063951168 1.01122270373832 36 66.3226677918094 0.83141164702018 2665845034.18309 4.13769064099998 2665892048.45107
2 eager_30000.dot 19100037384 1.23672678874797 1.26869566290545 36 105.691875738843 0.384986223819247 657.643748166998 6772977193.71135 1.10769672991209 1.10816141198328 36 117.163451568003 0.730087245038573 8114597714.91361 207.730870626996 8116668662.20212
2 chipseq_200.dot 4807293396 2.2514880952381 1.20182947148009 14 1.09964694553494 1.09964694553494 0.056376215 23880808.9575163 1.67208758503401 1.11919157854024 26 14.4746303002894 2.0891087331578 20098430.3702403 0.006302035 20082336.142961
2 chipseq_200.dot 3793245764 2.13095238095238 1.40885621118155 14 1.77354609084573 1.77354609084573 0.069905022 6082906.24716957 1.796875 1.08967484139297 18 8.44524476311687 0.574898077842627 9699483.85018605 0.0074689 9743876.55144435
2 eager_8000.dot 19132169434 1.31726412793491 1.3237595330756 36 184.022323470847 0.373833176872865 36.927505467 1871278189.20623 1.14447300417372 1.11172952385891 36 140.450861534278 0.77460440511 2157296480.89515 8.26689441700006 2157524938.02356
2 atacseq_10000.dot 11187378708 1.1631852578271 1.14129891707456 36 50.7578669631751 0.563377062724643 12.926840382 2499091262.65172 1.06456383357737 1.00416782521377 36 55.0963552212103 0.785597530047546 3301558951.18611 6.74953036799995 3301557641.60208
2 chipseq_20000.dot 4807293396 1.16393043882482 0.934830814148089 36 28.6653731074213 0.86904458129006 21.079601371 5472715030.96911 1.07703834677002 0.656249442584995 36 36.9932240335644 3.28647461905111 8093525930.08058 33.8502358359999 8093471349.68188
2 chipseq_10000.dot 5058052541 1.22830923253856 0.929310623728991 36 24.8117592973233 1.67090556532143 7.02778101300001 2973808659.17066 1.09774742540251 0.651122001916356 36 45.3376182919442 3.1610608883675 4526333795.60691 7.847974787 4526368164.61379
2 atacseq_4000.dot 11187378708 1.17658840976135 1.18056299811351 36 54.7452332002945 0.577556211290608 3.40928808200001 980285343.492802 1.06183321956462 0.968938301365563 36 53.8349833161639 0.941226272165529 1320547914.54011 1.03433802 1320562920.05951
2 chipseq_4000.dot 32978181418 1.20426608899486 1.76301560910738 36 39.3287187822491 0.094808340063319 1.82860068 7167447092.69392 1.10211359002632 1.5314472869779 36 66.4782665255532 0.257170072521697 7721772763.28524 0.263885298000001 7724268852.45377
2 eager_4000.dot 19075314980 1.5193795807053 1.33871088449006 36 464.462087697582 0.360677431626726 12.24995948 954837012.608321 1.17817828001507 1.08392619472965 36 135.32210442318 0.720347635555078 1051416669.94577 2.148662507 1051678912.67244
2 methylseq_4000.dot 17027257018 1.46643468865691 1.95779711240882 36 294.240998690987 1.61239970640233 7.45226345499999 2055352403.95764 1.19563214007658 1.87605889448883 36 688.804878844809 4.01519185304775 3745541491.46323 2.38477458900001 3745548639.76853
2 chipseq_1000.dot 41366257414 1.18961393841202 1.40030077259855 36 30.4849038960549 0.0564296273097964 0.346028483 1491924718.01003 1.11593161112392 1.2600245333954 36 53.1519337377711 0.157657381946485 1557246089.16146 0.029816767 1563981055.92968
2 atacseq_10000.dot 3908761308 1.15954411586593 0.523933825885595 36 6.31944447068572 1.39116761354888 7.592989349 1457721709.40076 1.06729105015526 0.615092601590749 36 14.2251098598457 3.32563380776582 2143419180.68583 5.87690846000003 2143625207.90737
2 eager_1000.dot 19100037384 1.98672012109512 1.58717503912908 36 858.036799964477 0.373138391850026 1.391398299 232979948.105392 1.49330521504477 1.72501528133086 36 485.398999125641 0.575414023454366 246379402.507918 0.23784398 246686331.313476
2 eager_25000.dot 25705994498 1.23346321510473 1.03968314621982 36 188.333038216753 1.13758235699415 367.568840631998 8604963770.99665 1.11098135250034 0.878887508124131 36 154.195912549815 1.12557302655967 8637220258.95544 109.468400294999 8638930542.09444
2 chipseq_25000.dot 41366257414 1.114302343469 1.41899144199166 36 60.9493441510668 0.0605911720318415 37.6071132550003 40685820175.4244 1.07170288420286 1.23743680317602 36 33.4238162296658 0.17538895828908 41376661578.5077 7.19486449700005 41458954284.9858
2 methylseq_15000.dot 11897958606 1.25858252739758 1.95715431442542 36 188.620765035972 1.33818746252378 88.7378159350006 5427730594.61908 1.11949453742892 1.80267375727561 36 559.616270628538 4.01707611405329 10095621337.3862 49.4914036990008 10095623901.5775
2 atacseq_30000.dot 2223941232 1.15510376156485 0.438136498377088 36 4.1602658645012 0.831913235612497 55.9976593299999 2797454285.65896 1.05902652177752 0.22895297216617 36 6.36228337964534 1.61884616078394 3522644511.14615 68.5613752460008 3522844220.52274
2 methylseq_1000.dot 11897958606 1.36315101676547 2.01765005388796 36 145.376603974868 1.35054953935074 0.602656391 376080927.058942 1.23208707847262 1.96047208963989 36 1029.28884627947 3.0499667534104 651987153.868267 0.149400349999999 651987229.20374
2 atacseq_2000.dot 3908761308 1.24682665643234 0.878793265510603 36 36.1286338166797 2.12957499358527 1.2297467 265468049.0434 1.07109855014267 0.5962001012733 36 29.1016738315127 5.08013991257237 387120520.789363 0.275112552 387140334.17471
2 methylseq 11897958606 2.83333333333333 1.58733757259425 4 840.729672779957 840.729672779957 0.003290321 1656036.46840271 3.11111111111111 1.63367905669426 4 5.31273297300006 5.31273297300006 1840398.26109776 0.000269289 1654836.27456308
2 chipseq_25000.dot 5058052541 1.21249376457709 0.876176018388286 36 26.8021513003975 1.43933224288616 27.6868089910001 7592915548.92606 1.10258536821035 0.587978371292439 36 57.6292505468377 3.75763513715039 11559841873.9734 57.2768177990008 11561253720.5061
2 methylseq_15000.dot 110641579976 1.09772897683228 2.19489536148441 36 268.118065730777 0.00131813149341861 115.976186382 38261952217.4384 1.09829133147791 2.19178461308605 36 276.889906250646 0.0183581454341394 38871988289.7272 40.6173528500008 38871994027.8301
2 methylseq_15000.dot 17027257018 1.40973201841898 1.94884316359298 36 163.425412647637 1.60603283140622 86.1324903730003 7670591039.32906 1.25230554814225 1.78885183157439 36 651.916420430507 4.7587021329231 14352666556.3809 54.153266328001 14352672453.8339
2 eager 14754556884 2.56081081081081 2.63228768334558 8 257.459172947309 257.442716273223 0.043243161 10738927.5114358 2.6972972972973 2.63392190108377 8 28.1557373139021 28.1557373139021 10766191.6005688 0.007171892 10864241.7190956
2 chipseq_2000.dot 32978181418 1.25801887985432 1.79860253201475 36 49.7686822957777 0.0900209861696598 0.741487089000001 3499189464.95493 1.089400314875 1.54482182065404 36 53.4271930891711 0.23382519583935 3615233736.41733 0.0828702970000002 3598060414.88951
2 eager_2000.dot 19100037384 1.66081802445439 1.3806634731243 36 1122.29519296796 0.324491379499352 3.990295663 455067267.889613 1.45132846587955 1.32264230949499 36 238.04854707278 0.629885584338767 499687035.927231 0.620425025999997 499770555.605009
2 atacseq_20000.dot 14091675276 1.18705658322105 1.13864942484173 36 81.8788512038532 0.705339738149051 24.6831392220001 9546011354.9305 1.05320987060164 1.04815290276719 36 109.22846501019 1.28974507464637 13390435766.18 14.5087392709999 13391386462.1816
2 atacseq_20000.dot 2223941232 1.16168859966178 0.409048212173372 36 4.56960480471353 0.898216036911514 25.2606985600001 1825780019.57861 1.06367834077398 0.301555123356635 36 7.05711497042746 1.83500598772657 2296334599.93606 30.3481878029998 2296626380.27544
2 chipseq_2000.dot 5058052541 1.25992085446199 1.05453081943428 36 82.1939141576298 2.13755454502932 1.110804946 589734622.103013 1.1225852865489 0.609785636876824 36 34.2875956872199 4.05103600408297 828821467.018599 0.352106683 828883221.107979
2 methylseq_20000.dot 11897958606 1.25615881273146 1.95829248286844 36 165.557946969544 1.33484335615502 178.002470518 7223409684.52855 1.20377833673155 1.788898130704 36 528.55960220622 3.92346739100274 13242687824.6302 126.968500901001 13242698073.962
2 atacseq_25000.dot 14091675276 1.18358099599712 1.10371722294979 36 70.0299429870981 0.690286285697349 26.8256407790001 12098320132.3875 1.04977845363844 1.126214213762 36 107.644478617839 1.1151624902306 16482513045.9839 25.0689397689994 16482563902.8989
2 atacseq_4000.dot 14091675276 1.18830218438062 1.17933650820999 36 98.2699991676285 0.74033365905455 1.954109726 1969429109.27662 1.05937033972104 1.11037317312238 36 121.300765815897 1.10967964490501 2514255612.68981 0.586045421999999 2514369140.95264
2 eager_200.dot 25705994498 2.91591591591592 1.73973052496906 12 53.5191180356771 19.5630273430588 0.13784018 29005799.9882093 2.47273702273702 1.7155255331095 19 139.651261450294 1.40767157520569 36741985.8306862 0.022121654 33842360.4699957
2 chipseq_15000.dot 4605965334 1.16536327820759 0.801557908801985 36 21.532830619958 1.34147843673948 10.101902699 4262968934.90302 1.0936822116392 0.568986253557855 36 21.9592030294614 2.89326523396742 5206323367.46424 12.811654795 5206821431.65113
2 atacseq_15000.dot 14091675276 1.184765582845 1.13683865430434 36 81.7065441724842 0.708584460327289 13.018388417 7154789994.01381 1.05547276487312 1.04765728473421 36 114.616578122261 1.33903306018428 10118684776.8143 7.68787305699996 10119647929.8026
2 methylseq_200.dot 110641579976 1.62781084656085 1.93201708504287 28 36.6097589383335 0.0376279352421883 0.073822567 713618086.660622 1.67055224867725 2.24722467554265 36 103793.352601793 0.0361225631459722 567471743.712989 0.008609284 557782113.983745
2 methylseq 6273818718 2.83333333333333 1.58134638827232 4 124.622979199669 124.622979199669 0.003239949 1672894.43426037 3.11111111111111 1.65432357254722 4 6.91392294544529 6.91392294544529 1672173.90859781 0.000267935 1673169.11583305
2 atacseq_15000.dot 11187378708 1.14323590312263 1.13142962199021 36 44.766688561054 0.561505206350159 21.876905204 3726005764.02908 1.05768975612868 0.942937329966209 36 66.8789398967644 0.973437471497453 5059708878.63811 15.6008266120001 5059890141.39869
2 eager 25705994498 2.91351351351351 2.63924787059985 8 888.065250196248 888.065280679793 0.040865544 32348442.3835101 2.50572715572716 2.34146698025203 9 1347.31220042767 1347.31220042767 31755208.4878416 0.006518639 31909666.5603512
2 methylseq_4000.dot 8885797810 1.20049017271239 1.82158022709185 36 278.262970068867 2.01868001374242 6.61319708900001 1025820865.07198 1.09820137597915 1.85992038771951 36 519.99807094024 3.16087621667862 1905388518.13603 2.44983324800001 1905389838.45695
2 methylseq_20000.dot 110641579976 1.13930095847866 2.19505956767198 36 269.357954654479 0.00134523870121244 223.358009634 51129324943.5428 1.11208292840949 2.19159502799363 36 277.120031273625 0.0189094918239591 52010619548.6531 97.0986000679986 52010625112.2123
2 chipseq_2000.dot 41366257414 1.1280245993458 1.42871883849053 36 31.6364994318507 0.0579374183381221 0.797316066000001 3114892971.51387 1.08380793784275 1.26083477386203 36 40.5352588328284 0.154058010679832 3227748172.70505 0.0680932490000004 3242593278.4094
2 chipseq_15000.dot 32978181418 1.23046046538324 1.78103692615249 36 46.5126373548118 0.0924913626616329 12.613405199 28032761550.5922 1.10992894660985 1.58436046987954 36 69.6277883523233 0.271397903890553 30023867461.8983 3.185409558 30027655948.8792
2 chipseq_8000.dot 5058052541 1.2045432199723 0.945359168946286 36 26.5146498735662 1.87385029668626 5.43397778199999 2380202788.15758 1.09422177221943 0.629974588305732 36 40.9850082069002 3.29220004639746 3672631991.39441 4.65331763899999 3672614443.77515
2 methylseq_8000.dot 8885797810 1.21152104485438 1.81446898509626 36 293.520994019179 2.03212948876361 22.371363891 2050785421.14287 1.12568719513164 1.78634940415468 36 503.79800488568 3.74416283306368 3904626995.57968 11.9987552560002 3904629122.14614
2 chipseq_8000.dot 41366257414 1.11456889831695 1.42926959723079 36 44.3831629756428 0.0593247258171696 5.880099519 12858833799.9587 1.08405239287881 1.24567387827922 36 42.3580052330275 0.166671297235066 13185431023.1724 0.738080660999997 13275147031.4019
2 methylseq_8000.dot 6273818718 1.26894156060823 1.69660174228586 36 127.777547169653 2.10103308354378 17.028244946 961015338.811248 1.1346604541049 1.48799002409135 36 216.413478625033 3.36044572099626 1690151429.41252 9.61373427199998 1690153015.83707
2 eager_15000.dot 19100037384 1.26675376752779 1.2881369757422 36 123.044293180751 0.380456353128463 107.102552762 3423945112.69807 1.11734137366375 1.13285454607036 36 132.43037600887 0.721072764416297 4084037958.90255 33.6113160219999 4084694603.63568
2 chipseq_30000.dot 4807293396 1.15911071483423 0.946600877253392 36 29.6574585490897 0.915551870163475 40.0945655589999 8225160057.82332 1.0970270173252 0.655867874568726 36 64.8546441099347 3.10125450975274 12413791231.6194 97.1815277200013 12414386058.8376
2 methylseq_30000.dot 6761426956 1.22606185331274 1.79810543430715 36 287.016594535168 2.03539352269914 551.741568623001 5891207145.21661 1.12618010167033 1.71843594945216 36 465.953316827175 4.00640673187043 11269186121.4282 339.367702311003 11269210522.9312
2 chipseq_1000.dot 32978181418 1.2981304219285 1.95738480203495 36 232.329804538952 0.0910870927277361 0.315617627 1705676526.31249 1.1337982263463 1.67200719641899 36 87.6693199729687 0.228395457266986 1733085992.77265 0.030010174 1764026275.57535
2 chipseq_30000.dot 4605965334 1.13868922292608 0.743368030802117 36 20.659237303776 1.23997616131493 27.2989657529998 9158637966.26871 1.08756618607276 0.517824608186801 36 18.5916397722448 1.18101160917335 10835099102.2629 55.5891134080009 10835614979.3463
2 methylseq_10000.dot 6273818718 1.23416509460927 1.69480963662627 36 124.54763169675 2.09742477247699 30.3705073050001 1195441196.12243 1.12592814903741 1.52033385574178 36 215.160546016471 3.56536378909072 2054440743.70425 15.585162613 2054442847.03591
2 methylseq_25000.dot 6761426956 1.23402855568004 1.80032000446949 36 285.004950148033 2.03628659624568 323.177564528001 4913874174.87116 1.15673618890137 1.7313389646738 36 472.725499008265 3.99061334371879 9377970092.07141 224.575408258002 9377974832.66621
2 chipseq_10000.dot 4605965334 1.16563013531999 0.799655948314895 36 19.0137782298302 1.39242394594331 5.75867882000002 2829599340.97741 1.09265979425754 0.517497579230142 36 20.0699177253291 2.92676297622862 3465252955.86999 4.72201182399999 3465991974.45826
2 methylseq 22500260922 2.83333333333333 1.62250934962046 4 1316.42708967118 1316.42708967118 0.003433779 3166466.61697908 3.11111111111111 1.70153835456553 4 18.666250760806 18.666250760806 3881563.53012624 0.000280077 3294940.19420332
2 methylseq 110641579976 2.83333333333333 1.71974467181194 4 18361.4136005108 18361.4136005108 0.003191045 236499974.497843 3.11111111111111 1.72170295599663 4 55.2363487030333 55.2363487030333 204638643.671239 0.000256584 204640173.175802
2 eager_25000.dot 8330435694 1.30443742686344 1.03232528818743 36 150.563007690102 2.13254887493442 404.486395536 4452983237.89698 1.13823959166162 0.302283361214656 36 31.4193028307511 10.5387650853613 5261342217.74474 146.479131215998 5261343884.33173
2 chipseq_20000.dot 41366257414 1.10957287523696 1.42037535403775 36 59.513883129281 0.0610411967829849 24.6866154660002 32488567901.4944 1.08372718879991 1.23644398842899 36 44.1053398841732 0.175357360872385 33128488477.8621 4.40807919499998 33523316632.0954
2 chipseq_20000.dot 5058052541 1.21204309353557 0.893736156102639 36 25.5080671178076 1.55493991532188 18.925883869 6036159662.90789 1.11626928427222 0.641711295665855 36 59.579874721431 3.57917563033489 9259808189.83424 35.0313934960009 9260136465.47461
2 chipseq_8000.dot 32978181418 1.20589304895732 1.7712492906733 36 35.9726430575504 0.0902471112969901 4.69924702700001 14755217768.6748 1.10367802912866 1.51218358842734 36 67.5077797262361 0.268478558946119 15852001605.8478 0.930034458999999 15859689757.0753
2 atacseq_25000.dot 11187378708 1.14261494463844 1.10703602026117 36 51.017415901724 0.542266202626166 43.89020276 6193734975.93575 1.05736468430975 0.932351630613987 36 59.9690181166966 1.01178306960069 8579176859.03255 51.307894126 8579604853.08193
2 atacseq_25000.dot 3908761308 1.15399773597097 0.602120883275238 36 5.64622386770004 1.08095732336894 28.862228734 3776010386.78997 1.06867352626054 0.365838412837499 36 10.4682636972135 2.16749911138516 5523717915.51923 39.3514771980009 5524045460.03302
2 chipseq_4000.dot 5058052541 1.22703462679878 0.977376830486667 36 31.8098209354454 1.65491793769345 2.163795648 1195242806.63372 1.09619128251204 0.692469724816858 36 38.5257534733258 3.20435628184564 1803826536.29984 1.218202014 1803876712.50783
2 eager 8330435694 2.72972972972973 2.63011308313506 8 159.150003922524 159.113328952504 0.041901397 3931208.23179751 2.65765765765766 2.61987147862347 8 249.823070032822 249.823070032822 3492677.43036367 0.006916851 2617992.60195084
2 eager_15000.dot 14754556884 1.29582246098911 1.33207165915153 36 63.9008981102428 0.517589589009812 117.281884996999 2544530982.78335 1.11365838562458 1.15680972421583 36 93.8494217297486 0.707795762860376 3212512002.93993 36.4287970930003 3212761524.80674
2 chipseq_15000.dot 4807293396 1.17644695315812 0.94970422508141 36 33.4152035053913 0.820763716221642 14.172157702 4064414547.46438 1.08418136537918 0.687719629141008 36 45.3364672946266 3.32053831921368 6127438605.34294 17.8796399319998 6127558701.68187
2 eager_4000.dot 25705994498 1.3847756626071 1.01085746270156 36 291.994180169714 0.933705510898458 11.506108348 1394806540.87406 1.13213700147068 0.964189424583209 36 182.621911916003 1.28019510948001 1368782764.68326 1.73722508299999 1369241947.92169
2 eager_8000.dot 19100037384 1.31697426617962 1.34820852239146 36 211.986947476187 0.377625943105613 36.9517324480001 1855290469.26668 1.12682354328381 1.17324564163595 36 148.534051360814 0.742192284334859 2153256784.92829 8.35867729500011 2153460775.80255
2 methylseq_4000.dot 110641579976 1.11950442505998 2.19638137360658 36 279.524855226906 0.00223850227343167 5.3138711 10352764335.5841 1.08952206174428 2.19163292943127 36 278.038644134171 0.0153539976565201 10181694399.2323 1.80425786100001 10181695527.4446
2 atacseq_200.dot 14091675276 1.60468253968254 1.47840222429095 17 8.18974008735409 1.78213676768813 0.059081364 44798535.8467805 1.22352994227994 1.70387812438869 32 55.0468959855476 1.4607989593231 47279102.7530535 0.00746388800000001 47677228.5739155
2 chipseq_25000.dot 32978181418 1.22064273105937 1.78531747838615 36 53.5044308135941 0.0966720971353777 33.8282290449999 47059258702.4372 1.10751084709416 1.56539879634842 36 67.4124128961724 0.272403420852304 50147325513.8114 9.121367968 50154096347.9438
2 eager_10000.dot 19100037384 1.33950017371985 1.31648633187261 36 182.877349112691 0.384777641467634 52.5467309759999 2306579722.13867 1.12894397976194 1.14940051835642 36 138.985495555178 0.769434497563868 2747331610.38004 13.3492786040001 2747728691.9758
2 methylseq_30000.dot 11897958606 1.25274236678799 1.95726285511382 36 221.634933660291 1.33474097702643 503.629101928 10833392976.6597 1.09354747189885 1.77569302487281 36 556.14616049826 4.24005352750048 20658416552.4219 365.080224939003 20658425770.9312
2 atacseq_25000.dot 11809629756 1.14868338435376 1.13889530302867 36 60.8084880116469 0.544615733322867 43.3856775310002 6358385020.29405 1.05827235496408 0.993960770849873 36 71.8584572240715 0.9614486042118 8976451094.53657 48.8398766930001 8977043209.50887
2 eager_30000.dot 19075314980 1.23557577837089 1.26118647474369 36 114.845901924884 0.386678504497255 395.136921424995 6810225780.47172 1.11063553359236 1.0840979123514 36 119.248111105339 0.730699987907676 8150346144.97398 219.223046851 8151887765.65253
2 methylseq_25000.dot 11897958606 1.25628862522768 1.95842455001304 36 143.766404599776 1.33604007682307 332.514838863002 9038099139.16207 1.1574759898092 1.79344857469607 36 545.12301386069 4.02120718377799 16685618115.1758 231.379130954003 16685623649.691
2 eager_15000.dot 19132169434 1.26837770111462 1.31456192981486 36 139.364704549823 0.399072292237773 118.66738997 3550331884.76414 1.12121932644105 1.10178221221221 36 125.822039796149 0.75918118635511 4135304316.94585 31.3482983120003 4135683391.28741
2 methylseq_30000.dot 22500260922 1.19969310475513 1.37952251189158 36 58.7173829074549 0.0561498425004052 599.366308445 4477207063.12734 1.07874207884215 1.45059021577378 36 110.919263450006 0.324655935644067 8671930118.97423 286.531652824004 8671940669.06347
2 atacseq_2000.dot 11187378708 1.27591652628417 1.30114321537007 36 86.3480309287539 0.689229067935942 1.375679142 471970613.813231 1.07399366100707 0.923761711621237 36 53.4149311261752 1.05330036417872 589260382.112307 0.276393822 589309487.418249
2 methylseq_10000.dot 11897958606 1.24973957837103 1.96027401557878 36 302.189061609298 1.33442636221366 35.3301085130001 3611449910.33942 1.15352490202432 1.79322244715818 36 538.614278143196 3.97890794625879 6821254268.48293 19.6074949279996 6821257784.47301
2 chipseq_25000.dot 4605965334 1.12943940027272 0.76179691827874 36 17.992722552154 1.05206512682033 20.8419810459998 7360718686.2544 1.09394345331843 0.5328895084464 36 19.9979634867078 1.90132639206237 8880782299.64491 37.9217935480008 8881622194.17682
2 methylseq_30000.dot 6273818718 1.26069898859014 1.70410223786533 36 133.574673921916 2.14427681263442 423.761111345999 3625174237.79102 1.0889255172969 1.5237786044664 36 222.809052961588 3.90222892022767 6411650225.07425 295.979571499001 6411656532.80953
2 eager_30000.dot 8330435694 1.2490521539465 1.00407808100847 36 55.2669945941713 2.21264959099525 494.508137539 5377961863.35429 1.14317024484155 0.295648816217321 36 30.5789648498898 9.74348106489412 6209658477.62123 221.395598170996 6210157988.04631
2 chipseq_200.dot 4605965334 2.55803571428571 1.50249700106475 14 1.53898327308559 1.53898327308559 0.068263345 5746773.23860014 1.42102465986395 1.5797480711968 28 14.1157797593064 1.84009456763685 19279639.7798395 0.006921837 19221337.1761443
2 methylseq_15000.dot 6273818718 1.22242238235032 1.69671399551476 36 125.30616295447 2.11270056418668 72.286825045 1799912411.90772 1.13009561088027 1.52283241710252 36 213.856265801411 3.66432921495421 3108267098.31181 40.552226298001 3108270146.5745
2 methylseq_2000.dot 11897958606 1.35861700771339 1.99218948041689 36 258.919284588072 1.34794267670303 1.730391224 731819974.545838 1.15173391980621 1.92220954335907 36 612.916439655582 3.03592101294547 1300944301.80911 0.592284247000001 1300945590.64344
2 atacseq_200.dot 3908761308 1.62805555555556 1.6916687897494 16 2.688542363398 1.95793364490345 0.076815855 6048781.95125954 1.49107142857143 1.20441174687997 24 5.55840091059491 0.231840728567301 3146412.71673677 0.00771886199999999 3131261.85036253
2 eager_8000.dot 8330435694 1.36464660650418 1.01771699912779 36 322.814673006154 1.94253259226587 40.7944849480001 1341255574.52364 1.165369749023 0.376555185121096 36 35.8875265388476 15.3853399154717 1732470189.73073 10.3192786479999 1732462826.14256
2 atacseq_200.dot 2223941232 1.57166666666667 1.60620242900792 16 6.51295352756623 2.2721205363322 0.076902961 3752982.71405282 1.43801587301587 1.20968502018056 24 2.71342065694845 0.304615676814092 2319958.94873916 0.00739461499999999 2326395.83914939
2 chipseq_2000.dot 4807293396 1.26644689698487 1.0213439381325 36 68.457494161332 1.58728114990533 1.077142376 486170636.731926 1.08116777737031 0.571572100120615 36 34.9814866826235 4.77692447902669 732119765.762867 0.312524697 732085992.257869
2 eager_20000.dot 19100037384 1.26065258648707 1.29815731178647 36 110.738103405607 0.402017941512443 199.349689441 4646176961.88483 1.11197329007245 1.10959345103062 36 126.299995188465 0.746010643153405 5528767403.32268 75.9065700669996 5529088935.1716
2 eager_10000.dot 19075314980 1.29511371300166 1.30652210192695 36 170.485871097038 0.39599907851874 56.0175900290002 2354066967.95316 1.11985209800165 1.141371759174 36 134.39821859741 0.720581666093385 2683415633.1985 13.996506539 2697629423.47432
2 methylseq_25000.dot 6273818718 1.25410224366059 1.70484485065036 36 131.000230337369 2.14508850135885 241.484684174 3024974601.99763 1.15805957524636 1.51905953081458 36 220.017011423526 3.77526288301355 5207135934.02751 177.528795391001 5207139822.45859
2 eager_10000.dot 8330435694 1.29904060514919 1.09287659637327 36 259.007286338607 2.10738689980944 65.821808695 1756694681.84479 1.16968206577637 0.344928041086501 36 32.0808629339926 11.9884475408591 2165436778.62239 15.9376538740001 2165437019.07305
2 methylseq_200.dot 8885797810 2.55208333333333 1.83038819851977 28 3.47755507542933 1.85038703883835 0.078454516 45590366.3471668 1.2275958994709 2.92311092432974 36 94.3540795116016 1.80171905743424 48444759.9269013 0.01041933 48444999.6238895
2 chipseq 32978181418 2.5 1.32635329359904 4 23.033209905524 23.033209905524 0.006239182 103101720.355756 2.09375 1.56270240455636 5 20.1262408166956 20.1262408166956 117176094.472757 0.000511754 117372053.785062
2 methylseq_2000.dot 6761426956 2.08929368266718 1.87787958655561 36 108.423391085078 1.9290202440434 1.878696006 383334870.432858 1.18248390386944 1.82588093940703 36 534.324014106895 3.56443755895329 690691953.994931 0.603697422 690693141.78325
2 atacseq_20000.dot 3908761308 1.15775329417547 0.547525181926807 36 5.38513678043321 1.08473744290345 19.424070051 2996806997.77132 1.06216231840404 0.375758230358414 36 10.5854344498352 2.09024766322647 4296454425.71452 25.4650253619998 4296793853.93632
2 atacseq_1000.dot 11187378708 1.33331878306878 1.32971209085774 36 43.30683555529 0.625664941083676 0.485722091000001 180185747.919368 1.11928167665668 0.983989057378588 36 51.4514805599261 1.04978265244603 251305958.985859 0.0747202909999999 251352712.40243
2 eager 19100037384 2.91351351351351 2.59486358147981 8 471.380292431019 471.438190996023 0.041637995 27299261.5822778 2.53275418275418 2.82095630587694 9 1397.08725353215 1397.08725353215 27861015.5279566 0.006458928 27948755.8331735
2 chipseq_10000.dot 32978181418 1.21900010234127 1.76276408966079 36 35.959105073126 0.0976544034031846 6.21497065399999 18592043588.2365 1.10584395241351 1.52355419851294 36 68.2545674687318 0.270899024807279 19968571321.8006 1.422402053 19973344990.6133
2 methylseq_2000.dot 110641579976 1.20215783770001 2.20026964213084 36 319.495603670295 0.00195963218999582 1.73711759 5120860622.57779 1.1016924842226 2.19528605015444 36 346.58159941212 0.0199427638997266 5226069840.169 0.406695743 5214417578.10603
2 chipseq_8000.dot 3793245764 1.16807539378073 0.628101274260612 36 7.53184880123163 2.10055620733743 4.46414532700001 1813442360.07247 1.09105774711183 0.449209470091736 36 14.0198401539129 3.09577582033045 2643457274.65119 3.12575586199996 2643770634.68747
2 eager_25000.dot 19132169434 1.24673842033368 1.25561784186029 36 111.267232312666 0.383277130106285 283.149621632 5667970838.18255 1.10800965699191 1.079902624462 36 110.56150892713 0.750024073110424 6754592823.5978 132.103497648 6755088994.30029
2 eager_4000.dot 19132169434 1.48140687706096 1.33570031363584 36 334.096115586994 0.36379731046159 11.5721415 938323542.46023 1.17414495600809 1.17597171008776 36 146.972634232135 0.691780796349889 1073111630.76959 2.005874308 1081064387.3608
2 chipseq_1000.dot 4807293396 1.42801816239316 1.06685596048038 36 40.3189722177584 1.91889131206776 0.456761912 197889921.942677 1.15435939594593 0.758702837690158 36 135.743737359322 6.46696827414449 318576286.636921 0.0929732970000003 318662157.962733
2 eager_15000.dot 19075314980 1.26302407835832 1.27651660539816 36 137.491906304352 0.387537879997494 113.835563606 3457872947.92316 1.12194482903389 1.11712328256592 36 143.00667269883 0.736762773582084 4032999227.18333 33.1706832339998 4033202938.00777
2 methylseq_200.dot 6761426956 2.70138888888889 1.82851127772498 28 3.63408320098599 1.40722823278262 0.080190246 40252539.6160498 1.65054563492064 2.0991055402963 36 42.3951760187242 1.02454781763403 19654683.1025086 0.00986190199999999 29167721.8062854
2 methylseq 17027257018 2.83333333333333 1.59052511572034 4 324.42545505053 324.42545505053 0.003589011 2093957.45682939 3.11111111111111 1.51371404787555 4 2.05419341477642 2.05419341477642 2177575 0.000276216 2097249.83173374
2 eager_1000.dot 8330435694 2.01424147361647 2.11436388300875 36 1008.71111128724 2.92394685773452 1.396378431 136842443.500764 1.334787767876 0.982473323660862 36 209.345986570065 7.59607584323759 152652270.673315 0.233758916999999 167535425.04998
2 chipseq_4000.dot 3793245764 1.16639891816778 0.699340762355696 36 9.8343636658826 2.20353163196709 1.977858633 899620917.198623 1.08905252242516 0.370183098713514 36 13.0099193518792 2.74212604067415 1229590242.21914 0.861654309 1229607706.85618
2 methylseq_200.dot 11897958606 1.72222222222222 1.80106995837711 28 54.8255234125888 1.91954410888435 0.074760324 77641920.8405777 1.6291335978836 2.11661239164673 36 71.2839163153572 2.25978736100488 75269917.2246725 0.010012752 75269951.1253501
2 atacseq_1000.dot 3908761308 1.47349074074074 1.24656095597777 36 25.5881211045171 1.82219470102961 0.512262490999999 95444985.3673995 1.12211851111851 0.786036460864866 36 28.2405548733679 3.15723800631278 128054255.85073 0.0826491069999997 128051015.831915
2 chipseq_1000.dot 3793245764 1.45308857808858 1.02242297906672 36 23.7448707335673 1.45667530815248 0.518045275000001 197296056.696879 1.25556561494061 0.715960025938231 36 31.6807289591938 3.41319321425224 232747785.085361 0.0983003050000001 233017464.58617
2 atacseq_2000.dot 11809629756 1.28996156575813 1.32364593968685 36 114.645177764477 0.572860070210574 1.258659141 494517628.278499 1.06896281542692 0.979334581929101 36 55.1490844670033 0.794400114970695 567840360.949005 0.277289026999999 568423306.757575
2 eager_4000.dot 8330435694 1.43417980393398 1.01127996583838 36 380.38724521771 2.52362887659703 13.260625557 635176425.025134 1.3798444920297 0.323864914601376 36 32.2852019707003 11.8173376164032 940858436.626409 3.30693516700001 940860092.81604
2 methylseq_200.dot 22500260922 2.10267857142857 1.85833350842864 29 11.4126809864409 0.209300680436973 0.07828513 39901437.389087 1.50380291005291 2.09982479844408 36 388.310205914683 0.089838764377639 39250766.0910549 0.009042261 26467361.6158101
2 eager_4000.dot 14754556884 1.51248418627699 1.36152142380561 36 274.442650632838 0.477811639302544 12.842665357 712822733.041455 1.19980069122207 1.20175825698882 36 118.153539431477 0.633687576541028 765205835.671927 2.44195409300001 771646700.59251
2 methylseq 6761426956 2.83333333333333 1.58430424248239 4 89.8479717341557 89.8479717341557 0.003173636 1160310.96048519 3.11111111111111 1.62784395873774 4 4.98927502402282 4.98927502402282 1159135.61990305 0.000268337 1159790.87330529
2 eager_200.dot 19100037384 2.85225225225225 1.82764517341228 12 342.661162358517 342.665991963703 0.141963088 34364214.2455899 2.45772200772201 2.3094584215817 19 325.7560701744 95.9687042823338 28663748.5539035 0.023565973 28641661.3051948
2 methylseq_20000.dot 8885797810 1.24222625558161 1.81873294890188 36 299.608755094827 2.05287302092757 178.230308437 5161301267.96971 1.07681247102019 1.77244838691565 36 519.520240948057 3.89572874650508 9876506423.9262 127.185120179001 9876509612.05378
2 atacseq_25000.dot 2223941232 1.15931503224529 0.424620036002806 36 4.51772182074242 0.84252133850231 38.7004256380001 2304700103.71241 1.0595703158901 0.256801322571907 36 7.07559940162298 1.90936067757774 2944295706.24082 44.1983409629999 2944616182.00911
2 eager_20000.dot 25705994498 1.26677947149628 1.03255203691598 36 217.884208227498 1.14049615763486 247.063128596002 7137999650.5234 1.11134440764251 0.87657705876627 36 141.864434577496 1.133076914601 6879263618.93926 58.7138557630004 6880862022.54878
2 eager_25000.dot 19075314980 1.22738766163441 1.26646905808791 36 104.616368110352 0.391538325555293 285.168482294 5704379693.48305 1.1216061752818 1.08656705083155 36 121.801755286767 0.751692162940277 6802022581.3895 135.812962153 6802444279.69169
2 chipseq_15000.dot 5058052541 1.19894329029344 0.883630683940635 36 26.0646036031448 1.51157407313404 12.425441736 4539467044.84717 1.09962336981325 0.575501539965919 36 45.0617367023742 3.42932013097751 7026516032.46731 18.6701795769995 7026551112.38948
2 chipseq_1000.dot 5058052541 1.46098866411366 1.15346997289401 36 36.5801315192423 1.90753680044207 0.499813953 259182690.009439 1.1171451411836 0.772171755723474 36 81.1587648943991 5.45747144458059 370997866.696445 0.094637893 370993083.906509
2 atacseq_15000.dot 11809629756 1.15255485765595 1.1480516515492 36 58.5603783087632 0.542565327312878 26.111219602 3836955996.8256 1.06183740207415 1.02717097438571 36 72.0994047913768 0.786005272477719 5179849980.78991 15.575316946 5180192096.68395
2 methylseq_2000.dot 8885797810 1.63564575763371 1.88263155244009 36 112.671176970547 1.9586226240771 1.794099877 503862127.94305 1.17253936380442 1.92526296319314 36 602.066033708346 2.85155826017382 964693599.909899 0.624500173 964693942.235919
2 chipseq 41366257414 2.34375 1.20384270627168 4 12.1337821736586 12.1337821736586 0.005461588 89176715.3898342 2.09375 1.39007204173742 5 4.62888765802972 4.62888765802972 92425611.7227642 0.000546974 94185547.6753629
2 methylseq_15000.dot 8885797810 1.22952647832552 1.81018353275555 36 293.555060492358 2.05339660351052 93.4729196060003 3872950297.59288 1.10542402175712 1.76535939614522 36 497.347820953394 3.88576959876001 7320568814.50274 53.4251519550015 7320569000.22573
2 methylseq_30000.dot 17027257018 1.17312110029199 1.93664056540488 36 352.597390761909 1.60201538842745 385.386130388 15310972790.7608 1.10301104568815 1.7541461787645 36 634.548797113316 5.06460720769507 29311792305.7375 346.232236971002 29311806169.935
2 eager_2000.dot 19075314980 1.71275171729717 1.38995021372259 36 889.266092596243 0.360720588940596 4.066752255 475128077.15004 1.39147933807377 1.41472375803719 36 232.00658731305 0.558779142544061 482873997.066852 0.665675761 486510682.526242
2 eager_2000.dot 19132169434 1.69370920627605 1.3669418003994 36 801.776128139612 0.369826495860489 3.88363404 472581001.043273 1.41871355896124 1.35848257484021 36 227.164305208104 0.616304179212037 517374913.152014 0.623875904000001 517963222.655292
2 chipseq_20000.dot 4605965334 1.15766583098794 0.80879852756182 36 19.294758673476 1.26291533944489 18.17212541 5746559039.43433 1.09467811079197 0.531892235120445 36 21.0761157365904 2.73333728314102 7117705391.14094 23.0895917519997 7118267370.00111
2 atacseq_200.dot 11187378708 1.91388888888889 1.41924325838297 17 1.75087090412269 0.357337276159719 0.061656353 5680083.83459624 1.47357142857143 1.53517804324488 22 7.5632030962793 0.466539440907508 4544836.27881901 0.007693375 4515478.17881901
2 chipseq_15000.dot 3793245764 1.16182314312008 0.553198230305528 36 7.24029250924934 1.71107632200573 9.86914343699996 3502812552.72774 1.09509661179107 0.443860558903666 36 14.4862375810391 2.87469791980596 5038243424.60274 11.874526407 5040297622.08129
2 atacseq_8000.dot 14091675276 1.18167034387713 1.14840616359175 36 94.6346297112534 0.705706927312859 4.86509091300003 3877094783.9419 1.06600993797372 1.08210990326497 36 138.809888401211 1.2141035971838 5366807005.25753 2.19085291600001 5366892731.49353
2 eager_10000.dot 19132169434 1.33401457644042 1.30209462960529 36 184.975957286999 0.386756674907576 54.7736820960002 2371950273.85805 1.11993254879473 1.10497182899659 36 135.546599561851 0.761100662112431 2671056830.74352 13.7959765500001 2671274776.05941
2 methylseq_8000.dot 11897958606 1.25397222619445 1.9583771438338 36 301.672637717979 1.33290567975086 21.10302953 2884735376.47195 1.21198182309294 1.82996734716785 36 566.301210716562 3.80794556601849 5342880981.25707 12.10764031 5342883709.50207
2 eager_15000.dot 25705994498 1.24736516918754 1.05136876371093 36 194.227707991556 1.07163872118361 136.873629819 5075648723.80108 1.11412190461093 0.87413493201282 36 145.397652002776 1.1726243848896 5282639122.27301 30.5942150559996 5283973610.15464
2 eager_1000.dot 19075314980 1.9834634959635 1.53412020574488 36 499.950981134314 0.3966933674788 1.455202294 243730323.137832 1.54507672201171 1.6927939017088 36 547.150539025381 0.544103844682126 231265593.071373 0.270618371 232998347.087654
2 eager_30000.dot 25705994498 1.21098262913829 1.05147298024146 36 174.475140570793 1.15041954097299 552.626611955001 10133299930.3868 1.09588453615475 0.880462862488337 36 145.92196346045 1.13337246908472 10337304488.7424 187.746319304996 10338898585.5007
2 eager_10000.dot 25705994498 1.29076427580647 1.02989929854044 36 202.372630307163 1.08918177442666 59.9840972449999 3508520443.41899 1.13900099487418 0.91193442977282 36 183.783643446035 1.21105906303734 3590794566.66823 11.4784311920001 3591717552.58019
2 chipseq_20000.dot 3793245764 1.15098141715396 0.515599291384274 36 6.44081207696081 1.61215774961619 15.9407621650001 4703923571.93326 1.09410434033006 0.414266710551656 36 13.8662734084 2.65842772307951 6822461384.81647 22.7896203889995 6825340167.82368
2 chipseq 5058052541 2.5 1.37054479117595 4 15.959587964615 15.959587964615 0.00633112 3182599.84751159 2.0625 1.58966807449033 4 16.9493537160607 16.9493537160607 3182603.78345696 0.000650726 3191057.36413879
2 chipseq_30000.dot 41366257414 1.10293897095398 1.42791609440493 36 62.9161261013981 0.0606666980878122 54.4945233170003 48852184437.1567 1.07285956242116 1.2445039882406 36 65.5633582308872 0.171037665898758 49567231933.6258 11.1537938159999 49907973093.4266
2 eager_8000.dot 14754556884 1.35824937186133 1.33493407140886 36 82.4997641039331 0.518780434878975 37.77090527 1388676842.21752 1.1297788968274 1.12376869788313 36 99.8261693164731 0.680081016599155 1663244723.46773 9.57997836800006 1663103435.29151
2 chipseq_30000.dot 32978181418 1.23750661175075 1.78310828758 36 35.0987926157414 0.092573181065786 38.1986248119999 56631318734.4539 1.11128459218012 1.57061285820888 36 70.1334716351 0.273152494861781 60286766721.7242 14.3514490029998 60293618308.9601
2 methylseq_25000.dot 110641579976 1.14583412711116 2.19499254999357 36 268.64998288393 0.000923654343262467 394.466864495002 63543827589.6423 1.10177247407208 2.19196605038794 36 279.360730499503 0.0199495457905295 65385571890.564 170.121963362998 65385575557.391
2 eager_10000.dot 14754556884 1.28804092391392 1.3224317402108 36 76.5682488998884 0.486256513025218 55.9671615279999 1713068497.55875 1.14983280876991 1.19291170103556 36 102.22886768699 0.708949898285063 2136714245.66936 15.303460606 2136712477.97889
2 eager_30000.dot 14754556884 1.24185713350099 1.3327294282777 36 64.8626392889775 0.497445979480415 382.860277366001 4910456212.77971 1.10685272441071 1.12383627944553 36 88.1518145626183 0.693308228779716 6348734533.06984 233.703601294999 6349567872.2938
2 methylseq_8000.dot 6761426956 1.19658547436325 1.79938721609989 36 282.204260592496 2.01010683672803 24.290908575 1558453958.0466 1.16912944690723 1.73125530081942 36 477.479651669025 3.96618014303043 2956656175.34837 12.060449628 2956658447.76231
2 atacseq_10000.dot 11809629756 1.16873875064866 1.16902458006145 36 60.7555769019429 0.523654662081206 15.97179027 2566400494.91101 1.06130163446772 1.01996441948457 36 64.8756100263888 0.885599234228574 3477291544.26417 6.52329032999999 3477336073.09648
2 eager_20000.dot 19132169434 1.26659114023234 1.28085603796882 36 122.146726801077 0.401263201239355 191.881167762 4598648816.58183 1.10381630129095 1.0953536223582 36 135.277588355989 0.789737016404448 5617979501.46997 68.3560441760004 5627712490.42937
2 eager_200.dot 19075314980 2.91831831831832 1.75757367405571 12 499.707132591754 135.042816203693 0.146712437 33642563.2704327 2.48873873873874 2.46534519130597 21 1032.44936635088 57.9752180238617 25921314.441919 0.022297456 25912950.608371
2 eager_20000.dot 14754556884 1.2637899129578 1.33498811767356 36 68.048798643373 0.539162187244163 192.643201860999 3401318248.65152 1.11619038250377 1.14309399548701 36 87.6027335042424 0.703078834499965 4213941394.42099 84.3576666139999 4214463902.38738
2 chipseq 4807293396 2.0625 1.5621717359042 4 4.0933265528368 4.0933265528368 0.006236298 2067314.91758452 2.0625 1.53478758073415 4 11.8541080330091 11.8541080330091 2210532.40739735 0.000661849 2216915.56208113
2 eager_15000.dot 8330435694 1.27593676575908 1.10038633690426 36 148.592381917945 2.12286681785021 132.198717332 2616324924.85384 1.13548782781189 0.371061217708922 36 32.2195447511739 11.4653758548984 3072911908.57398 38.1596180639996 3072911671.63937
2 methylseq_10000.dot 6761426956 1.21619600221041 1.79546209963101 36 277.547861629033 2.01826472125749 36.9965294050001 1954628499.29635 1.11135724130924 1.72821386816671 36 477.730702869133 4.07050632383683 3817473994.71157 19.5007314109999 3817478308.36309
2 methylseq_1000.dot 22500260922 1.6049754573851 1.37810961221227 36 96.5022105715339 0.0502871408399544 0.543803955 141736296.332465 1.30075858991522 1.40741789524423 36 90.2426159763999 0.219827650785918 221453386.50637 0.119030529 221454073.103382
2 methylseq_8000.dot 22500260922 1.50451642118309 1.38086483053062 36 59.022640657437 0.0587308700708117 26.393914816 1201471689.47727 1.1855387133165 1.44478312397664 36 103.270687699525 0.3057288962405 2204359888.51478 8.59374173000001 2204367242.70656
2 methylseq_25000.dot 8885797810 1.24042830979943 1.81968927781588 36 301.956615570299 2.05841886306364 324.280428109999 6466679364.17562 1.12925115637553 1.7741818163502 36 507.435870123702 3.87190063427268 12276503009.9885 231.800324047999 12276507040.9685
2 atacseq_1000.dot 2223941232 1.5825462962963 1.32746483635347 36 7.55782928807036 0.471549928440411 0.508564914999999 27610374.1674813 1.12839625189625 0.743094251637761 36 37.7325811605121 1.24587462092266 71414768.1069843 0.0831414100000001 71524916.7209689
2 atacseq_4000.dot 3908761308 1.19105438293551 0.551515121205506 36 10.3494147482718 1.57606374361651 3.016005581 575930121.886123 1.06535824005547 0.48012734957103 36 14.8366507698948 4.5650851413343 802235752.812692 0.955878718999997 802190451.827891
2 chipseq_10000.dot 3793245764 1.13771232944166 0.557996639832293 36 7.13984636079502 1.74706412187545 5.49667350999998 2300453840.65326 1.0956288516204 0.423648649903351 36 13.8277765987291 2.98714511751869 3315870910.57214 5.01450926799997 3316658197.06432
2 eager_1000.dot 19132169434 1.98527992277992 1.57605930478254 36 838.521464866531 0.31605430963262 1.394305468 225802393.509382 1.65998963774699 1.42485616141054 36 367.814512569279 0.659485680528442 246139124.393849 0.197085675 246248574.152393
2 methylseq_20000.dot 17027257018 1.39955744202445 1.94743570524455 36 293.851613542405 1.60172490653449 161.814199214999 10206284737.5604 1.08905228758173 1.75924697014399 36 631.980165334368 4.87158355055218 19171244363.4498 125.723002349002 19171255892.4024
2 eager_8000.dot 25705994498 1.30941944725224 1.03823150281815 36 249.556133501426 1.00719540176764 44.5010995739999 2784303964.14154 1.11070363437752 0.889984066900887 36 182.277348497777 1.18567572741375 2835959193.28012 7.49940983899995 2836065997.29713
2 methylseq_2000.dot 17027257018 1.46552081341238 1.97857992987523 36 228.780559005858 1.61737113829144 1.494675497 1027473094.20889 1.18359150889271 1.93692736068698 36 734.932536972239 3.14871670796681 1794588389.27852 0.584881803999999 1794591358.57358
2 methylseq_4000.dot 6761426956 1.20882787549454 1.80714316210621 36 287.197868853707 1.99501460111173 6.315137982 779655661.998168 1.10305940861496 1.72458065432097 36 457.421109855945 3.96746127845698 1436011292.55505 2.479759528 1436014063.99882
2 chipseq_8000.dot 4807293396 1.19486613177836 0.91017317668483 36 32.9409391178277 0.855265770913777 6.13818160500001 2159940106.62686 1.0840340759032 0.72822272500782 36 39.5684002889564 3.1445517390005 3269490947.51594 4.60269576399999 3269592752.73672
2 methylseq_20000.dot 6273818718 1.25021595939965 1.69999378986843 36 127.903249038068 2.12676374628272 133.244746839 2408034236.09028 1.13172491218713 1.51116317674881 36 211.70352786504 3.69566383291594 4174262092.78881 90.0538461660013 4174265836.66672
2 eager_4000.dot 19100037384 1.50139443740248 1.31791951581535 36 311.801164691321 0.355700366579006 11.449888995 913877078.100162 1.16356626088154 1.22338863217865 36 149.499761014531 0.708191030256044 1053238289.91356 2.13583210300001 1053614814.46743
2 methylseq_20000.dot 22500260922 1.77105524749581 1.38245712721948 36 61.2974454823091 0.0572961181129035 248.372178965 2997007513.21277 1.12245453737054 1.45011124695051 36 110.865737214897 0.325287667419639 5840045233.5321 93.1964126140006 5840058789.80253
2 eager_2000.dot 14754556884 1.7374686273082 1.37951787844897 36 710.302783927134 0.538732990932111 3.929342474 354662255.166339 1.29247603334291 1.24967402124956 36 164.312280404072 0.575851749267128 368544423.813653 0.723878567000002 368626328.694503
2 atacseq_20000.dot 11187378708 1.15531393914212 1.11918480678172 36 48.1191882242944 0.551229876852387 40.2135136029999 4921918768.83887 1.05670029976776 0.95140980890366 36 62.2664423156828 0.845061197588072 6579403171.83112 31.3864853839995 6579437225.11907
2 methylseq_4000.dot 22500260922 1.28734289845401 1.37512986831268 36 54.9002078828742 0.054312890684985 4.80148231200001 588289023.744763 1.21882199659977 1.44389469961777 36 100.788912971119 0.289731111193694 1084293285.88594 1.951422902 1084296813.12009
2 atacseq_15000.dot 2223941232 1.15842083572149 0.402858700228984 36 5.33232081627913 1.20162375161006 17.4587215209999 1339672407.66317 1.07206615832054 0.341241852190109 36 8.16571036219292 2.46559974847138 1740404073.54247 15.5435458299999 1740527928.7992
2 atacseq_8000.dot 2223941232 1.17943874527089 0.455834491783258 36 6.80900649498468 1.24801356946958 7.75003261499998 703801160.737031 1.0707157064268 0.502593769358329 36 10.5451612741367 4.18772396901575 880672751.852609 4.274403097 880865406.973733
2 chipseq_200.dot 41366257414 2.08630952380952 1.23761406022887 16 7.37101608171216 0.096605711162851 0.04908768 242214434.501435 1.55654761904762 1.73910921670715 31 59.6864240734277 0.062827631069585 224107773.604397 0.004742059 224550531.377564
2 eager_200.dot 19132169434 2.72147147147147 1.82938409501384 12 779.804811120928 277.400167688407 0.144584671 31951660.5469596 2.48573573573574 2.44557013374324 21 477.27254723649 39.6861683834519 26338298.7420642 0.022521985 26337861.9804567
2 chipseq_25000.dot 4807293396 1.17212078149578 0.950056725104834 36 30.4248482185909 0.866960633123093 31.4985975629999 6827429747.43622 1.07482442378273 0.621163041213464 36 40.9091156198593 3.3383686338896 10352380217.8953 57.1334374560007 10352730207.9765
2 atacseq_4000.dot 2223941232 1.2302324819788 0.546454291813418 36 15.6593869288026 1.91081610713618 3.917353588 338256053.82706 1.0651465964831 0.470417201742635 36 12.705244252648 4.80535747331235 414729252.491258 1.13094797499999 414888178.10523
2 chipseq_10000.dot 41366257414 1.10432652925605 1.41512667793336 36 51.7215585808344 0.0606454938430275 8.13886093500001 16108206832.4037 1.07900311624466 1.24150999382396 36 42.2460547795989 0.174534192568906 16455820227.9182 1.254106775 16491037778.9672
2 chipseq_4000.dot 4605965334 1.16017816695883 0.876398428004891 36 19.7099479230334 1.82482418449317 1.940939112 1055459174.328 1.10702675207392 0.597092117599201 36 24.3976667376888 2.51173261871223 1326141505.49693 0.981768380000002 1326147755.06996
2 atacseq_10000.dot 2223941232 1.16711897267103 0.464403079726074 36 6.10726292987785 1.12010562731523 10.34052917 885327650.086686 1.07683995814024 0.425569972179621 36 9.89894898385392 3.62089153005989 1111018712.24655 7.06904303999999 1111260454.5506
2 chipseq_25000.dot 3793245764 1.13811577874077 0.553143766403681 36 6.66931751418305 1.81823867025328 21.863698792 5830171935.87508 1.09803272824104 0.464926748968697 36 14.4813628217726 2.74871936349902 8597303578.12492 39.0926286340008 8599654358.2593
2 methylseq_25000.dot 17027257018 1.40434787026243 1.94725507844453 36 137.264601786744 1.60353192994616 309.592536805001 12772682329.2746 1.09657418202789 1.76933134300094 36 636.752300257823 4.95055131590374 24068257006.8995 228.190498947005 24068272396.9528
2 eager_30000.dot 19132169434 1.22180651528633 1.25308808964106 36 98.5745972341808 0.376353342427793 395.408981576002 6753053771.30103 1.10777638715431 1.09199713611641 36 112.164040109994 0.751863508591199 8128228844.14958 217.392861858 8128465918.78725
2 eager_2000.dot 8330435694 1.74124709579255 1.35200426166453 36 657.471199449102 2.65840860136007 3.938690112 301228253.321461 1.29269908077958 0.707737457384595 36 50.5390473334507 18.7319561107664 367323698.786527 0.629797887000002 367438162.864805
2 chipseq_30000.dot 5058052541 1.20876927232484 0.888002732341056 36 25.8540756222515 1.36957904970008 35.7149041730003 8889647809.99225 1.09668366714603 0.607593088530837 36 55.7408651601501 3.35692427093107 13944017482.8594 87.8150347610006 13944028560.9716
2 methylseq_4000.dot 11897958606 1.2851303684637 1.96567443204632 36 120.274780455374 1.34478463887099 4.70098312599999 1454460707.70218 1.13522252411141 1.84128088402499 36 565.217923441457 3.66946959689845 2693359509.22447 2.432270452 2693360988.85433
2 chipseq_4000.dot 4807293396 1.22453476816684 0.952246192617687 36 36.2074967127725 1.21834687220892 2.508576319 1032172224.16801 1.08712405911698 0.73573647684981 36 42.8460221868689 2.90403264796508 1574927813.45363 1.161485519 1574930423.80145
2 eager_200.dot 14754556884 2.70010725010725 1.81361311564689 13 294.80366358301 102.925945272389 0.145012663 14418831.6228429 2.59199914199914 2.56826185896956 23 901.933533170001 39.2672034565271 16363212.7104402 0.023030194 16399427.9416457
2 methylseq_15000.dot 22500260922 1.21657855384839 1.37709464959092 36 57.2564636291226 0.0553232460055494 108.74067614 2229402408.14753 1.15006078937227 1.44951848346982 36 109.357737875326 0.308653073913998 4283623169.35149 36.2745376910006 4283631333.05646
2 chipseq_20000.dot 32978181418 1.2285141850223 1.78745398631947 36 51.988943242164 0.0958560567619904 21.980323539 37573965523.6601 1.1038125672825 1.55584104401864 36 69.031601001025 0.26930207922426 39864988061.7947 5.69664948099995 39869080007.5206
2 methylseq_2000.dot 6273818718 1.51682125326704 1.65861422263128 36 126.767608719636 1.93630825043622 1.484400895 234120420.66957 1.17541594951233 1.46062935072307 36 197.325725797585 2.13305271960194 369094085.092689 0.469355168999998 369095893.699398
2 methylseq_1000.dot 17027257018 1.84160451329126 2.01064861208577 36 144.056961562323 1.61491685551528 0.575258292 526390889.299205 1.15984573213489 2.03618247092918 36 1562.90606237611 2.45017388942414 965726354.248064 0.150081999 965729489.56715
2 eager_25000.dot 19100037384 1.22769325908116 1.27698908120335 36 109.054165663142 0.391475991610615 288.339320154002 5753570477.54871 1.12038592961455 1.10444146347646 36 128.401357441946 0.758218797961314 6840765360.97146 129.456033939001 6841330773.9383
2 chipseq_8000.dot 4605965334 1.1537145750018 0.857594748226678 36 17.2755863335679 1.78125036482927 4.490699416 2161000443.71188 1.0973635657707 0.588594794733331 36 21.5119537906064 2.77841225512098 2751020764.88079 3.30076943299998 2751434983.70669
2 atacseq_2000.dot 2223941232 1.25943885000258 0.899617534435092 36 28.6882329625664 2.12570938997282 1.349656416 140227202.527341 1.08951826586631 0.711326876581067 36 23.0344342167426 4.54045694631563 206247510.271992 0.316990466 206220442.411733
2 methylseq_200.dot 6273818718 1.98462301587302 1.7676308169924 28 3.49841379975553 0.0436445551598539 0.0768466 3297117.78151644 1.4672619047619 1.97182340733679 36 98.2948524274753 0.0719837550120077 3000646.1244742 0.00887438799999999 3000869.11515233
2 atacseq_8000.dot 11187378708 1.1869056607283 1.15462818571608 36 48.3929974410543 0.596051648354451 10.706669142 1982815576.37658 1.05919498420307 1.00699056468047 36 57.4247162462043 0.778946773785165 2580339390.07471 4.11318290600001 2580416714.15439
2 methylseq 8885797810 2.83333333333333 1.58744561846005 4 143.19043615215 143.19043615215 0.003210618 1602136.70149854 3.11111111111111 1.55038350848494 4 2.59383932613933 2.59383932613933 1601677.23265729 0.0002654 1602030.88252155
2 methylseq_10000.dot 22500260922 1.23679948169745 1.37848559073736 36 57.7094829051362 0.0556836265484417 39.623951873 1488905680.17241 1.19355043604746 1.45212347273845 36 109.286197755564 0.310341374173542 2820494213.46687 15.0870251719999 2820497147.33609
2 methylseq_1000.dot 6761426956 2.27758653662268 1.92053532802133 36 75.7119736074249 1.81939401548445 0.676184499 185687890.776244 1.19946452476573 1.81440946441577 36 883.138425179893 3.393186553712 333978489.297412 0.154501599 333979943.766171
2 chipseq_2000.dot 3793245764 1.20405122303857 0.752391105034318 36 19.1428773389774 1.65556235616581 0.930252648 467200060.27252 1.09898369036027 0.451347030591433 36 16.3984627867537 4.60007846877972 581063597.582943 0.262061106999998 581152297.343997
2 methylseq_25000.dot 22500260922 1.60349211429378 1.38122743474898 36 60.5822643813177 0.0556683456610457 405.059230307001 3724356735.26442 1.13483554194071 1.45312800467829 36 111.908107334837 0.323018624931575 7227497848.67536 166.402405177001 7227511741.10893
2 chipseq_30000.dot 3793245764 1.1386950162362 0.565136683835251 36 7.03455922362965 1.94825218698186 32.2245533129999 6999981792.59035 1.09617405981564 0.395447798159492 36 13.778134376846 2.03618816782658 10421055450.5321 57.9174498210007 10423015609.6074
2 methylseq_1000.dot 8885797810 2.55440810862497 1.93066719151739 36 62.7884222762467 1.84190411701677 0.649853172 244172710.072548 1.1593357557213 2.02729057897943 36 1932.2311533731 2.15435461056187 468858294.98244 0.154723403 468858491.522523
2 eager 19132169434 2.94594594594595 2.59592856582849 8 18.4371474552568 18.4238255193839 0.044127673 28325274.6577945 2.49671814671815 2.81107571880416 9 672.845860800715 672.845860800715 25371404.1014306 0.00642569 25322180.3001917
2 methylseq_10000.dot 17027257018 1.40289131525626 1.94974413114121 36 256.412319923253 1.60133064061277 36.556823149 5102737295.08167 1.1521799195869 1.80606947262791 36 656.539002942343 4.68221606464107 9641113087.07442 20.2081534279996 9641117172.07042
2 eager_200.dot 8330435694 2.67987987987988 1.72081560671738 12 23.8276474335754 23.8023034787645 0.150282972 5480125.72753983 2.48554268554269 2.40646407408035 20 330.28358362486 36.8125185239569 4275389.33107148 0.02393794 4276106.78219161
2 chipseq_10000.dot 4807293396 1.17849310776943 0.925089763522962 36 27.1715542828896 0.936174267166121 7.37830721000001 2666659378.36553 1.08083798250622 0.666210248940162 36 50.7327811317789 2.95734692551404 4027965266.85645 7.48475040500001 4027943174.62739
