algo_nr wf_name inp_size avg_spread_dyn cv_proc_load_dyn num_used_procs_dyn idle_to_work_dyn idle_to_work_30s_dyn dur_alg1 ms_1 avg_spread_stat cv_proc_load_stat num_used_procs_stat idle_to_work_stat idle_to_work_30s_stat ms_perc dur_alg2 ms_2
2 atacseq_30000.dot 14091675276 1.10239040593923 0.980091210067037 36 10.4598743534956 0.145367202470498 27.630546918 1959662006.50767 1.04911083984485 0.740772306104406 36 10.6930588605863 0.314047724495011 2387195640.26732 41.340575336001 2387195640.26732
2 chipseq_15000.dot 41366257414 1.10942571097516 1.0793476190516 36 7.89194951905945 0.0233035117544088 10.465181181 3455947633.62959 1.08549697554808 0.989514744539775 36 7.81198898122966 0.0745961040584554 3598988778.21128 3.45757515400002 3598988778.21128
2 methylseq_15000.dot 6761426956 1.39260403031421 1.78139085959763 36 35.2764313048556 0.117532025040364 117.211916303 380658922.71628 1.09794078649166 1.77444800766916 36 57.8110099750781 0.319566101173254 650066466.909746 55.4999264950012 650066466.909746
2 atacseq_15000.dot 3908761308 1.1149011799747 0.293001044714266 36 1.32211318167168 0.348127118486127 14.825478874 282740345.346253 1.06383157175846 0.315652515011974 36 2.88466743597327 0.4855727470998 370584355.232615 15.2777536649999 370584355.232615
2 eager 19075314980 2.56081081081081 2.52592781849269 8 71.1425862877438 71.1425862877438 0.040428552 6565870.77368309 2.52374517374517 2.93974020327489 11 155.348042275965 123.98077251352 6621707.17758513 0.006165968 6621707.17758513
2 eager_1000.dot 25705994498 1.6059286996787 1.74882305622614 36 153.703766136426 0.164355061267736 1.245206113 48845045.5804924 1.33448238292472 1.10650823801125 36 50.4086297279084 0.186170804427061 36605102.1399075 0.214776662 36605102.1399075
2 eager_20000.dot 8330435694 1.22753143819243 0.788792962620538 36 20.1065364214829 0.377450136658669 203.639782599999 416908000.486472 1.1173450915642 0.225008911265564 36 4.84563808314162 1.27714769095331 424995209.192587 89.0661017270008 424995209.192587
2 eager_25000.dot 14754556884 1.21951478002789 1.06805889262343 36 22.857609937191 0.129667777060846 309.654446769998 673547839.23572 1.10425368867498 0.771089820026505 36 14.7232147248419 0.179399900686933 692870897.719711 149.580160315998 692870897.719711
2 methylseq_1000.dot 110641579976 1.31766749537834 2.06334724556151 36 684.990486043542 0.0013794294521618 0.533096551 452936639.400813 1.17731242430038 2.0266234825302 36 109.205387033031 0.0086459927791134 442586078.092593 0.120963935 442586078.092593
2 chipseq_200.dot 5058052541 1.92559523809524 1.13638698161805 14 4.00909478478586 1.0652057094113 0.056376961 7938119.27565636 1.57918792517007 1.31903961776264 28 2.86141599056857 0.218690926205249 4652604.86892608 0.006447909 4652604.86892608
2 atacseq_30000.dot 11809629756 1.12890400500169 0.726813659526552 36 5.95275809781364 0.157893381666513 67.0454724430001 914096410.450846 1.06173529484361 0.640655480532463 36 8.49324487528187 0.324637825666679 1213514891.78708 78.5967984270004 1213514891.78708
2 methylseq_1000.dot 6273818718 1.33438515968636 1.28412631130607 36 30.1907335770826 0.099872707013916 0.519288771 18359211.125156 1.21815834767642 1.24227797868276 36 21.2428484276997 0.142078464442217 21054855.3852763 0.125080799 21054855.3852763
2 chipseq_4000.dot 41366257414 1.11230711112786 1.07984970149597 36 6.96298379868812 0.0179466954524161 1.722730808 901300036.023845 1.07699739332994 0.992245411578565 36 7.76621322383362 0.0733454215654141 951645118.099432 0.337121357999999 951645118.099432
2 atacseq_2000.dot 14091675276 1.11031500498412 1.0534823411568 36 10.6085723337212 0.217357074413842 0.744553376999999 140110734.728835 1.04386355559943 0.669150801669583 36 10.8417325306263 0.31201839348526 146979018.95645 0.172120133 146979018.95645
2 atacseq_1000.dot 11809629756 1.22462686387686 1.30365757970568 36 12.1389189069401 0.127904603557709 0.45246541 27129160.9280874 1.09305031080031 0.766666332871506 36 7.34846189612255 0.21783715022814 29516421.9889514 0.0867835630000001 29516421.9889514
2 methylseq_200.dot 17027257018 1.72676917989418 1.80276564674728 28 8.24166055582289 0.153056801583879 0.072743799 16006553.4523115 1.81729497354497 2.00129934140434 36 643.987796056515 0.242368767415761 13857943.0918712 0.007737749 13857943.0918712
2 methylseq_30000.dot 110641579976 1.09250790263199 2.01672709946867 36 45.9595813279855 4.25709970078039e-05 615.339687696003 13248228412.6773 1.0875434830017 2.00692974540371 36 45.8643198472135 0.00768355694976314 13234634739.6317 255.258934444996 13234634739.6317
2 methylseq_8000.dot 110641579976 1.10371085371085 2.01750876550929 36 46.0538979211704 0.000165976237549011 25.289021799 3538063853.09369 1.08387752832197 2.0080922044471 36 46.1547080836321 0.00767064034431186 3527224237.11622 7.94368615000003 3527224237.11622
2 methylseq_20000.dot 6761426956 1.38569634202889 1.81356087233298 36 11.816124524384 0.117815414021905 183.188036697 507738038.755298 1.10024565381711 1.777208818506 36 59.234365861631 0.326690471988285 880489428.189672 131.793416784002 880489428.189672
2 atacseq_8000.dot 3908761308 1.11810333616647 0.31544383969786 36 1.52019730329533 0.371967632359062 5.95743240600001 148108954.741757 1.06816059939716 0.300616523100745 36 2.91995644396206 0.493839671224601 188277698.533114 4.23420529599996 188277698.533114
2 methylseq_8000.dot 17027257018 1.39821766210655 1.96846835365055 36 9.63218162069983 0.10336585792741 21.669341961 623114618.852522 1.09703552759108 1.79060128867051 36 74.6734796542874 0.43017938302378 869313135.141272 11.7305731049999 869313135.141272
2 atacseq_10000.dot 14091675276 1.10744169121065 1.04767301513312 36 13.0728550965957 0.218835644102984 5.94962375500002 702105201.677239 1.04781000494179 0.720454208241515 36 10.3890418371434 0.310118054679186 780458835.042534 3.58386099900001 780458835.042534
2 atacseq_20000.dot 11809629756 1.11492386484127 0.717674499870754 36 5.93920195499685 0.158780507881705 35.825980328 605770642.950027 1.0600974068058 0.685128771258721 36 8.48478812396736 0.262069877768568 805867366.675966 30.7285692429997 805867366.675966
2 atacseq_30000.dot 3908761308 1.10690836928454 0.277555855898963 36 1.21922179218912 0.378534912421916 39.4570616070001 563476696.90443 1.06057011560292 0.317671560938212 36 2.84367583990831 0.451647367521755 752259081.490921 71.4869031600009 752259081.490921
2 eager_2000.dot 25705994498 1.4294115469038 1.1299124896351 36 59.4561554780831 0.179944262349465 3.491803519 92395121.025911 1.18422068963864 0.880731034856184 36 24.1385322596582 0.237272148749046 81447873.1320946 0.583429425 81447873.1320946
2 eager_1000.dot 14754556884 1.6384349040599 2.13582054421245 36 106.86921965779 0.172406002922948 1.606176005 39230684.2957073 1.55777593576549 1.22072342523962 36 23.0605280078329 0.087110612975079 21989934.9927311 0.191422218 21989934.9927311
2 atacseq_30000.dot 11187378708 1.12998440476425 0.697150402910021 36 5.11650074392526 0.139107449213517 64.8188767239999 912678046.353319 1.05964901066853 0.651307965617765 36 7.39966665958972 0.246134734259258 1212668930.08399 77.7899558110005 1212668930.08399
2 methylseq_10000.dot 8885797810 1.29326174914411 1.7981381855982 36 41.3625053545483 0.152252761798527 46.566527486 371950322.035699 1.09931115303266 1.7935506507789 36 59.9718217969589 0.31025700990719 557553726.871651 19.8501920599994 557553726.871651
2 atacseq_4000.dot 11809629756 1.14814308804901 0.835449124233114 36 7.24796201917703 0.146303106780975 3.18516600199999 117703150.624998 1.05193663913567 0.7016327916447 36 7.91724062666539 0.287821576488903 155787110.703235 1.132824231 155787110.703235
2 atacseq_1000.dot 14091675276 1.1302281052281 1.03612352463256 36 8.77642879319011 0.161794811818687 0.343094779 64345241.2318031 1.04572509516627 0.731558432132965 36 8.92348107867996 0.284912197276976 66796319.3427111 0.062132512 66796319.3427111
2 methylseq_4000.dot 6273818718 1.1714373103262 1.30859729111312 36 18.6769878755194 0.143204632246772 5.81648914200001 81101682.6561138 1.10044965600521 1.33063518445677 36 25.5437127303723 0.251108565597604 102632553.158045 1.998780838 102632553.158045
2 chipseq_1000.dot 4605965334 1.11933312414082 0.724305907445793 36 8.64817177890157 0.261511392581666 0.493169259 32009652.0186182 1.09308479981557 0.533266772903187 36 4.58694020818447 0.344662674165595 29772161.9123107 0.0950083890000002 29772161.9123107
2 atacseq_200.dot 11809629756 1.29677248677249 1.24988862405539 17 6.66436158742443 0.302288493556258 0.063403783 3774028.2171628 1.25666666666667 1.44713418796353 34 7.3677428750379 0.0762371002619029 2831475.7631415 0.00711649399999999 2831475.7631415
2 eager_8000.dot 19075314980 1.26949635546125 1.15295507159709 36 38.865268856403 0.132199709076523 35.0297122980002 267323799.166414 1.13490296281834 0.836441579635178 36 20.1174099511887 0.200788936944189 260563138.669661 7.61714374699996 260563138.669661
2 methylseq_10000.dot 110641579976 1.12527074321793 2.01702478364958 36 45.9963154334479 0.000136341482387713 48.225098312 4424456302.1191 1.07452028430422 2.00469848383923 36 45.4086814334025 0.00777482033893799 4414151430.24394 13.5830390389999 4414151430.24394
2 methylseq_2000.dot 22500260922 1.25701217568687 1.27107813013937 36 17.8955593242487 0.00087423630882717 1.413863178 94407727.0504904 1.13171734557276 1.26085774559854 36 19.1108205900341 0.0409205410319341 100575100.710952 0.512198746999999 100575100.710952
2 chipseq_200.dot 32978181418 1.31611394557823 1.10077542000126 15 7.58221632125681 0.171369682256674 0.048361968 39568038.4855645 1.16847363945578 1.67124228077213 36 19.4509334892426 0.0511768327468496 31778857.2064023 0.004015248 31778857.2064023
2 chipseq_2000.dot 4605965334 1.09563932902541 0.471694507318558 36 2.89810549811101 0.387808705657452 0.887365990000003 64297928.050247 1.11879187531878 0.50573960928189 36 5.00875727920629 0.41778679296384 72976862.5205043 0.311727944999999 72976862.5205043
2 methylseq_30000.dot 8885797810 1.38182733410822 1.79129423998713 36 37.4186601363445 0.120489538124728 612.421050918 1001287014.34549 1.0991094850639 1.80158383906528 36 64.822248281711 0.3381975239088 1763873263.0505 374.455518953001 1763873263.0505
2 eager_20000.dot 19075314980 1.27117637307979 1.13235008367153 36 30.0585620990285 0.158095351599396 203.972410357001 671895112.786126 1.1127464897332 0.833071021266488 36 20.5991672294086 0.207735448771925 667482224.523664 73.2251008040004 667482224.523664
2 atacseq_8000.dot 11809629756 1.12169660381731 0.742295258962831 36 6.25186566840195 0.155976742467131 8.76466700500002 241193910.386765 1.07458359411194 0.76823331395503 36 8.55811701302297 0.275006426446825 303582653.593453 5.51700493899999 303582653.593453
2 eager_30000.dot 19100037384 1.18765889771649 1.11423293592051 36 26.6335731624099 0.155389057829398 556.893361299006 1007336676.96725 1.11484928007188 0.836022656771726 36 20.4812485345534 0.209073222837321 1008932050.54779 214.353371534001 1008932050.54779
2 chipseq_200.dot 4807293396 1.8735119047619 1.09909356162058 14 4.27655873741216 0.922695444680554 0.055940504 7093437.36381893 1.52742346938775 1.23470822503098 31 6.24637200412531 0.251160128906069 4172003.9543121 0.006312928 4172003.9543121
2 chipseq_200.dot 3793245764 1.5499574829932 0.854688142493214 14 2.72531164378531 0.350205496914976 0.059232771 3891093.17083777 1.26328656462585 0.867079263870329 36 3.20088947214951 0.0392710909355786 2940009.5076098 0.00703983200000001 2940009.5076098
2 eager_8000.dot 19132169434 1.31361685946823 1.13968366585674 36 37.2210578136195 0.136354044203925 36.4021406730001 266703905.359571 1.1565141751829 0.822722983064001 36 19.0773121008562 0.202820320498895 257740262.943765 7.93890546900002 257740262.943765
2 atacseq_10000.dot 11187378708 1.12764971586851 0.72336683674611 36 5.3666671943182 0.142250023282064 12.547459902 299633687.640745 1.07457769812866 0.759342325134143 36 7.71950885678092 0.228373414349569 387615450.229896 10.093538011 387615450.229896
2 chipseq_20000.dot 4807293396 1.14438892745759 0.495359048709652 36 3.36107928338971 0.365317006320716 22.1179181690001 653128558.483444 1.08368898909807 0.562173033327234 36 7.28053185050224 0.704399890375405 870664882.992487 40.1838858560004 870664882.992487
2 chipseq_10000.dot 5058052541 1.17704465542812 0.654336329809298 36 3.31521043274304 0.415639828333431 6.89015872400001 374655376.025393 1.10227078424917 0.489628137806701 36 6.25371256050564 0.704905013404301 495836379.365594 8.26077904799995 495836379.365594
2 atacseq_4000.dot 11187378708 1.1414366238977 0.797877688722795 36 6.28904704616509 0.131150336076429 3.16458635 118261760.76237 1.06031181369092 0.70227595873239 36 7.16484342876559 0.250667662290235 151631389.166091 1.285777317 151631389.166091
2 chipseq_4000.dot 32978181418 1.14344925252944 1.3806628279981 36 12.1412491595642 0.0326609789954894 1.59208935399999 937489959.016217 1.0781213021779 1.1000923551567 36 12.3485555906916 0.1314550685853 958293585.732585 0.290083768 958293585.732585
2 eager_4000.dot 19075314980 1.36978193660649 1.10619205054766 36 41.6185896960516 0.133478218326674 10.506613762 132514976.732409 1.17223967997038 0.944720895541131 36 24.1364546817956 0.179842323392852 128361353.602178 2.031601747 128361353.602178
2 methylseq_4000.dot 17027257018 1.5037895037895 1.96924281189633 36 9.89922661165749 0.105106567348161 4.98047951800001 314213577.7681 1.10888666444222 1.80324195330981 36 75.6692641920017 0.418359648344559 431376123.336173 2.477835613 431376123.336173
2 chipseq_1000.dot 41366257414 1.09970331484755 1.07655759409744 36 7.5905295679346 0.0181617596327403 0.32582747 217102570.003196 1.08177853129776 0.96943441479589 36 7.67421967168198 0.0704535289313475 226611416.461654 0.0485764369999999 226611416.461654
2 atacseq_10000.dot 3908761308 1.11358475253812 0.324785426035184 36 1.53511487916139 0.375865996274293 7.905321232 188619124.160865 1.06489706524031 0.314139945602352 36 2.90509910290878 0.490164418648639 239189672.880894 7.509297529 239189672.880894
2 eager_1000.dot 19100037384 1.73348543348543 1.8431037351976 36 162.123983977364 0.168365079632655 1.544554286 45397261.1742489 1.53619831823199 1.27574436561054 36 33.1307085022926 0.121617766737805 28603915.9149774 0.194994714 28603915.9149774
2 eager_25000.dot 25705994498 1.23320278348602 0.992980822699086 36 40.5421619301999 0.193507966683913 358.149650060999 1175737918.8326 1.1042095841977 0.693405517175833 36 23.9271246706831 0.251611061427723 1155801115.09017 110.514068950999 1155801115.09017
2 chipseq_25000.dot 41366257414 1.06992100221265 1.11566779063361 36 9.2903987878687 0.025168826495788 31.2701358669999 5852887643.89458 1.08512717366881 0.955817042351852 36 6.89320520552464 0.0750178704858832 5988839662.71468 9.26019700199989 5988839662.71468
2 methylseq_15000.dot 11897958606 1.43642533074079 1.96089615565756 36 9.17749873307751 0.0805232017440798 93.0048247249999 891897538.870004 1.08999898331366 1.80019368379327 36 64.5098850027281 0.338653389743413 1156878783.62511 57.4562710180013 1156878783.62511
2 atacseq_30000.dot 2223941232 1.11531774997195 0.244926877815747 36 1.10768176191858 0.332352510063115 52.3578674249999 342441725.780518 1.06409988797329 0.201602726373515 36 1.96103060546753 0.451082080736702 408967982.660466 79.710154908001 408967982.660466
2 methylseq_1000.dot 11897958606 1.61340600497227 2.01714886236221 36 8.42578995344293 0.0811399978272888 0.529640215 59855926.5918693 1.16806910180404 1.82146843634191 36 65.6093935475067 0.306590961813868 73956825.481759 0.178790543 73956825.481759
2 atacseq_2000.dot 3908761308 1.16685928450634 0.581980520189919 36 3.41940948292963 0.271872462433645 1.169290941 35192061.059406 1.06316208474873 0.315206813734453 36 2.62334373999786 0.537183412128457 41596854.9351892 0.316604561 41596854.9351892
2 methylseq 11897958606 2.83333333333333 1.5873381951677 4 116.886119467806 116.886119467806 0.003210348 1840539.78778188 2.83333333333333 1.84407275080525 5 1288.78489766982 1288.78489766982 1840539.7875 0.000272446 1840539.7875
2 chipseq_25000.dot 5058052541 1.17744217744217 0.623619946015847 36 3.17932153392876 0.418468885901461 29.0563212029999 934342207.871528 1.099652021527 0.475363342696811 36 6.01501927928461 0.621807472884421 1281351289.09777 62.9827113270014 1281351289.09777
2 methylseq_15000.dot 110641579976 1.11340712781869 2.01687817324547 36 45.9800816774521 0.000121363109624552 129.221401091999 6632338538.20157 1.06802796734745 2.0067514210032 36 45.8186269083856 0.00765862618655964 6613826903.81285 34.6768552850006 6613826903.81285
2 methylseq_15000.dot 17027257018 1.44638250282766 1.96361164921416 36 9.86436749164119 0.104398687094715 93.4154287490001 1173353852.10396 1.08872600726086 1.79267844240457 36 75.9707630620145 0.438198788309544 1642797913.60181 54.3791624400009 1642797913.60181
2 eager 14754556884 2.56081081081081 2.60738181310469 8 54.4464789648578 54.4464789648578 0.040727164 6409336.57964333 2.52374517374517 2.78568271697875 10 98.608486292898 96.936492581434 5773304.72406634 0.006210464 5773304.72406634
2 chipseq_2000.dot 32978181418 1.21467963734578 1.3460495389669 36 11.438406275439 0.028912493133992 0.677793503999999 451669819.683785 1.10185674030611 1.05943166223064 36 12.1771553222664 0.128388799144478 467097035.580271 0.0903751190000001 467097035.580271
2 eager_2000.dot 19100037384 1.50646220336622 1.28981929759469 36 58.8424808547949 0.126051381723497 3.689560332 70521729.7285411 1.35004020282658 0.952443659413889 36 23.599085553391 0.158284674270604 61279728.3388877 0.627565871999999 61279728.3388877
2 atacseq_20000.dot 14091675276 1.10337164524247 0.948111655716097 36 9.12747752925781 0.155378842628699 16.434497692 1275938470.23052 1.0496345353785 0.719990132183727 36 10.7987996522742 0.314330303577454 1584407508.5059 16.1514539229997 1584407508.5059
2 atacseq_20000.dot 2223941232 1.11778368334117 0.264134885108915 36 1.18975446779408 0.341302583438818 28.6961863879999 225274263.905323 1.06402281337941 0.177726074672359 36 2.03821588505127 0.468237350249481 264102521.480571 34.6084848690004 264102521.480571
2 chipseq_2000.dot 5058052541 1.20944963528033 0.742394265072119 36 5.01868998313107 0.41106233704822 0.903793211 72530722.1919912 1.10621307753428 0.479879235784343 36 5.72264164133651 0.690099962968756 89074423.9268527 0.349950813999999 89074423.9268527
2 methylseq_20000.dot 11897958606 1.57905384375974 1.96201502529087 36 9.28830665048122 0.0804652208358084 197.178353481 1188817910.17831 1.09302212948675 1.80057406587787 36 66.5160861592153 0.35234915600108 1585628076.54271 128.583291656002 1585628076.54271
2 atacseq_25000.dot 14091675276 1.10725908091601 1.04335623763553 36 11.4974050457692 0.223330001608329 22.2820118320001 1759900260.34729 1.0479630728812 0.728995189301077 36 10.7319289014192 0.314725248527036 1984492165.23117 27.1843264899997 1984492165.23117
2 atacseq_4000.dot 14091675276 1.09161922136079 0.968098244311484 36 14.5776090904346 0.154114109379897 2.16857646799999 247561752.336546 1.04834080686337 0.712307801976126 36 10.4649102756076 0.297190505092366 306004424.100919 0.59246979 306004424.100919
2 eager_200.dot 25705994498 2.27863577863578 1.57282368114341 13 93.8318611364762 5.82497439059802 0.141978797 13470995.099435 2.48316953316953 2.49601415882108 28 74.3546049394911 1.64337773435091 9063792.31491788 0.018854331 9063792.31491788
2 chipseq_15000.dot 4605965334 1.12427801573773 0.462554360820487 36 2.42003190028854 0.399499449756343 10.273370982 497876904.042696 1.10773855908975 0.500278420443206 36 5.11967478783299 0.427816274757912 622427268.298337 15.955426394 622427268.298337
2 atacseq_15000.dot 14091675276 1.10446461868556 1.00372102439225 36 12.2074658866844 0.134646347538251 10.769971763 974991082.438522 1.05181514172781 0.724066629214395 36 10.5576326480982 0.315668183759488 1186362948.67076 8.70302797299991 1186362948.67076
2 methylseq_200.dot 110641579976 1.71626984126984 1.83701324416718 28 1815.05433986299 0.0140492030114 0.072554485 100743003.328706 1.69560185185185 2.10896670346148 36 3393.54265734388 0.0116879390865252 87273951.5524369 0.007858145 87273951.5524369
2 methylseq 6273818718 2.83333333333333 1.58134638827232 4 73.660273934109 73.660273934109 0.003168319 991875.362891611 2.83333333333333 1.83781418135881 5 957.882848348086 957.882848348086 991875.3625 0.000274403 991875.3625
2 atacseq_15000.dot 11187378708 1.11582327041645 0.674057422540369 36 4.988048189082 0.139551100370388 21.8846287979999 446691768.879082 1.06818133136251 0.704439383831263 36 7.67678207207336 0.281783426499322 582541959.266891 21.6248764260001 582541959.266891
2 eager 25705994498 2.67027027027027 2.61237594633586 8 78.0523067398211 78.0523067398211 0.038523734 9583515.5302666 2.48513513513514 2.64686152967218 10 112.700778713877 112.700778713877 9063792.31491788 0.006158853 9063792.31491788
2 methylseq_4000.dot 8885797810 1.42488123043678 1.81892899604626 36 34.0859851544163 0.116399918829522 5.056790822 133061343.842387 1.10142285142285 1.80370259854641 36 59.4493084823388 0.296573813504747 218610335.196131 2.41999670200001 218610335.196131
2 methylseq_20000.dot 110641579976 1.09757712608856 2.0174501533275 36 46.1314208024789 7.35393828411325e-05 274.561437598 8837826226.11065 1.08709912536446 2.00595256306968 36 45.6516635167197 0.00770641764954439 8824396947.69187 87.5124451019992 8824396947.69187
2 chipseq_2000.dot 41366257414 1.0940536256992 1.07720369642565 36 8.76400690062164 0.0175757416961163 0.754271582 446318547.826453 1.08104988366064 0.961239477026234 36 7.74164505236157 0.0720112015337876 468079841.239282 0.079622381 468079841.239282
2 chipseq_15000.dot 32978181418 1.21864739670456 1.51496193953457 36 13.1708834166647 0.0336276381375429 9.82000028200001 3588360579.05739 1.105826743165 1.19038286848628 36 13.3070187701133 0.133125280348071 3636614146.45167 3.37115178100002 3636614146.45167
2 chipseq_8000.dot 5058052541 1.18847644322762 0.652183339618299 36 3.31874241895759 0.404959127574175 5.76123209400001 297654122.081832 1.09834491853497 0.494343158423377 36 5.98805305885451 0.666553059459547 385684596.092924 5.14468433299997 385684596.092924
2 methylseq_8000.dot 8885797810 1.3339331394887 1.80492557848853 36 36.6085175762846 0.118524851829861 29.311741754 266002035.126075 1.08911093633316 1.78581155171096 36 59.016934279417 0.312185242731152 447244803.951948 11.345609246 447244803.951948
2 chipseq_8000.dot 41366257414 1.04738888658364 1.07531069705238 36 8.04445932562981 0.0194064476977133 4.031505168 1820761807.03729 1.0792391222936 0.962105533754203 36 7.10737040439632 0.0739809921539737 1899963688.97753 0.916363580999995 1899963688.97753
2 methylseq_8000.dot 6273818718 1.15594960039404 1.3185251689775 36 18.8570834272605 0.128846490606474 34.024867128 155736574.416054 1.10259664426331 1.36886410976096 36 27.7440124465279 0.288513500085619 216279035.534513 9.85634010800004 216279035.534513
2 eager_15000.dot 19100037384 1.28261231518407 1.11517315241778 36 30.11324291437 0.150684958675127 123.504867049999 505146868.793918 1.12496317941335 0.829975386495869 36 20.1826169980316 0.205983929775816 503300175.428145 33.5316197900002 503300175.428145
2 chipseq_30000.dot 4807293396 1.14602927740177 0.505173036205175 36 3.45671996894691 0.365904824793649 49.1370145789998 986487524.631241 1.08177569233657 0.537283701060363 36 6.93271477786115 0.646133613828942 1372114897.1673 101.887607092999 1372114897.1673
2 methylseq_30000.dot 6761426956 1.52629517415429 1.8099130802795 36 21.7892762453039 0.118199278144534 604.537475974001 762212105.933441 1.10179786200197 1.78383180522983 36 61.5281455729418 0.33637933775178 1347911582.65111 375.350037716999 1347911582.65111
2 chipseq_1000.dot 32978181418 1.14666783536976 1.47550414063874 36 29.0581136034425 0.0304007376825916 0.325268361 220468180.936877 1.09315710998403 1.10100826956982 36 11.0209821503942 0.117366682001798 223076314.34848 0.030635273 223076314.34848
2 chipseq_30000.dot 4605965334 1.11070607700611 0.477076700100105 36 2.50811347079134 0.339537086369256 32.3508121749999 1061306622.12826 1.09170222760974 0.511192163880957 36 5.03136977397276 0.382154585552368 1355752019.63051 70.5490814690012 1355752019.63051
2 methylseq_10000.dot 6273818718 1.24803413428865 1.32920205704989 36 19.3878975306182 0.140765690983569 48.1643413820001 200765838.772558 1.1039780991762 1.38351907691436 36 28.7224125209885 0.303004485675265 276763807.563613 17.0657186859996 276763807.563613
2 methylseq_25000.dot 6761426956 1.41016594401134 1.76595786642047 36 34.9432070856808 0.118013576863215 368.535498986999 635427705.139905 1.10189820847529 1.78395088531623 36 60.7029099233787 0.329740411141372 1108670506.10702 235.445521806003 1108670506.10702
2 chipseq_10000.dot 4605965334 1.14546220279303 0.439044940910248 36 2.26680299658785 0.38921595347256 6.09421307500001 334191878.742235 1.09769934534973 0.455240594362458 36 4.84346959427316 0.482658392175169 403067665.151475 6.39650112999995 403067665.151475
2 methylseq 22500260922 2.83333333333333 1.59122441607948 4 173.074918977779 173.074918977779 0.003180817 2993691.77409822 2.83333333333333 1.84814387085749 5 1285.94789588955 1285.94789588955 2993691.77384596 0.000278338 2993691.77384596
2 methylseq 110641579976 2.83333333333333 1.66067633046582 4 2640.77465374339 2640.77465374339 0.003105091 34016661.6426105 2.83333333333333 1.92285762887009 5 37213.8411051617 37213.8411051617 34016661.6426096 0.0002595 34016661.6426096
2 eager_25000.dot 8330435694 1.29236237978084 0.794024919289572 36 24.004142434103 0.400841216615322 357.623884524001 539675171.372615 1.11394605559349 0.230899763501326 36 4.84338863606828 1.28491350751312 534119787.063235 156.360188354999 534119787.063235
2 chipseq_20000.dot 41366257414 1.08207050953842 1.07017250461905 36 7.39396042286094 0.024377500293347 17.259765863 4613602475.95467 1.08469773212809 0.956761555239604 36 6.93675371779051 0.0749930940773551 4783331081.98965 5.79868970900008 4783331081.98965
2 chipseq_20000.dot 5058052541 1.169102506536 0.623288381007521 36 3.10564761897535 0.440486080692883 18.349990249 740120780.049829 1.10010028691581 0.455751543088743 36 6.02016811149206 0.667139481489053 1020443596.83893 37.9056288490008 1020443596.83893
2 chipseq_8000.dot 32978181418 1.2268082459599 1.45410797861091 36 12.4738426525595 0.0324126687046514 3.974363341 1893743170.01853 1.09455038495987 1.13516672123028 36 12.9295227273427 0.130743787215717 1925671660.13343 1.011890522 1925671660.13343
2 atacseq_25000.dot 11187378708 1.13062234615916 0.682860557375519 36 5.04644610838168 0.141810375492709 49.3053172210001 757135408.250088 1.06037668195007 0.605190062012843 36 7.37695534516771 0.298508399178335 999282237.505511 51.833046858 999282237.505511
2 atacseq_25000.dot 3908761308 1.10786572503569 0.299301618500363 36 1.24291641828574 0.378850399159872 30.4411745170001 471780036.651706 1.06413370335962 0.301918189839253 36 2.82563480473609 0.454718382365915 620592024.001589 45.3185777300002 620592024.001589
2 chipseq_4000.dot 5058052541 1.19068935519407 0.592362145985327 36 3.29874780017025 0.400924737382695 2.161462868 146545805.216263 1.10826054841385 0.501561772486625 36 6.08402314424628 0.673814825028907 190294096.477324 1.27894086 190294096.477324
2 eager 8330435694 2.56081081081081 2.60480314167264 8 49.7167117339765 49.7167117339765 0.041537622 3265278.91417213 2.06171171171171 3.020999341794 11 107.475291351393 105.677714109555 3176844.70833333 0.006293531 3176844.70833333
2 eager_15000.dot 14754556884 1.22283012449821 1.09419211024291 36 25.212524763348 0.144270488960444 121.292883107 420878140.903044 1.12870735257424 0.77437328681198 36 15.427473254352 0.179303985962835 412883558.905211 35.8208761280006 412883558.905211
2 chipseq_15000.dot 4807293396 1.13927509607809 0.499619853565832 36 3.58160647702547 0.363059553327993 13.710112128 489131529.174007 1.0850562035349 0.530773474585729 36 6.8491673931875 0.709416480719937 659524322.783056 20.0729879329997 659524322.783056
2 eager_4000.dot 25705994498 1.36961516620267 0.9989514119416 36 49.2572909005524 0.203805227084274 11.185775673 187079470.304438 1.13100762013474 0.883718435913871 36 27.8489580038844 0.237595368553098 179383460.710892 1.73169331 179383460.710892
2 eager_8000.dot 19100037384 1.30424522196451 1.14197237613537 36 39.7520604336118 0.136548681481757 36.235461609 266517619.560401 1.13937447387395 0.839129940632066 36 19.7995277928287 0.197699765459008 259077292.133528 7.86262715500001 259077292.133528
2 methylseq_4000.dot 110641579976 1.11857492413048 2.02322166432233 36 47.5322176694811 0.000320116157302176 5.68469944400001 1778479626.74666 1.092723676057 2.01234505782287 36 47.2728751416365 0.00777945005560549 1765015904.66692 1.668353963 1765015904.66692
2 atacseq_200.dot 14091675276 1.34571428571428 1.14893566974213 17 4.03671361596762 0.270776763818661 0.057937865 7563522.77326213 1.20198232323232 1.22261400296304 36 7.74190237887481 0.219415883710211 8454139.73506551 0.006729256 8454139.73506551
2 chipseq_25000.dot 32978181418 1.27612596362594 1.52366119964073 36 13.5236331079433 0.0367449520342131 22.941860135 6021006357.93827 1.10185158101823 1.17542478659546 36 13.6070573066659 0.133698148316501 6089890199.55908 9.631638898 6089890199.55908
2 eager_10000.dot 19100037384 1.31163956298053 1.10135150142299 36 35.0976449152043 0.161385472333502 68.2738711569997 359003023.864132 1.12940716246265 0.83629201488151 36 20.025593234838 0.202732758217392 329776179.427444 12.9630526840001 329776179.427444
2 methylseq_30000.dot 11897958606 1.48841600132115 1.96086696674857 36 9.22538715837059 0.0804701783749639 557.892191813998 1783562467.90203 1.09501102028116 1.80387520746288 36 67.737131229668 0.357260990278441 2400342807.67185 371.084634795003 2400342807.67185
2 atacseq_25000.dot 11809629756 1.12232683527834 0.718405565142849 36 6.00822718767721 0.157849838841579 48.8227504390001 758155660.660363 1.0601330910226 0.666798723691686 36 8.65260780641129 0.300675832438511 1027969224.57356 52.0304787380002 1027969224.57356
2 eager_30000.dot 19075314980 1.18223499854153 1.16335280812575 36 29.253773132071 0.154902920951177 510.196585840998 1021096652.99845 1.11085479213753 0.831653995625028 36 19.6167070997455 0.210117034300285 1003656027.85325 217.403549335003 1003656027.85325
2 methylseq_25000.dot 11897958606 1.4342561476503 1.96208639515372 36 9.14404336784739 0.0804705961766192 327.373165207999 1486763753.58374 1.09246304805598 1.80533507472268 36 66.7832568232636 0.348146477257102 1965646113.6721 232.295922095 1965646113.6721
2 eager_15000.dot 19132169434 1.24244480161209 1.15602562953137 36 33.0946435788686 0.145120927026485 127.652357786 502793679.031054 1.12453851542246 0.828732786199853 36 20.6663380688042 0.206484851455729 500857692.742884 32.3827558060003 500857692.742884
2 methylseq_30000.dot 22500260922 1.10707457586212 1.27710608356241 36 18.6350116719495 1.00131321815924e-05 615.946113259 1423507898.06745 1.09899197774351 1.27438357139894 36 20.6473484773602 0.0499569397112582 1571332307.94057 324.351762101003 1571332307.94057
2 atacseq_2000.dot 11187378708 1.14762875332728 0.909961727598774 36 8.48010641554977 0.132228587640328 1.341021591 57296449.1716084 1.06330585077702 0.714339714123448 36 6.79610711104613 0.235778221460904 67342905.0014698 0.325665405 67342905.0014698
2 methylseq_10000.dot 11897958606 1.58123725680748 1.96456265602603 36 9.22346780668772 0.0805008286255254 37.501920627 594888556.446136 1.0857930473777 1.79271566762522 36 63.927809714386 0.343604054214975 779490501.373826 18.7055566889996 779490501.373826
2 chipseq_25000.dot 4605965334 1.11730512251344 0.467552550825205 36 2.40687301428805 0.382056315322294 21.475218952 844163141.766197 1.09451625076623 0.511460125032015 36 5.19063575870114 0.425381802827299 1088573934.59282 47.3550296950004 1088573934.59282
2 methylseq_30000.dot 6273818718 1.15380861339247 1.34777592905961 36 21.4048737836197 0.143859685304914 724.238686344001 607508703.626506 1.09595743059132 1.40502809447357 36 30.7492808837488 0.32511910994539 854701539.586738 312.227911862003 854701539.586738
2 eager_30000.dot 8330435694 1.23545851744208 0.824649526616805 36 22.8088471850892 0.394625267213272 498.472465150993 670054744.692513 1.10695924787692 0.334974092657896 36 4.78873215658867 1.45812399873732 625926336.533047 228.233064759998 625926336.533047
2 chipseq_200.dot 4605965334 1.52678571428571 1.01273338454197 14 4.49250889776716 0.515239651731921 0.060771976 4580195.69736755 1.44302721088435 1.02483822159166 36 2.92584907778753 0.131368643218421 4004313.15076238 0.006419832 4004313.15076238
2 methylseq_15000.dot 6273818718 1.13189917012977 1.33424863955095 36 19.7706551339477 0.141892259412637 148.785417221001 301590700.99877 1.10772639275444 1.38523322294474 36 29.638024009673 0.300976032883213 413556266.974503 51.220058805001 413556266.974503
2 methylseq_2000.dot 11897958606 1.57724548989609 1.99496846736713 36 8.42174892712713 0.0820373251211677 1.461411864 119589821.200037 1.11315101676547 1.80588420538259 36 61.1557580726791 0.297825513986272 143007713.809616 0.540105109 143007713.809616
2 atacseq_200.dot 3908761308 1.40720238095238 1.30220087290916 16 3.04262794141718 0.532349283591392 0.06860753 4492088.45075189 1.23686327561328 1.07336554419806 36 3.72149127486008 0.0800104664918525 2119045.32096267 0.007403752 2119045.32096267
2 eager_8000.dot 8330435694 1.35282732007189 0.908307133977629 36 38.1631383487256 0.397157661452747 39.6708683260001 158220383.875123 1.13434059105885 0.213239528152317 36 4.81531387024483 1.22241483905724 168511189.764019 11.1615850750001 168511189.764019
2 atacseq_200.dot 2223941232 1.34207010582011 1.322650541233 16 5.91648686105427 0.704175297726994 0.069985643 3047597.0225087 1.25458333333333 1.02093546714482 35 3.32378680179049 0.142884640734449 1395491.51446428 0.00726705400000001 1395491.51446428
2 chipseq_2000.dot 4807293396 1.18467272442747 0.785148308804315 36 10.1051279446869 0.374986494539388 1.119899223 58601227.1547822 1.08294606237644 0.50055772946124 36 6.54126952794787 0.716164485609313 78410243.8733849 0.35224537 78410243.8733849
2 eager_20000.dot 19100037384 1.24095458824885 1.14001624926718 36 31.361241905507 0.160203446796564 217.706930545 701502535.552009 1.11223783978238 0.838417864693747 36 20.4655037601055 0.207898235044634 667165755.503491 74.5192605329993 667165755.503491
2 eager_10000.dot 19075314980 1.27009848255106 1.11206385415225 36 36.4688291596453 0.140007766251383 52.6489003640001 338345693.085374 1.13993411510494 0.833722462967254 36 20.2133478060537 0.204091539233301 328246800.408324 12.4778221 328246800.408324
2 methylseq_25000.dot 6273818718 1.29290591256508 1.29502344769162 36 18.2300222184397 0.123341671330072 396.376258993999 480094045.991855 1.09329619723286 1.39397321323061 36 30.2284549638058 0.31115560375967 698214711.500199 187.848786888999 698214711.500199
2 eager_10000.dot 8330435694 1.27338904989991 0.937536932744707 36 43.0559979547387 0.376612472461795 61.0762690199999 208664447.248705 1.14301294010748 0.320244711291539 36 4.74750229771879 1.45496596687129 206370526.395217 17.2480555689997 206370526.395217
2 methylseq_200.dot 8885797810 1.39103835978836 1.82135997972442 28 131.236285363401 0.117153829811407 0.07306347 6215422.37869384 1.6114417989418 2.00945169830414 36 1103.60196814514 0.106761240222386 6025948.59611808 0.00856641300000001 6025948.59611808
2 chipseq 32978181418 2.09375 1.12153886923645 4 14.5796302177348 14.5796302177348 0.005396745 17824450.2263885 2 1.53755081619443 6 12.5562556691713 12.5562556691713 17786792.122113 0.000485977 17786792.122113
2 methylseq_2000.dot 6761426956 1.37889653853509 1.84658610018833 36 28.4246758464028 0.109206446830366 1.581003136 50049815.983486 1.11370083508637 1.76335317621784 36 48.2770229987852 0.251519276257111 74049096.3779513 0.536755649999999 74049096.3779513
2 atacseq_20000.dot 3908761308 1.11050841548816 0.285294981488709 36 1.26246209713413 0.358186030211013 20.9294745129999 376759989.027372 1.06619222848218 0.30672437265616 36 2.80819776928114 0.466124680619161 493555904.594669 27.6026010639998 493555904.594669
2 atacseq_1000.dot 11187378708 1.16455161505161 1.02621802994826 36 5.79298469515622 0.119707403950892 0.48277995 25457082.2748756 1.1036689005439 0.769936283390737 36 7.34414901574566 0.228579071766534 30478022.2110911 0.0874964970000003 30478022.2110911
2 eager 19100037384 2.56081081081081 2.52297159003064 8 68.6562007773427 68.6562007773427 0.040973743 6580550.397198 2.52374517374517 2.93504688360061 11 152.551851622156 121.772526042902 6635583.49852769 0.006148822 6635583.49852769
2 chipseq_10000.dot 32978181418 1.167745618521 1.47176132111002 36 12.6231663457051 0.0331493527409837 5.444913533 2383264713.85475 1.11074569227765 1.14108044472573 36 12.8649545595118 0.132649504519797 2416888408.31194 1.501457378 2416888408.31194
2 methylseq_2000.dot 110641579976 1.13014757442468 2.04244665985827 36 54.5434950518947 0.000746001688557346 1.530622251 894786900.673887 1.12886466500924 2.02313661909371 36 52.3425158205509 0.00928793864926041 887765621.498949 0.402662139999998 887765621.498949
2 chipseq_8000.dot 3793245764 1.12421863337812 0.325781292265633 36 1.4398910705288 0.394269656814373 4.63309921999999 222399519.256826 1.09961655377017 0.218139487407789 36 3.21973895816091 0.561520271421702 296140006.154636 3.63200345200001 296140006.154636
2 eager_25000.dot 19132169434 1.21429248825335 1.1529102119521 36 31.6823539372631 0.151923299546266 349.682783851996 862131650.51837 1.1208563991088 0.821131111322997 36 19.2652376383447 0.211327507858331 837293904.038062 133.479801649 837293904.038062
2 eager_4000.dot 19132169434 1.40198763558128 1.16052442698708 36 47.134510080203 0.12804242161681 10.592013216 133791617.567919 1.19002199338367 0.945898060862873 36 22.7063357567198 0.183563077287606 129429775.840445 1.948654805 129429775.840445
2 chipseq_1000.dot 4807293396 1.28242123795008 1.03810538583335 36 9.8422704808266 0.285271291409478 0.490807951 27580971.8200432 1.10595801100609 0.538072094007709 36 6.28176254714309 0.68871044952919 35230394.7898372 0.097125433 35230394.7898372
2 eager_15000.dot 19075314980 1.29271827126039 1.1204090185614 36 30.6411708675098 0.145966786471317 133.642701612002 505178575.922871 1.1288623068559 0.831531213035627 36 20.2023442788396 0.208258410352943 495672455.542442 35.2894145720003 495672455.542442
2 methylseq_200.dot 6761426956 1.57589285714286 1.81356328291583 28 6.80519488458441 0.114112029026227 0.072565849 4742913.59745945 1.69419642857143 2.00544635343034 36 46.9335156618756 0.0964951433806377 4431268.23916346 0.008506966 4431268.23916346
2 methylseq 17027257018 2.83333333333333 1.58695547717156 4 105.600028241626 105.600028241626 0.003132496 2175361.36495513 2.83333333333333 1.8436660310033 5 806.807059822454 806.807059822454 2175361.36458333 0.000272587 2175361.36458333
2 eager_1000.dot 8330435694 1.62997202684703 1.70136930332357 36 113.20798028024 0.458411707907848 1.355262549 25849621.0170702 1.35894251726295 1.06278226205937 36 21.5986945984684 0.517498631550311 17740663.8061898 0.181221653 17740663.8061898
2 chipseq_4000.dot 3793245764 1.14793536521131 0.319258724235089 36 1.54349692764648 0.3726754654873 1.908465203 110884121.719154 1.09301936925757 0.183529110007979 36 3.01757846261565 0.500029917952898 137443379.883021 0.986991905000002 137443379.883021
2 methylseq_200.dot 11897958606 1.72842261904762 1.80258271528483 28 8.9999293008072 0.115184209911037 0.099118538 11970851.712275 1.49297288359788 2.00638890564772 36 650.92056280533 0.178261257045133 10326420.1275728 0.009122708 10326420.1275728
2 atacseq_1000.dot 3908761308 1.19930892255892 0.661308354222379 36 3.48129078031281 0.228497319504973 0.507230594000001 17015604.4197532 1.07384829059829 0.312304955040896 36 2.90608273692303 0.36528469785391 18072022.8335229 0.0837748989999998 18072022.8335229
2 chipseq_1000.dot 3793245764 1.18642401935671 0.710849237666908 36 7.47521163330967 0.198918599929581 0.532021473 27713375.5558388 1.11373095387518 0.309617908307846 36 3.31709811537034 0.375178956352533 28490540.050012 0.0924066220000002 28490540.050012
2 atacseq_2000.dot 11809629756 1.14107605717684 0.920122236001681 36 9.29318376537173 0.148487454771753 1.285673346 58967115.2468747 1.06948058789538 0.728781721295147 36 7.42235273355777 0.227579402451387 67712191.778775 0.327943997 67712191.778775
2 eager_4000.dot 8330435694 1.37842186564751 0.993132592048963 36 46.6769974008955 0.388938496985302 11.272520753 79385716.7742673 1.18661099022219 0.216258808800437 36 4.48292103055515 1.04392982059583 78746183.1858284 2.236640334 78746183.1858284
2 methylseq_200.dot 22500260922 1.76612103174603 1.77939826081901 28 4.37514234346023 0.00824638940609241 0.071483583 10057584.9262822 1.73412698412698 2.01744916909602 36 844.357120233497 0.00231959508009277 8917334.90005454 0.008223669 8917334.90005454
2 eager_4000.dot 14754556884 1.37833157870588 1.10992522185539 36 33.1856883718326 0.106830732022663 11.008926806 109684652.784819 1.193709302415 0.894751151367088 36 16.2239718912225 0.157191758850005 106711942.332469 2.33996802899999 106711942.332469
2 methylseq 6761426956 2.83333333333333 1.58326217578873 4 72.0425955811842 72.0425955811842 0.003123295 1080079.26295511 2.83333333333333 1.83987001932113 5 837.988800350084 837.988800350084 1080079.2625 0.000272448 1080079.2625
2 eager_200.dot 19100037384 2.58614328614329 1.69690882545797 14 36.5681451555845 3.72409196035048 0.144574555 8923925.93009498 2.43689403689404 2.62223190001633 28 100.17251651775 1.63656746104222 6635583.49852769 0.021100403 6635583.49852769
2 methylseq_20000.dot 8885797810 1.39124062323343 1.82525154120845 36 13.6402060633555 0.12014103187302 199.599926719001 666875242.658256 1.09779626136172 1.7978934293306 36 62.7727040452395 0.327287650463497 1150686315.44951 129.379919202 1150686315.44951
2 atacseq_25000.dot 2223941232 1.11417097623151 0.268725916386277 36 1.13909780323324 0.347189510757894 40.2609462329999 281013973.040615 1.06642198921379 0.18622621965706 36 1.97830524373568 0.441495555313604 333241777.353125 51.8263674270006 333241777.353125
2 eager_20000.dot 25705994498 1.25271934593477 1.01005914651671 36 43.1739617317872 0.184796848390704 244.687011988999 935646769.502402 1.09783586197337 0.803816577349536 36 19.4687879371855 0.220512114683715 874678698.393008 62.4907348030011 874678698.393008
2 eager_25000.dot 19075314980 1.21843160918319 1.1483107218661 36 33.2472511106199 0.146960340821186 347.711553621001 841515592.522196 1.11893968751322 0.834445620730607 36 20.858306438025 0.205380662116891 841765871.487622 130.046606596 841765871.487622
2 chipseq_15000.dot 5058052541 1.16423110660901 0.632467412191689 36 3.18327757686673 0.418340594001785 12.099926884 560431541.608563 1.09855042182356 0.463330935311145 36 6.06972622130778 0.679232320504995 754002795.221145 20.2468854619997 754002795.221145
2 chipseq_1000.dot 5058052541 1.19931564162333 0.962548691876614 36 8.49610492948746 0.320649861446155 0.479046367 34986687.215245 1.10325224988686 0.467887122639393 36 5.41011991638325 0.669947583555123 40308685.8636868 0.0984689220000002 40308685.8636868
2 atacseq_15000.dot 11809629756 1.12046693305261 0.708436904489087 36 5.95780449684349 0.158674836196283 22.2638082329998 450227912.437234 1.0634182795775 0.764541069988333 36 8.96147212919262 0.277408092150182 599399455.885378 19.6860922759999 599399455.885378
2 methylseq_2000.dot 8885797810 1.36502358640913 1.86301320885787 36 29.8523408505714 0.111454667238039 1.578223399 65725114.2700321 1.09930993816536 1.82139574190015 36 56.9753705171264 0.252963984487698 100572677.836893 0.534865733 100572677.836893
2 chipseq 41366257414 1.60416666666667 1.20512485238167 5 12.7232815708966 12.7232815708966 0.005355602 20036708.8844622 1.49702380952381 1.71118370352325 8 15.8210118936904 15.8210118936904 20309063.3767719 0.000500924 20309063.3767719
2 methylseq_15000.dot 8885797810 1.40655487352847 1.80245256931601 36 37.2071395567937 0.119872498789121 116.409491428 499989473.31768 1.09089387912449 1.79845079118771 36 61.861946879129 0.320372012648297 851722092.986402 55.3157245690013 851722092.986402
2 methylseq_30000.dot 17027257018 1.15345926730484 1.94260131918223 36 53.9685362140447 0.10423549937189 412.972122511999 2345516955.35117 1.09494485624941 1.7938176783552 36 77.2447499724664 0.44557206993122 3317904186.67096 350.543020002003 3317904186.67096
2 eager_2000.dot 19075314980 1.48373885432708 1.32518204439846 36 89.9370957680802 0.125406243944724 3.77717448 71593254.8981358 1.29527566865028 1.08311935103747 36 26.600559624678 0.140417152107124 62183205.2152081 0.621339721999999 62183205.2152081
2 eager_2000.dot 19132169434 1.53487943621633 1.24904301229905 36 103.550800749836 0.151662716797685 3.96609863699999 74302561.8822419 1.28963247771297 0.988816819484457 36 24.5839601016597 0.153334318904993 62182897.6606931 0.612752609000003 62182897.6606931
2 chipseq_20000.dot 4605965334 1.11493011968214 0.44997700252302 36 2.36115628256512 0.409143364909159 14.4045712770001 667915366.473022 1.0939299540676 0.465982479456668 36 4.84208318428953 0.4140310813605 869966759.731468 28.4897699839996 869966759.731468
2 atacseq_200.dot 11187378708 1.33645502645503 1.1621526643 17 6.53831641824966 0.369211360632165 0.063187054 3979906.57502774 1.24503126503126 1.43079811510317 34 6.37347836471473 0.068425165530274 3041834.63192479 0.007222575 3041834.63192479
2 chipseq_15000.dot 3793245764 1.11063044843302 0.327142195301078 36 1.5119545823236 0.365438686869499 10.242669124 435318558.657761 1.09613041903837 0.199124074857637 36 3.29614141557787 0.520530074752341 570791164.415415 14.0464273619998 570791164.415415
2 atacseq_8000.dot 14091675276 1.10599838946325 1.03120093131469 36 14.6926510735198 0.18821837468921 4.290995011 536005874.554587 1.04773669283983 0.716861047718153 36 10.5346393456116 0.313934739761776 625557639.262084 2.277901177 625557639.262084
2 eager_10000.dot 19132169434 1.27157426847827 1.15854435213927 36 32.3451649144926 0.142927935925556 53.2915436609999 343244077.677574 1.13114483101842 0.836099459866061 36 19.8113228284767 0.205490963269133 326569922.186522 13.048167638 326569922.186522
2 methylseq_8000.dot 11897958606 1.3900229594674 1.96340059197665 36 8.97018832950746 0.0782530978346622 22.040560378 471099801.049452 1.08074741408075 1.78683451392451 36 63.5134343313301 0.344542738865593 625070584.86382 11.070547761 625070584.86382
2 eager_15000.dot 25705994498 1.2725438789717 0.991745853527457 36 39.7255416181364 0.18503669566226 128.977566446 697125219.638433 1.10902478902772 0.693799061789364 36 23.1039405472267 0.248029141303266 686659295.451424 27.3602159709997 686659295.451424
2 eager_1000.dot 19075314980 1.69799088861589 1.65920456806432 36 124.060570019033 0.176219404969697 1.532830734 42031107.2954232 1.57625375828743 1.25172060072383 36 30.7012715503478 0.108783842919635 27093109.6327159 0.182468292 27093109.6327159
2 eager_30000.dot 25705994498 1.21361554597887 0.996402796425788 36 41.1690099570759 0.188484778144939 539.462670762 1388852588.7707 1.10442007204975 0.776756273188623 36 19.0442167327082 0.221540602374345 1316668356.02646 179.664757165996 1316668356.02646
2 eager_10000.dot 25705994498 1.30731571478266 0.985903924142047 36 43.76925727481 0.187887630628259 60.5720155070001 468098251.94797 1.10711381046991 0.727449100383797 36 23.1953028878578 0.241848104395878 449877553.65057 10.8660434640001 449877553.65057
2 chipseq_20000.dot 3793245764 1.11664859832489 0.329868860380173 36 1.49647715444921 0.396493721553707 16.7695551960001 570156695.89604 1.10412907258571 0.215021761743842 36 3.29212505362719 0.490712784200336 779224707.265341 27.4634003579994 779224707.265341
2 chipseq 5058052541 2.25 1.28466405803908 4 4.83033608591128 4.83033608591128 0.00674274 2097254.51057255 1.72916666666667 1.56075008378602 6 10.8191124674586 10.8191124674586 1935325.8375 0.000621422 1935325.8375
2 chipseq_30000.dot 41366257414 1.09810951142267 1.0812784179861 36 7.0278201036688 0.0247035614168461 34.5763987000002 6951167105.52223 1.08313041993451 0.956905855504527 36 6.90266733071297 0.0752223932367642 7197320146.07183 14.418242314 7197320146.07183
2 eager_8000.dot 14754556884 1.31312434850101 1.07694489478273 36 28.0409047115355 0.118918938932245 37.3141398409999 213719262.740759 1.12845587435886 0.77727635443718 36 14.8717707574903 0.170926242063296 214769402.705735 9.67444478700006 214769402.705735
2 chipseq_30000.dot 32978181418 1.20266453816545 1.52992385351557 36 13.9630294462904 0.0423298148647497 33.7366562670001 7371069057.88101 1.09861362487247 1.17756652424194 36 13.6147488310544 0.133105445170961 7297027993.5977 14.9290333299998 7297027993.5977
2 methylseq_25000.dot 110641579976 1.11968137124165 2.01665827819814 36 45.9410777903872 6.8986958747775e-05 479.434533929001 11048668403.1446 1.06653254996993 2.0067190853111 36 45.8104716019103 0.00766675644161931 11030246442.5752 151.905454848998 11030246442.5752
2 eager_10000.dot 14754556884 1.28082682297054 1.01989854803977 36 23.3760455156114 0.123367587118375 53.0098349570002 267590728.212935 1.14065657679247 0.786931239305736 36 15.1026455660739 0.174177137013002 269027267.777602 14.42451807 269027267.777602
2 eager_30000.dot 14754556884 1.24400900264964 1.04029771809559 36 17.1270414629768 0.126054885088913 429.759682375996 792196853.280287 1.11218944150459 0.787920399765331 36 14.3958345442594 0.181668120499888 824022926.103825 247.44603844 824022926.103825
2 methylseq_8000.dot 6761426956 1.31878704100927 1.79981571040711 36 28.1005955662546 0.116218177209238 31.556184121 202535089.151325 1.09515865071421 1.76454444051883 36 56.0141942275966 0.313383414100207 342229747.876394 11.489103921 342229747.876394
2 atacseq_10000.dot 11809629756 1.11603543629553 0.75135490365222 36 6.21099151201959 0.156662350550155 13.268394429 302937195.954815 1.07027967992253 0.767217506902598 36 8.86633876916215 0.291670028738043 393782388.860964 8.80468857600002 393782388.860964
2 eager_20000.dot 19132169434 1.21890044578097 1.13311023397837 36 32.9774809602205 0.148395882912429 192.547860938 676304940.256614 1.1127389243598 0.824787163100312 36 19.4128760116609 0.213597084540154 661344605.744457 73.4825540570004 661344605.744457
2 eager_200.dot 19075314980 2.58614328614329 1.69763298480044 14 49.0038338706231 3.93710464185313 0.141926441 8908253.28448838 2.43268443268443 2.6846334336989 29 85.4415886323778 1.57578056433543 6621707.17758513 0.020725683 6621707.17758513
2 eager_20000.dot 14754556884 1.25249902101721 1.09052975546198 36 24.9189671236874 0.129842344971318 213.164204937 548805024.821691 1.11510203388533 0.790462297514149 36 15.1283541490397 0.180401804221454 544609301.591172 78.4683119930005 544609301.591172
2 chipseq 4807293396 2.25 1.28859966091914 4 5.45581501482229 5.45581501482229 0.006816378 1709995.82503186 1.72916666666667 1.58089922125501 6 12.3056606279297 12.3056606279297 1590463.19791667 0.000626197 1590463.19791667
2 eager_15000.dot 8330435694 1.24764376714722 0.803235839414337 36 32.6996249240936 0.396721484122457 131.242116963 319464516.957682 1.11760826199102 0.325717229197226 36 4.79643752341989 1.3988078853151 316480579.012934 40.4672074559999 316480579.012934
2 methylseq_10000.dot 6761426956 1.40641177105764 1.76828766427617 36 34.8610755148536 0.116948664598197 42.0544006290001 253795884.962168 1.09244173860022 1.76668424924212 36 57.1210065809432 0.32204852742602 435472889.866831 19.7020419639994 435472889.866831
2 methylseq_1000.dot 22500260922 1.36305539618793 1.27903831424015 36 32.4211449716035 0.00295953189613184 0.479195038 47045447.3453198 1.21540128769044 1.25883068706531 36 18.5603211039902 0.0368263219443312 48882462.075178 0.131482605 48882462.075178
2 methylseq_8000.dot 22500260922 1.15686321241877 1.27332705692549 36 18.1208572549624 7.31842642944209e-05 24.019384101 378812979.480036 1.08340681951793 1.26599112088861 36 19.4484750919942 0.0480969526658442 414939898.445562 8.94273161099999 414939898.445562
2 methylseq_25000.dot 8885797810 1.38289618402437 1.79162758527877 36 36.9219332974925 0.120455359166779 372.320822782001 834654381.124767 1.09391851902657 1.80058749631033 36 63.9785290738848 0.33319823605724 1456399239.58912 232.687493673001 1456399239.58912
2 atacseq_1000.dot 2223941232 1.20575906500907 0.578478559909609 36 2.95710573739477 0.11641307736051 0.521205021 7528059.47413893 1.10381622544123 0.356526421344073 36 2.96643352483431 0.204844556109692 10252338.1665214 0.0955096740000001 10252338.1665214
2 atacseq_4000.dot 3908761308 1.13773945074587 0.377446848297466 36 1.94726134819707 0.340966880198157 2.58879106099999 74496979.0782197 1.06276587081806 0.340926228436114 36 2.81948866528262 0.522103810137956 87181371.3415064 1.111197841 87181371.3415064
2 chipseq_10000.dot 3793245764 1.12430484094018 0.325176027586515 36 1.4625189244678 0.399756000101508 5.95992151000001 282745852.161793 1.10373294207881 0.208537816558711 36 3.27031806286137 0.555879947339253 374480943.538171 5.70568060800001 374480943.538171
2 eager_1000.dot 19132169434 1.66923043173043 1.87171496831027 36 149.39291862855 0.175658199803949 1.574612909 45253001.1553114 1.44595718019673 1.27135488244682 36 36.2387354491298 0.116614065231777 28067238.4033492 0.194650214 28067238.4033492
2 methylseq_20000.dot 17027257018 1.58264337481025 1.96340104673035 36 10.5639512086837 0.117851902519028 198.821383184 1642227019.23051 1.09289350660902 1.79214294502983 36 77.0673821844745 0.446605201496047 2219748444.02885 127.916034301002 2219748444.02885
2 eager_8000.dot 25705994498 1.32227461698047 1.00401483173702 36 45.3931108234944 0.199569316630681 40.5774678569998 381782106.989329 1.10843980089593 0.705606847058464 36 24.5911687107735 0.244552016408772 362201374.801166 6.44851634299998 362201374.801166
2 methylseq_2000.dot 17027257018 1.57693472301906 1.99443129562941 36 9.51425940196558 0.115145606053658 1.467489248 162449810.918776 1.12729489386116 1.79717703061395 36 69.7255000677752 0.376149725650449 204409273.136111 0.531013544999998 204409273.136111
2 methylseq_4000.dot 6761426956 1.34817357039579 1.77231170015096 36 34.2122769231998 0.114101830976734 5.24388842400001 101309796.846704 1.10121232343454 1.75060226775287 36 52.9919346932045 0.301752037383151 166845973.571588 2.320479491 166845973.571588
2 chipseq_8000.dot 4807293396 1.14716362203627 0.522013284636039 36 3.65024701813453 0.378727592626451 5.39189956800001 257460226.739428 1.08079516812864 0.576502603577503 36 7.17771425022592 0.748324976685196 347476496.123571 5.20312394399998 347476496.123571
2 methylseq_20000.dot 6273818718 1.33037738905087 1.32767801068878 36 20.7786941158484 0.129335417235663 185.958161255 389904698.852125 1.0946791414979 1.3966854983551 36 29.7524970460606 0.318917346449266 565267692.031283 99.6529359090007 565267692.031283
2 eager_4000.dot 19100037384 1.36027611327275 1.12541724050853 36 40.8608840007916 0.126608110230058 10.462610279 130840563.122494 1.16288900248976 0.941559456227379 36 24.3943820240118 0.179003316527057 127283122.397838 1.90061206 127283122.397838
2 methylseq_20000.dot 22500260922 1.11613851889965 1.27457710277394 36 18.2672564472528 2.49038590177048e-06 231.243041606001 947787195.953404 1.09836156684899 1.27267018808843 36 20.331736125279 0.0493194648768126 1043749107.73708 117.871737958 1043749107.73708
2 eager_2000.dot 14754556884 1.44049099075836 1.31225953695862 36 80.7360353840099 0.137551363027829 4.132437563 61996196.7506152 1.28987282485735 0.969487769027138 36 18.6677028067226 0.11810282804802 49988815.3452273 0.743325931 49988815.3452273
2 atacseq_20000.dot 11187378708 1.11583966179984 0.674654552286582 36 5.13230148172171 0.13828488366706 40.30663593 603977192.058995 1.055707918838 0.6500792868269 36 7.28147836830446 0.26869102892965 782672778.618107 32.4446632350001 782672778.618107
2 methylseq_4000.dot 22500260922 1.1206365095254 1.27357360546449 36 18.2430351969232 0.000381277906071981 5.388705556 190211827.343239 1.09675548564437 1.2624616429053 36 19.0227114784758 0.0454726267580446 205030971.959354 1.997371193 205030971.959354
2 atacseq_15000.dot 2223941232 1.11694645135495 0.268467450489477 36 1.2326946592456 0.336642753606495 20.5757775709999 172069826.583515 1.07073115760786 0.16711559096088 36 2.05785564711871 0.470909119362416 195821676.644137 18.0140912749998 195821676.644137
2 atacseq_8000.dot 2223941232 1.14134065092011 0.304905501492017 36 1.39189650186008 0.341087886439691 9.01717275999997 89554827.2500826 1.06257692719763 0.203192611843067 36 2.05422282113104 0.514438798128906 97346686.8170019 5.21659561300001 97346686.8170019
2 chipseq_200.dot 41366257414 1.22534013605442 1.06843012649343 16 4.67320090331462 0.0784048509590058 0.04887583 42412855.3272472 1.16008619356834 1.345780555222 36 4.89047917333304 0.0281320011575258 36971319.2772024 0.004596541 36971319.2772024
2 eager_200.dot 19132169434 2.58614328614329 1.6940277448686 14 46.5435856527298 3.85803075385914 0.143848294 8911168.16128313 2.43465003465003 2.72911920430144 30 120.664350421591 1.49164724556426 6624688.23553754 0.020788392 6624688.23553754
2 chipseq_25000.dot 4807293396 1.14432477974143 0.50676079093321 36 3.70757497155758 0.371620722338875 34.1016438239998 825620850.029569 1.08398312564977 0.565083396144523 36 7.11776066090887 0.664933433960578 1092190880.90284 62.0531788770008 1092190880.90284
2 atacseq_4000.dot 2223941232 1.14392314834392 0.225185955152742 36 1.85188889795204 0.288521060920623 3.439047298 42807296.5653537 1.0591406262236 0.367644323337224 36 1.97695266613518 0.455682756724532 45091262.1468182 2.66594858 45091262.1468182
2 chipseq_10000.dot 41366257414 1.11487528240348 1.0795469745812 36 7.67766801966759 0.020599740939562 5.58392749400001 2292206080.9013 1.07807558982372 0.979276062759583 36 7.43096475325952 0.0742558191239565 2394024224.49429 1.467667018 2394024224.49429
2 chipseq_4000.dot 4605965334 1.10270049656842 0.424057165202154 36 2.29497470398069 0.389871635296519 1.90612663399999 129457829.133253 1.1017745357368 0.491548693344201 36 4.79285438024943 0.435252630820913 150634260.736441 1.039738653 150634260.736441
2 atacseq_10000.dot 2223941232 1.12177950436152 0.278526358452105 36 1.28447291751124 0.346574223068246 10.152448228 110616932.087809 1.06448998308274 0.181689694812068 36 2.06492118371646 0.49028515732758 122628586.705203 7.86652936799995 122628586.705203
2 chipseq_25000.dot 3793245764 1.11946468196467 0.343357334053894 36 1.5613477002905 0.379790228606056 24.576338232 725652541.894547 1.10600339767004 0.250904266289195 36 3.40682871888047 0.475170919541084 1008626726.74237 45.5653684859998 1008626726.74237
2 methylseq_25000.dot 17027257018 1.44546175007049 1.96206611921059 36 9.87669758966671 0.104288979060367 335.623912115002 1955131136.85087 1.09452687033103 1.79699903746271 36 77.0658329797047 0.440152056628334 2742103300.67724 233.158523783 2742103300.67724
2 eager_30000.dot 19132169434 1.21337481235759 1.12280138719442 36 29.077931664554 0.148121529227604 457.643143791999 1009630225.91389 1.11647283988248 0.82113598653218 36 19.7496409012548 0.214336478770583 1002447101.65744 209.500376591997 1002447101.65744
2 eager_2000.dot 8330435694 1.40789944426308 1.24561910108558 36 102.655165829579 0.382807071667303 3.836352199 44334680.5858139 1.22368310095583 0.442805435368192 36 6.87060892102772 0.88430678910784 37870652.3330024 0.728964432000001 37870652.3330024
2 chipseq_30000.dot 5058052541 1.15813600668166 0.617039272618466 36 3.12938212649234 0.416046446228371 36.211132949 1122852153.0028 1.1035129860062 0.509131848462544 36 6.18979307621874 0.573153348654627 1506381861.23054 89.7951107810009 1506381861.23054
2 methylseq_4000.dot 11897958606 1.50376567043234 1.96927709937196 36 9.14842532576835 0.081020076650087 5.12556645600001 238563159.359648 1.10397699286588 1.8105744568373 36 66.9073854976737 0.341698039960553 311914745.615577 2.55135767599999 311914745.615577
2 chipseq_4000.dot 4807293396 1.16539671020803 0.535729132338441 36 3.74081747175562 0.396094846029679 2.229052672 125228179.378605 1.08652949513798 0.569783240848698 36 6.90368772294837 0.691714564812677 166112873.66442 1.29556132 166112873.66442
2 eager_200.dot 14754556884 2.66237666237666 1.87900894744894 14 74.5396914289276 22.9355053192738 0.146384595 6808661.37757915 2.43767403767404 2.26144146798474 22 24.2865004876612 1.62355836923572 5773304.72406634 0.021784466 5773304.72406634
2 methylseq_15000.dot 22500260922 1.11361787842975 1.27474585795522 36 18.3086601373236 4.8895357154444e-05 108.133364918 711030186.357484 1.09814624186124 1.27352524230585 36 20.4794340855355 0.0487876063831239 780915346.274018 50.5272812500009 780915346.274018
2 chipseq_20000.dot 32978181418 1.15363942872936 1.5084344896086 36 13.2084426884216 0.036021486176801 15.510631651 4821721583.96608 1.1054260586097 1.16416397722363 36 13.357393445903 0.133638989261442 4868853164.58575 6.14655072700005 4868853164.58575
2 methylseq_2000.dot 6273818718 1.34209058456046 1.30348792612111 36 15.8555561241336 0.104486038649282 1.518949365 36495069.5119113 1.131032064767 1.29066443578279 36 23.931898049699 0.214248638705934 48508682.8343482 0.466567930999999 48508682.8343482
2 methylseq_1000.dot 17027257018 1.62139032319755 2.01695954217899 36 9.2404407951316 0.106848194977099 0.554284232999999 78849371.5822641 1.18877095684324 1.84361922354624 36 80.2341870550462 0.35442970331664 103081390.174506 0.142366007 103081390.174506
2 eager_25000.dot 19100037384 1.21012957636696 1.12309406697124 36 27.8078678423082 0.147697040274571 301.317146537 826708566.666932 1.11698010402639 0.836719785480112 36 20.1731011261476 0.206703471969685 840650046.240922 126.625321111001 840650046.240922
2 chipseq_8000.dot 4605965334 1.12953815711457 0.419411490425398 36 2.19665508768386 0.400491291018292 4.66590078099998 263701476.60936 1.10249385215099 0.461466692782116 36 4.84225792288286 0.496375179117549 319118899.435378 4.04769529200001 319118899.435378
2 atacseq_2000.dot 2223941232 1.17095264938402 0.427038678603029 36 2.71508272902223 0.24347636457368 1.34780911 19561709.6703128 1.07593284342852 0.247852343642704 36 2.04383269905293 0.458721572078202 22435174.588908 0.345726254999998 22435174.588908
2 methylseq_200.dot 6273818718 2.34771825396825 1.77138108658052 28 2.87786386907811 0.00239809393015687 0.096157291 2973456.0752679 1.55745701058201 2.00705415854542 36 1047.63934779854 0.0275219017577219 2955613.4875 0.00826613399999999 2955613.4875
2 atacseq_8000.dot 11187378708 1.11985443985714 0.694292414940472 36 5.3823623343001 0.141669412935599 8.01270328600003 241217813.752193 1.07421446811333 0.787467875565082 36 7.94315683180037 0.220904559172402 306989998.76469 6.01396450499999 306989998.76469
2 methylseq 8885797810 2.83333333333333 1.58744561846005 4 125.308470553056 125.308470553056 0.003140325 1402989.43780563 2.83333333333333 1.84416449192434 5 1241.73887621354 1241.73887621354 1402989.4375 0.000273504 1402989.4375
2 methylseq_10000.dot 22500260922 1.11999879316808 1.27410644620312 36 18.2004337346731 0.000118773982084827 43.6083080300001 474212321.515884 1.08982799468996 1.26606543494071 36 19.3633971016958 0.0481074732238825 518532065.427312 16.6373988209996 518532065.427312
2 methylseq_1000.dot 6761426956 1.51066169439663 1.90095718447099 36 17.0336231154023 0.101079259033623 0.515412153 24951903.3847407 1.19677121183145 1.78680872876171 36 50.3164204459545 0.230175362516143 35204922.9255592 0.142312448 35204922.9255592
2 chipseq_2000.dot 3793245764 1.13685049128087 0.374457910239847 36 2.1918022867545 0.338378476026418 0.915323481000001 56328104.1097892 1.09934007184798 0.229781350643756 36 3.29296486530133 0.441841891353844 65416716.2791005 0.298339189 65416716.2791005
2 methylseq_25000.dot 22500260922 1.12356453222995 1.27655656212636 36 18.5620463601707 3.96017186569232e-06 381.708285853997 1186039081.37353 1.09788740801706 1.27415431973431 36 20.6097744803446 0.0499765594322317 1309882109.04084 203.364485833001 1309882109.04084
2 chipseq_30000.dot 3793245764 1.11893353206426 0.345335439080145 36 1.59593338617921 0.356608566768262 32.5304893159999 884263941.295627 1.09907308426907 0.228477449505466 36 3.39672067378515 0.47832247081324 1222602669.31182 66.745732366001 1222602669.31182
2 methylseq_1000.dot 8885797810 1.48377637534264 1.90435093136544 36 14.9295968724133 0.106030545959348 0.512109429 33267817.0985562 1.1789379741187 1.84799246049088 36 62.8916436482686 0.221286848216838 48000191.3776763 0.144516381 48000191.3776763
2 eager 19132169434 2.56081081081081 2.52268156664793 8 67.5776342195728 67.5776342195728 0.040480467 6566256.48372984 2.52374517374517 2.93436024537905 11 148.20677425665 118.299096140651 6624688.23553754 0.006141261 6624688.23553754
2 methylseq_10000.dot 17027257018 1.65842051106156 1.9644818996913 36 10.5644837357378 0.116839439078222 41.4426685479999 818590326.464921 1.08816066108985 1.78127941075594 36 72.1887169070215 0.424893097937924 1074145947.66374 18.9379531299995 1074145947.66374
2 eager_200.dot 8330435694 2.48133848133848 1.87908175466591 14 120.707108242426 18.4759960317246 0.153045019 4688665.02325834 2.00898170898171 2.43260615448362 24 66.0747023595787 4.72627200331569 3176844.70833333 0.0233429 3176844.70833333
2 chipseq_10000.dot 4807293396 1.14594748922757 0.509307054308404 36 3.56984916174559 0.373315434913235 7.49165204499998 320135993.920143 1.08483532966616 0.529257277416511 36 6.7771872684135 0.745938046723278 434082867.449333 8.34580427500003 434082867.449333
