algo_nr wf_name inp_size avg_spread_dyn cv_proc_load_dyn num_used_procs_dyn idle_to_work_dyn idle_to_work_30s_dyn dur_alg1 ms_1 avg_spread_stat cv_proc_load_stat num_used_procs_stat idle_to_work_stat idle_to_work_30s_stat ms_perc dur_alg2 ms_2
2 atacseq_30000.dot 14091675276 1.06956054336389 0.755050966093313 36 2.71502395366985 0.0115411414756692 26.938861245 727077168.818552 1.06136724177463 0.741805139051475 36 3.47107282980546 0.0373645139044347 811526130.09111 53.4735396590005 811526130.09111
2 chipseq_15000.dot 41366257414 1.08998261233756 0.857647756639555 36 3.59386037018809 0.00156752240349969 10.643885418 1454638507.11056 1.08939178343914 0.806815084276102 36 3.30815573613626 0.0130647315421651 1530754589.46091 3.457909612 1530754589.46091
2 methylseq_15000.dot 6761426956 1.11369307085883 1.79725356776598 36 20.4891263597731 6.05935506365626e-08 153.429752428 223443719.336363 1.09816954092377 1.79088121680018 36 22.6364886217101 0.0199025606032812 250056782.871875 57.4569713620007 250056782.871875
2 atacseq_15000.dot 3908761308 1.0755585350915 0.149247815471692 36 0.293911121162692 0.0293775814058861 16.51416622 93892780.9823599 1.07807926332357 0.271277079897238 36 0.747831339294737 0.0422070013037548 116425312.714415 20.3080922749997 116425312.714415
2 eager 19075314980 1.88513513513514 1.63003083666703 8 21.9721702049339 16.8271778514232 0.040429291 5865756.08992252 2.19414414414414 3.05375659721029 12 182.516566347901 22.8656715557224 5759723.18954605 0.006168625 5759723.18954605
2 eager_1000.dot 25705994498 1.38710948398449 1.77201335115918 36 58.349254656663 0.0581614998046055 1.236867268 25109589.6962985 1.32881200666611 1.19606762460485 36 15.6979765581807 0.0270564668655631 19718219.9807665 0.194263925 19718219.9807665
2 eager_20000.dot 8330435694 1.24573878054288 0.800544237705487 36 8.4418818169968 0.0453084215243438 214.655977094 114564234.121215 1.13275712736067 0.257423978453401 36 1.03902638131947 0.0594083808797174 109195315.263793 96.0015452120005 109195315.263793
2 eager_25000.dot 14754556884 1.2005101368483 0.958836745316495 36 12.3133822921546 0.0149596256487692 296.912087340002 312835104.724056 1.1157566988342 0.676034934027819 36 5.82268804664812 0.0235731917808482 294819475.756713 157.881355322 294819475.756713
2 methylseq_1000.dot 110641579976 1.24829476636706 1.92333636335403 36 86.2310564318175 0.000820018345494771 0.508845384 234299144.782416 1.16336775674125 1.8778670459421 36 123.585880644654 0.00329456680535494 234300277.974645 0.120062378 234300277.974645
2 chipseq_200.dot 5058052541 1.31536989795918 0.817472940578822 16 4.63020447965414 0.048633997211694 0.05456184 2919022.21243702 1.28041898577613 0.804403229150696 36 2.76486673165328 0.0231776401802387 2446269.60457226 0.00614475 2446269.60457226
2 atacseq_30000.dot 11809629756 1.09684666149852 0.633857377048942 36 2.15722083444176 0.0219139375855656 48.7814914559998 343700699.237555 1.08625644044543 0.71008528858659 36 3.21345608984474 0.037679643041987 378209532.225712 134.7881413 378209532.225712
2 methylseq_1000.dot 6273818718 1.18655574679671 1.21464531596834 36 12.9321715533569 0.0020309360111401 0.530649664 11792640.7001798 1.18438834703895 1.20178672276477 36 12.8230996822541 0.0120501853400237 12554537.0324567 0.133683114 12554537.0324567
2 chipseq_4000.dot 41366257414 1.05557440463101 0.807775110664176 36 3.13806704416688 0.00162475958153528 1.563478643 379063385.596403 1.08453185310496 0.828141416409638 36 3.69536176789683 0.012910551095369 407622527.194165 0.319611530999999 407622527.194165
2 atacseq_2000.dot 14091675276 1.07356516072995 0.824072938968237 36 3.82383570749702 0.00985936049354359 0.788193990000001 48483693.2348124 1.0608454017948 0.710774716530041 36 3.28736936575504 0.0344424997659347 52387536.603307 0.215120618 52387536.603307
2 atacseq_1000.dot 11809629756 1.1126980250142 0.849869466974114 36 2.25351090835206 0.0239167916520257 0.454011508 11488903.1894624 1.06871856656415 0.798805090096332 36 3.48146723619739 0.0192201265213706 11389366.0273878 0.085169926 11389366.0273878
2 methylseq_200.dot 17027257018 1.44890873015873 1.76015861831632 28 3.93809771031697 0.00218496716669261 0.072362218 6873018.77449092 1.64103835978836 1.99266528489433 36 537.956952534184 0.0328171263370471 7022006.02316798 0.008589172 7022006.02316798
2 methylseq_30000.dot 110641579976 1.12438626244151 1.84820803033096 36 23.8226549470362 2.89562272629362e-05 653.662832718004 6976576024.21145 1.08563795888729 1.84430688842248 36 23.7589236174207 0.00147913849208038 6978383594.80472 248.720954045999 6978383594.80472
2 methylseq_8000.dot 110641579976 1.13154424265535 1.85163211703812 36 24.0336899950957 1.97677568553478e-05 34.43859724 1859882922.88084 1.07195886362553 1.84600416683891 36 23.9130238459948 0.00155744438136323 1860488741.30106 8.93239998899978 1860488741.30106
2 methylseq_20000.dot 6761426956 1.10397889314459 1.80098529492423 36 20.714521119195 6.39139079789017e-08 312.178587719999 298147686.873351 1.09671249452165 1.78979786936537 36 22.5855535298696 0.0200210263789585 333844861.381558 124.736360366003 333844861.381558
2 atacseq_8000.dot 3908761308 1.08197758104322 0.184723388905014 36 0.348682922190604 0.0249500635740344 6.44394316300001 51839561.8383346 1.07735349843314 0.246121912385037 36 0.667933826660379 0.0393155216124188 59217996.6037789 5.24750890799997 59217996.6037789
2 methylseq_8000.dot 17027257018 1.18714945103834 1.87948536745732 36 4.14799365503261 2.9999910955502e-05 25.007139076 278037768.810252 1.09834040389596 1.79919237949055 36 24.0152123926984 0.0263701009768109 278145218.418604 11.5715782680001 278145218.418604
2 atacseq_10000.dot 14091675276 1.07521842713494 0.789026050668715 36 3.03405233328154 0.0103908086170477 5.81992996099998 240312612.841127 1.05524732909916 0.72188778524629 36 3.34608695131217 0.0365678314013802 267076401.728686 4.27950009600002 267076401.728686
2 atacseq_20000.dot 11809629756 1.08802763605942 0.635518034327226 36 2.16835576254002 0.0225509672913444 29.694224766 228436654.108113 1.08612569173839 0.714277143467746 36 3.22217258396894 0.037059892355987 252821860.886785 48.605013314 252821860.886785
2 atacseq_30000.dot 3908761308 1.07589819385266 0.173329382109922 36 0.320222334834238 0.0295225554269612 45.7287151870003 190528250.299976 1.07580619510601 0.27034034011016 36 0.744107910277847 0.0445918869039562 233306704.505029 95.9252536330005 233306704.505029
2 eager_2000.dot 25705994498 1.3713579241443 1.38114514100254 36 28.4740768728771 0.0614712538340103 3.23558176599999 44967948.7608015 1.19017712779322 0.848034875517571 36 7.71785498233197 0.0293522783639785 36687193.5670867 0.509190700999999 36687193.5670867
2 eager_1000.dot 14754556884 1.32232567545068 1.75498144307879 36 54.253943473903 0.0452319705189399 1.486152555 18805410.786538 1.38788950255669 1.21823360494423 36 13.4368952312528 0.0211188013040107 14536773.7657756 0.231131944 14536773.7657756
2 atacseq_30000.dot 11187378708 1.08079183373253 0.628830699290163 36 1.95849134966746 0.00780370958331283 78.844827184 351940647.456762 1.0839384319434 0.702998694189315 36 3.05412319235557 0.0323388319365973 412254295.478725 135.066192796 412254295.478725
2 methylseq_10000.dot 8885797810 1.09903485203607 1.80865818316222 36 21.173159072422 2.36866799166215e-07 55.935213669 193634024.394541 1.08761758671724 1.80108351704347 36 23.2736109945919 0.0197092732061186 216668980.454036 18.5595967779995 216668980.454036
2 atacseq_4000.dot 11809629756 1.09735843354283 0.723718737941234 36 2.5997148594757 0.00738398087307164 2.74655085800001 43170196.7413636 1.07814737639384 0.75520683694248 36 3.50265760952851 0.0318494016176828 48755918.4409022 1.477098898 48755918.4409022
2 atacseq_1000.dot 14091675276 1.09058558652676 0.877490121254611 36 2.22512624452612 0.0100793495130458 0.357282923 24534987.2304976 1.07142088467088 0.810082784416177 36 3.78062149873888 0.0305507524766709 25737687.5198608 0.0733012370000002 25737687.5198608
2 methylseq_4000.dot 6273818718 1.15900424233757 1.20535257351157 36 11.5665418659325 0.000163745177931947 6.39445229900001 46300678.0171092 1.11085291640847 1.20473535647976 36 12.5935646398596 0.0172970048298787 50578157.6286315 2.10662994400001 50578157.6286315
2 chipseq_1000.dot 4605965334 1.16175170982863 0.43280910820125 36 1.04655440336316 0.0165062416366175 0.412739837 9797339.49728521 1.12327536245805 0.504545739672835 36 1.37633633717073 0.0283880553685964 11215002.4927209 0.0994592680000001 11215002.4927209
2 atacseq_200.dot 11809629756 1.24154761904762 1.0252732929332 17 1.86916394214859 0.122965872427533 0.060505493 3063210.81314594 1.23659692159692 1.31816113315132 33 4.54453493026075 0.0792982983241934 2611496.18249741 0.007732967 2611496.18249741
2 eager_8000.dot 19075314980 1.28920281603457 1.01894931164598 36 17.5050486558937 0.0324827775052153 37.3004293000002 117744604.960761 1.13967986744044 0.756677454796845 36 8.53729778875943 0.026817411838506 102702947.472608 8.06077308300002 102702947.472608
2 methylseq_10000.dot 110641579976 1.10240127797151 1.84696313938745 36 23.7102161772748 7.94523331825853e-05 42.8058945000001 2327425951.37098 1.08955486956689 1.84452651057061 36 23.7947186111159 0.00158091869397859 2327499061.43438 14.4341221859999 2327499061.43438
2 methylseq_2000.dot 22500260922 1.22695544081086 1.23148215080527 36 13.4176196927207 0.000850963102431739 1.360191793 70303861.9713685 1.12950213552623 1.21036479881289 36 12.809188817501 0.00648197647520861 71188694.348104 0.428977163 71188694.348104
2 chipseq_200.dot 32978181418 1.30145524118738 0.948041440043488 16 7.74966928473639 0.0312039267258048 0.046619539 16392463.5568868 1.1722132034632 1.37510953311582 36 10.1517941177372 0.0120359276310351 14089898.503374 0.00395552 14089898.503374
2 chipseq_2000.dot 4605965334 1.11456759221791 0.337994468889028 36 0.7498003859196 0.023463910904717 0.901938928 19831417.553288 1.1062235496571 0.476831005184242 36 1.26633243194721 0.0345471594733644 22906490.8361171 0.344426339 22906490.8361171
2 methylseq_30000.dot 8885797810 1.37768652434518 1.78344489102536 36 21.0160598191385 2.50674667645613e-08 627.317807563 580653466.793631 1.09549110649554 1.80881371829259 36 23.9060423628616 0.0205701626425628 653534762.166102 349.004553608003 653534762.166102
2 eager_20000.dot 19075314980 1.21080840532897 0.972416936149379 36 12.2584717173799 0.0192857151949844 193.511009035999 270004074.95915 1.12688862724812 0.755390726711063 36 7.71919170561042 0.0276679828603309 260258802.858643 75.9993378730004 260258802.858643
2 atacseq_8000.dot 11809629756 1.10449853078799 0.67687111880478 36 2.44554641839618 0.0221929255494891 7.746204844 92062329.459601 1.08403715897261 0.746499652979155 36 3.4601537466326 0.0349484904992253 98901289.7375619 6.45257831500002 98901289.7375619
2 eager_30000.dot 19100037384 1.18465772384614 0.942600289019792 36 12.1549008104673 0.0225744344233753 438.896725112003 412843376.8982 1.12209874593896 0.75327904307303 36 7.62084566303243 0.0277953002188571 392325205.608875 230.548704728998 392325205.608875
2 chipseq_200.dot 4807293396 1.28806238404453 0.705095418900532 14 3.24332347006586 0.0880956002739876 0.055889923 2434856.21213746 1.28699945887446 0.885586251559108 36 2.79128474703596 0.0300918879318625 2105139.35004161 0.00618934400000001 2105139.35004161
2 chipseq_200.dot 3793245764 1.20813041125541 0.676473935414723 18 2.48848482046831 0.0511775270648974 0.061093479 2941712.23567539 1.17410714285714 0.611859472729568 36 1.41952581186842 0.0167348330779618 2258356.96723094 0.006813043 2258356.96723094
2 eager_8000.dot 19132169434 1.27686818380314 1.03705543238011 36 17.6881070427344 0.0300957050811056 37.304670421 120151742.324859 1.15517236341797 0.756675031322969 36 6.62058424832645 0.0263796964272768 102660647.158109 7.85591347900004 102660647.158109
2 atacseq_10000.dot 11187378708 1.08952201535785 0.661920658921182 36 2.27447991098215 0.0180019126333069 9.60662265800002 122775656.910311 1.0841622173474 0.714799027939041 36 3.10184128759154 0.0299576327166633 134178277.314013 10.5109124719999 134178277.314013
2 chipseq_20000.dot 4807293396 1.09005916382321 0.396799527602244 36 0.936977219625461 0.0342952016947715 24.371263107 169547608.374388 1.10317397584683 0.469200306625771 36 1.63818551712952 0.066362584223299 206744290.971069 49.4153946850004 206744290.971069
2 chipseq_10000.dot 5058052541 1.11361217364507 0.393805956674278 36 0.906182107987564 0.0341049997834309 8.42549482700001 99225134.2155727 1.12991687979941 0.470211909387196 36 1.60070882924929 0.0564301265296383 125532069.974945 10.770738765 125532069.974945
2 atacseq_4000.dot 11187378708 1.11260575363805 0.715998336253365 36 2.69111475215663 0.0173244566594636 2.728647838 49121536.5653493 1.08643561999963 0.743800286355005 36 3.34557205261109 0.0292489478749524 52937680.2838381 1.493664554 52937680.2838381
2 chipseq_4000.dot 32978181418 1.13412527592952 1.05364907123489 36 5.06418525532682 0.00265947120391545 1.614355901 330623256.667924 1.10292334761674 0.963201548906162 36 5.13158502634328 0.0230843107523705 329248458.307873 0.285630464000001 329248458.307873
2 eager_4000.dot 19075314980 1.33872650313897 1.09404835000845 36 21.2157394191698 0.0408916679189549 10.761280654 61732488.4050922 1.16316701522561 0.83493002262648 36 8.07790060168488 0.0250414468082328 52082497.6452487 1.892179588 52082497.6452487
2 methylseq_4000.dot 17027257018 1.32679107679108 1.88040023734106 36 4.20539695213853 0.00041828692724746 5.474391822 139355391.249638 1.11163147274258 1.80017829831391 36 24.0936054393658 0.0264349633687751 139368589.719589 2.37351330300001 139368589.719589
2 chipseq_1000.dot 41366257414 1.08152584594892 0.839343929650003 36 3.64961605161336 0.00203229134637983 0.322181937 91974663.3157264 1.08528250595558 0.796970413653819 36 3.22609046286195 0.0124270457021055 98677640.7455534 0.029267095 98677640.7455534
2 atacseq_10000.dot 3908761308 1.08565379714709 0.165522839848364 36 0.318208935655506 0.0270332335911902 9.117790057 63628412.4011844 1.07842943396857 0.248222245915159 36 0.658291312828263 0.0408372482628758 74070616.1386373 8.35613854299996 74070616.1386373
2 eager_1000.dot 19100037384 1.35227992727993 1.74563594251464 36 40.1311037150768 0.0947267942581028 1.395542055 21591372.9120951 1.34510866046277 1.02687256460229 36 12.2554517497243 0.0298181044150767 15054767.3271206 0.223344762 15054767.3271206
2 eager_25000.dot 25705994498 1.22127808138283 1.18047349559225 36 16.5832790632214 0.0201043723015762 387.420682577 488358856.239048 1.10641794650421 0.785258270971621 36 7.23704126427991 0.0269582576778699 449768378.208119 111.020390944001 449768378.208119
2 chipseq_25000.dot 41366257414 1.05033130553962 0.827048902309582 36 3.13532963102137 0.00167206490359568 23.274255385 2400653261.75872 1.08553228344893 0.780903205830565 36 3.06658146757548 0.0131968345378548 2541184753.22492 9.1407476689999 2541184753.22492
2 methylseq_15000.dot 11897958606 1.38963234079328 1.86727766222394 36 4.31067104197313 0.000106183868795253 119.334395265 431432110.316938 1.10633586234069 1.81443578571702 36 24.4703218355796 0.0218382531936997 431662773.030872 59.8845496810012 431662773.030872
2 atacseq_30000.dot 2223941232 1.07660907873273 0.0588135308068401 36 0.117207310025294 0.0267743687321105 65.8351483640002 109034176.854108 1.08312275216392 0.130873239456418 36 0.376756765093068 0.0469860076946362 123927655.891007 121.00456928 123927655.891007
2 methylseq_1000.dot 11897958606 1.38546248486007 1.9406352613646 36 3.89761086354155 0.00177747259042298 0.527854473 28997794.7157381 1.16445145662013 1.81467952870378 36 25.5562448938656 0.0225323095458736 28797181.7650463 0.149745588 28797181.7650463
2 atacseq_2000.dot 3908761308 1.0993802601826 0.25901095945693 36 0.512574697106138 0.0168916216327735 1.114268269 12869716.4920195 1.07686211888202 0.269733684198145 36 0.650105679961659 0.0284011934264889 14270343.3658907 0.350184638999999 14270343.3658907
2 methylseq 11897958606 2.83333333333333 1.5873381951677 4 116.88591497023 116.88591497023 0.003134685 1840539.78752819 2.83333333333333 1.84407275080525 5 1288.5368097944 1288.5368097944 1840539.7875 0.000272817 1840539.7875
2 chipseq_25000.dot 5058052541 1.12465087985919 0.393213375596693 36 0.897448826020769 0.0320288211126709 42.524910777 255598320.348272 1.11033982388148 0.427074589499174 36 1.48770701824808 0.0616830684688325 309234748.076005 78.8783568430003 309234748.076005
2 methylseq_15000.dot 110641579976 1.11237773287416 1.84863354075258 36 23.8460130831148 9.4389786959482e-05 133.601684229 3490913100.70753 1.10153096021794 1.84541702512854 36 23.8522577778263 0.00154484219636671 3489128520.89055 43.6725881920012 3489128520.89055
2 methylseq_15000.dot 17027257018 1.23520403624487 1.87323716048164 36 4.21479785920074 8.50450097912188e-05 111.772370899 521575611.037645 1.10297762019142 1.80754201469345 36 24.5983089005853 0.0264535508524925 522416445.392463 62.1127721350008 522416445.392463
2 eager 14754556884 1.88513513513514 1.70069947529178 8 28.9410543726577 22.8311133134169 0.040915461 5990652.65329333 2.19414414414414 3.07941748099702 12 161.24073953664 21.041067568451 5682802.91865663 0.006187381 5682802.91865663
2 chipseq_2000.dot 32978181418 1.13897738601061 1.05671978619244 36 4.90034018001761 0.002434341838616 0.694626168 162503638.326748 1.10264050295696 0.936203602963137 36 4.85733261707436 0.0220242416705683 162288999.081303 0.0899695030000001 162288999.081303
2 eager_2000.dot 19100037384 1.35172465714261 1.17475784997122 36 34.9537909627245 0.0490890778966625 3.56833089099999 33432349.5399608 1.28012047408332 0.804605723975151 36 6.62026602289227 0.0231467891697833 26692348.5456127 0.582708351000001 26692348.5456127
2 atacseq_20000.dot 14091675276 1.07232437901777 0.741857339806503 36 2.78541529775054 0.0110439783422593 13.888372501 479225936.622702 1.06213877183544 0.732729298951405 36 3.4145130909627 0.0373822990535589 538545107.191474 20.2073400309998 538545107.191474
2 atacseq_20000.dot 2223941232 1.07799175311991 0.0701400804485926 36 0.125215663230675 0.0241430670869103 31.71215697 72194640.070959 1.08120980601842 0.126478704459244 36 0.371413692090755 0.0450461703296378 81546731.6134323 46.8546800499993 81546731.6134323
2 chipseq_2000.dot 5058052541 1.10780595986292 0.478875584536705 36 1.19704224624438 0.0296029805278617 0.881179151 20871565.4107182 1.15921005418632 0.443261301046415 36 1.38375082064721 0.0477809706655023 23061653.5506343 0.416435059000001 23061653.5506343
2 methylseq_20000.dot 11897958606 1.24961413136685 1.8686925345833 36 4.25491347188455 3.55438136309192e-05 216.129485258 575184426.405287 1.09231946746956 1.80990319939804 36 24.1559244984891 0.0218699650623554 575737100.76639 118.559057158001 575737100.76639
2 atacseq_25000.dot 14091675276 1.06766115262179 0.74422036854372 36 2.61620012228477 0.0107772860488294 19.7429624819999 599667962.000446 1.06331971635049 0.737111367173595 36 3.43837659189531 0.0372233578603293 673841348.417486 33.8027129730004 673841348.417486
2 atacseq_4000.dot 14091675276 1.06490514176861 0.804555806135582 36 3.36770675450508 0.00881814577026954 1.748393482 95690607.4483958 1.05918410700165 0.715012287870002 36 3.27636064967242 0.0345088323802198 105111057.089199 0.727465874000002 105111057.089199
2 eager_200.dot 25705994498 1.75960960960961 1.24466559161737 13 184.965099854045 4.71444831219493 0.14344898 13251442.5150904 2.00778635778636 2.43254013143517 36 69.7826288061903 0.416458291429819 7566939.22176702 0.018202475 7566939.22176702
2 chipseq_15000.dot 4605965334 1.11249589656308 0.312477307149881 36 0.669824054577874 0.0253263357135205 11.769191351 150724313.261263 1.10559758827704 0.475329206996862 36 1.42692704299639 0.0492203768895745 190872672.337882 19.4467309999997 190872672.337882
2 atacseq_15000.dot 14091675276 1.07150723186071 0.766233969639466 36 2.81074466007137 0.0119203602772024 9.82230843099997 361644492.031379 1.06213596778469 0.724048032045167 36 3.37487537649102 0.0373473577002441 402569975.676901 10.475161227 402569975.676901
2 methylseq_200.dot 110641579976 1.73561507936508 1.75809229935239 28 4.50000396316009 0.00613585012206876 0.071597702 46828205.1369672 1.69303902116402 2.01229311731308 36 5517.88351307626 0.0125621768636605 47627642.3827437 0.00771246100000001 47627642.3827437
2 methylseq 6273818718 2.83333333333333 1.58134638827232 4 73.6600383014829 73.6600383014829 0.003174205 991875.362539161 2.83333333333333 1.83781418135881 5 957.732837519931 957.732837519931 991875.3625 0.00028208 991875.3625
2 atacseq_15000.dot 11187378708 1.08152838926955 0.663603689301315 36 2.13511726336127 0.00577783117150497 21.703262725 174097993.830933 1.08310395869801 0.710609670205745 36 3.12124824698224 0.032637363143049 201516144.538132 25.9994925159997 201516144.538132
2 eager 25705994498 1.75990990990991 1.6069768182761 8 115.368288198657 109.170119369144 0.038673468 7805298.28250164 2.17923832923833 3.29939864282897 14 347.503783102507 53.911762263852 7566939.22176702 0.00605619 7566939.22176702
2 methylseq_4000.dot 8885797810 1.39428317206095 1.79265047103633 36 21.143840663827 0.000130171091847846 5.161890335 77390774.2125481 1.09650523539412 1.80093284064517 36 23.1960088415435 0.0188494133381341 86195294.9544222 2.23536091000001 86195294.9544222
2 methylseq_20000.dot 110641579976 1.08501019455404 1.8480111696887 36 23.8039209722985 4.46983394346404e-05 260.067656107999 4651707179.63176 1.06400099722432 1.84174547324828 36 23.5762388342007 0.00150945418591624 4652536036.05939 82.1730649839992 4652536036.05939
2 chipseq_2000.dot 41366257414 1.06000374888824 0.812220373269446 36 3.31047287799107 0.00176729495363467 0.689093115000001 187374109.671596 1.06586886215051 0.759665342924378 36 2.94730394504848 0.0126983927821834 199247815.661269 0.0731571160000001 199247815.661269
2 chipseq_15000.dot 32978181418 1.17108196999159 1.13305561646992 36 5.48710760560912 0.00263626633622281 9.68123620199998 1266535269.8002 1.09647326970468 1.00541078526436 36 5.2869381859059 0.0235065204967954 1247034736.49596 3.49863963700001 1247034736.49596
2 chipseq_8000.dot 5058052541 1.14348047459333 0.392672169915819 36 0.903897908753592 0.0343704854457381 5.81562846900001 78611322.4891717 1.12056117537113 0.471413282479699 36 1.55001373512612 0.055475256736273 99276127.56645 6.686091115 99276127.56645
2 methylseq_8000.dot 8885797810 1.31146225590671 1.79261513365505 36 20.7803412417483 3.48171087720393e-05 29.798759857 154676976.500049 1.09422716367161 1.79909612003786 36 23.1463783768521 0.0196421374911219 173162669.489222 11.11365068 173162669.489222
2 chipseq_8000.dot 41366257414 1.05585137824558 0.811971462542843 36 3.12461471426996 0.0015757548489097 3.985694053 762650523.163814 1.09242626821977 0.782695499475413 36 3.11819491935667 0.0129808927982491 810403001.576343 1.022607544 810403001.576343
2 methylseq_8000.dot 6273818718 1.28330115830117 1.18101932222173 36 11.1142992031922 2.3244953038224e-05 25.544167944 92515759.525064 1.09365317698651 1.21696516079421 36 13.198300387693 0.0181242533619152 101248334.718481 10.5571751149999 101248334.718481
2 eager_15000.dot 19100037384 1.26946939745082 1.00000447273466 36 13.8783920008017 0.0224117447820529 152.806075374 213000342.984512 1.13414121665323 0.760142363232586 36 7.51033850407274 0.0275336142654948 194154436.227647 37.8834050789998 194154436.227647
2 chipseq_30000.dot 4807293396 1.09497049638573 0.384496891513598 36 0.894973853798576 0.0366688771063658 45.0177722600002 248546387.632609 1.11186894405983 0.495213541453786 36 1.74685217642813 0.0669033697611946 313204218.548849 143.540365617002 313204218.548849
2 methylseq_30000.dot 6761426956 1.38323371676711 1.75455968357183 36 20.0690734948134 3.28594693194651e-08 625.885484282 446110973.076162 1.09601883081278 1.7908480107414 36 22.6906048932391 0.0203384714854359 501656058.913012 345.15674103001 501656058.913012
2 chipseq_1000.dot 32978181418 1.09372024876833 1.17655991256297 36 10.5933780364787 0.00237069380095213 0.314124017000001 79611330.9327339 1.12402047738586 1.02383308535031 36 5.58398338984921 0.0211858112157173 80198797.3174631 0.0320692969999999 80198797.3174631
2 chipseq_30000.dot 4605965334 1.10867773281763 0.330835185807777 36 0.692584627190657 0.0244508628735226 38.6744728249996 309527238.790103 1.10889069229351 0.483639720316472 36 1.46664762977498 0.0500556408240928 391057120.346925 99.8034404530012 391057120.346925
2 methylseq_10000.dot 6273818718 1.12077847011822 1.21098224290299 36 11.9823298567495 4.97120422978513e-06 56.4811143449999 115870761.48779 1.09212573918458 1.21619929505989 36 13.1733232255648 0.0182399654318118 126634252.841415 17.6915110789995 126634252.841415
2 methylseq_25000.dot 6761426956 1.1137591538456 1.80198502616228 36 20.7688875119713 4.96412417692668e-08 575.181575332999 372880006.759916 1.09588581792138 1.79153206487579 36 22.7339163797985 0.0203478681286917 418188234.030276 220.888210377004 418188234.030276
2 chipseq_10000.dot 4605965334 1.10475987567153 0.327960440378055 36 0.678616489437031 0.0257140065200278 7.144873035 98806134.2153445 1.11240039200566 0.463580797231815 36 1.37744983338109 0.0475381211140858 124447173.009173 7.97313444100002 124447173.009173
2 methylseq 22500260922 2.83333333333333 1.58730069794073 4 167.942693442092 167.942693442092 0.003164527 2905073.37428482 2.83333333333333 1.84393150475444 5 1247.25253431337 1247.25253431337 2905073.3742596 0.000276888 2905073.3742596
2 methylseq 110641579976 2.83333333333333 1.59493475460959 4 1317.86553223613 1317.86553223613 0.003106401 16977459.8667611 2.83333333333333 1.85201389804732 5 18568.2794244966 18568.2794244966 16977459.866761 0.00026677 16977459.866761
2 eager_25000.dot 8330435694 1.19359618283602 0.847757695056718 36 9.61960178349204 0.0443038354388184 340.907152616998 155605151.378543 1.13908175469995 0.256770456278815 36 1.04561201266076 0.0597731585195211 136877746.059211 182.977728582999 136877746.059211
2 chipseq_20000.dot 41366257414 1.05126431245015 0.82296080161068 36 3.11761789857924 0.00160776160453788 15.856010035 1918928362.47247 1.0897388098968 0.784121578427891 36 3.07874137432939 0.0131599636656737 2033176550.92148 5.94894964200002 2033176550.92148
2 chipseq_20000.dot 5058052541 1.11753776704103 0.390857256720935 36 0.889613742118802 0.0319254649509236 27.2773270389999 203733215.424207 1.11320882783256 0.426539546349449 36 1.4665729293827 0.0610793864889255 246649027.038653 46.5599061980005 246649027.038653
2 chipseq_8000.dot 32978181418 1.1335828976405 1.09763233347954 36 5.30447098312717 0.00235973731439573 3.946735731 670224510.111824 1.10523689672397 0.994546424818997 36 5.27417581994317 0.0233501473663269 663360246.200904 1.018354665 663360246.200904
2 atacseq_25000.dot 11187378708 1.09323879654904 0.655864360473058 36 2.22485785734821 0.0183622930489693 50.971011155 308959700.62781 1.08654839622266 0.696408769697011 36 3.0061444486699 0.0326346149485665 339218697.53124 90.5561082870009 339218697.53124
2 atacseq_25000.dot 3908761308 1.07980638105723 0.188551679226607 36 0.346173137764808 0.0267725799722062 34.3701663900001 162834309.993621 1.07543859708466 0.267737884525705 36 0.733174636981784 0.0438328647522256 192442633.10829 58.5462208230005 192442633.10829
2 chipseq_4000.dot 5058052541 1.11802685652921 0.415528719392086 36 0.9558891009188 0.0288259757689802 2.354346553 40773882.9692197 1.12705621815291 0.453577647879643 36 1.4460853337217 0.0543684781158461 47353676.7451847 1.554266698 47353676.7451847
2 eager 8330435694 1.88513513513514 1.73979948605445 8 27.783849535541 21.8666961840725 0.041523157 3244271.46202316 1.98063063063063 2.0897557816564 11 111.59048977956 36.3733931439391 3128618.19608628 0.006251292 3128618.19608628
2 eager_15000.dot 14754556884 1.21608638287537 0.967060229121446 36 13.3056135143715 0.01757938436897 115.494878343 194233828.651349 1.12133655510707 0.672483572113172 36 6.00366473153446 0.0229651808261215 179134021.204178 42.4740384630001 179134021.204178
2 chipseq_15000.dot 4807293396 1.10383327544741 0.384627204519079 36 0.89875313651696 0.0361603933701027 14.502397925 123597769.76978 1.10845299490436 0.483379609744316 36 1.67688418519107 0.0634185978198159 156416146.715214 27.1618221199998 156416146.715214
2 eager_4000.dot 25705994498 1.32827371412928 1.27137377728725 36 20.9004775032569 0.0206113640576734 10.553514736 76872252.7011895 1.17341433404231 0.91802941375219 36 13.030601792655 0.0274215697472299 72798008.179575 1.65932220099999 72798008.179575
2 eager_8000.dot 19100037384 1.31557742887978 1.04689959505318 36 16.6855551814251 0.0293987898117088 38.617400317 119410142.687609 1.16101418602966 0.760395247253829 36 8.20918908059553 0.0266891520964126 102721601.487977 7.937824033 102721601.487977
2 methylseq_4000.dot 110641579976 1.17552075885409 1.85863686380503 36 24.6116139369529 0.000235264601018779 5.048338941 931625786.94124 1.10025104469549 1.85440019158939 36 24.6563148644832 0.00176328587487138 931421356.304784 1.74851627699999 931421356.304784
2 atacseq_200.dot 14091675276 1.14737253487254 1.02089650240662 17 2.72756748533789 0.102733120492631 0.05748035 6001658.63088002 1.08827533577534 1.17170233777414 35 4.34797497021708 0.106416334944222 5580482.45605103 0.00691846 5580482.45605103
2 chipseq_25000.dot 32978181418 1.08558675746174 1.16679362679788 36 5.67551703325149 0.00265329385077455 22.49022989 2122148067.58572 1.10000418854584 1.01095477231551 36 5.46066844443882 0.0235703112688932 2084797885.67976 9.85778741499998 2084797885.67976
2 eager_10000.dot 19100037384 1.36053237336415 1.00664418753037 36 19.4118697815016 0.0389447591813822 61.2783468160001 158507656.421365 1.14263861918615 0.766607135458009 36 8.17781776748207 0.0268714142502326 130784219.159217 14.034175375 130784219.159217
2 methylseq_30000.dot 11897958606 1.35310473395706 1.86726215292468 36 4.31495819081557 4.24609883672482e-05 730.094019741 862609820.216339 1.1017285220967 1.81364314829485 36 24.4196569592129 0.0218885939585257 863995469.105725 360.103528992002 863995469.105725
2 atacseq_25000.dot 11809629756 1.08215802988923 0.671324190623169 36 2.37453831269867 0.0220801780753755 41.1105642229998 289423840.43436 1.08411307503131 0.716598952103007 36 3.2364357513172 0.0365229638447836 318125533.964501 82.8716368459992 318125533.964501
2 eager_30000.dot 19075314980 1.22116780710764 1.01060524940099 36 13.7536955319806 0.0230642585289206 440.889898779 416875463.044196 1.12445155680113 0.754717818610966 36 7.53758610643876 0.0279084241054535 390783658.699483 242.644772208 390783658.699483
2 methylseq_25000.dot 11897958606 1.38782395659498 1.86882484502898 36 4.29602524293829 6.36491058305295e-05 466.324134695001 719221776.345433 1.114894573608 1.81550881574039 36 24.5506843372647 0.0218756159042074 720200966.24675 247.321455244003 720200966.24675
2 eager_15000.dot 19132169434 1.24343003875805 0.992183579516366 36 17.8020118097326 0.0338029141985731 131.292240938 215435321.361916 1.14147369647785 0.76069100483202 36 7.34225892359615 0.0276296210673434 193516727.56463 36.8292821829996 193516727.56463
2 methylseq_30000.dot 22500260922 1.13243498457587 1.23159400224553 36 13.5207084226622 5.37387063596071e-08 485.231534817001 1054167711.20925 1.09335797811191 1.23156938389158 36 13.8115369859189 0.00612158192694758 1069243596.08103 307.704020953998 1069243596.08103
2 atacseq_2000.dot 11187378708 1.11061066520625 0.709873067818008 36 2.80729064557134 0.016851147729089 1.039724926 24099545.0981046 1.08460614820909 0.744201814622833 36 3.18133999326298 0.0233169513222653 25521462.8942819 0.360762386 25521462.8942819
2 methylseq_10000.dot 11897958606 1.32982875689958 1.87199015789405 36 4.27974795559955 0.000175533267265511 39.500561725 287801451.216193 1.0969689463087 1.81009516212575 36 24.1641147120526 0.0218210228282905 287703910.759442 19.5731517079995 287703910.759442
2 chipseq_25000.dot 4605965334 1.10725565413063 0.322366218647491 36 0.679459129932126 0.02401751354568 28.6787214610002 258684183.808847 1.1174645237145 0.488806972990122 36 1.48656896292749 0.0498579236745765 326479005.206283 61.9454993030007 326479005.206283
2 methylseq_30000.dot 6273818718 1.10856988297968 1.21604760461292 36 12.3022942453856 5.15224648935484e-08 786.765492594 348118446.534368 1.09085856564852 1.22077624007164 36 13.5435586103657 0.0196822100257029 382424189.210032 319.252714606997 382424189.210032
2 eager_30000.dot 8330435694 1.1954511696202 0.746187563190786 36 5.45107255928149 0.0436892874301386 449.966741285 183881088.470769 1.12521664355997 0.254491256972563 36 1.04953553845089 0.0601974226351529 165116849.961986 300.175324652009 165116849.961986
2 chipseq_200.dot 4605965334 1.19027326839827 0.529355266715279 14 1.319755204096 0.0909431606617676 0.058698706 2875273.72081055 1.22143630179344 0.650953280010964 36 2.09275891339112 0.0197796749756705 2321955.79419039 0.006411367 2321955.79419039
2 methylseq_15000.dot 6273818718 1.1025137570374 1.21423055364644 36 12.1583244608479 3.72358550217728e-07 141.184160878 173880526.590415 1.08877684157911 1.21958093275258 36 13.5134052777597 0.0193332065231207 191044783.78812 51.9369888910011 191044783.78812
2 methylseq_2000.dot 11897958606 1.27887741441958 1.91101805071598 36 3.87794594155139 0.000356831054807632 1.500323126 57577113.4043849 1.13989290495314 1.80858299838385 36 24.4990016067184 0.021692093994167 57258829.4076454 0.514614883999999 57258829.4076454
2 atacseq_200.dot 3908761308 1.23084475709476 0.782672121120268 16 1.06285384423625 0.126408966717679 0.065944977 2459930.47412895 1.22577071077071 0.864707672264549 34 1.81932338949652 0.0250561712666859 1866205.47167315 0.007555252 1866205.47167315
2 eager_8000.dot 8330435694 1.27038405632831 0.92092369988437 36 9.53161150279307 0.0401350638892386 36.282275459 46243978.3844456 1.15227944941051 0.256828794884076 36 1.02512081088708 0.0587741872314034 43974057.707548 10.889365539 43974057.707548
2 atacseq_200.dot 2223941232 1.20097522847523 0.781254886739673 18 3.95673503863923 0.159846870040167 0.067318595 1811780.40386587 1.19248547748548 0.745116882130063 36 2.47569006283325 0.0422018912617121 1196090.47509215 0.007257462 1196090.47509215
2 chipseq_2000.dot 4807293396 1.09769291889545 0.493943056515665 36 1.33381410289786 0.0309889508843801 1.017999802 16904138.7267525 1.0983291497532 0.473184610531447 36 1.45717740736913 0.0477296885316498 19017890.3307986 0.387679274 19017890.3307986
2 eager_20000.dot 19100037384 1.24338380142419 1.00167648405119 36 14.4382797276333 0.0211184269990511 210.670706066001 277873673.069921 1.12137637717294 0.759463742002598 36 8.49496306613299 0.0276561382871848 260737744.486319 77.5394502829999 260737744.486319
2 eager_10000.dot 19075314980 1.28623644815958 1.05714446375596 36 19.4382143986125 0.0335241266744976 57.371331137 152851192.438602 1.13473997553357 0.769487190375796 36 8.09697193924948 0.0265407635958489 128998228.292896 13.972004259 128998228.292896
2 methylseq_25000.dot 6273818718 1.09373817271084 1.2155591035103 36 12.2520655018081 1.65819406234606e-07 477.048212344 290032192.587493 1.09418649841121 1.2216116846856 36 13.6328256349917 0.0194569085612924 318716588.1567 204.842082006003 318716588.1567
2 eager_10000.dot 8330435694 1.27963844830038 0.940653986852484 36 9.89519672631551 0.0397852151144811 53.6139716649998 57688106.6222649 1.13895827200277 0.262378246851419 36 1.06870234979152 0.0584837221523331 54745498.4946642 16.3854665389998 54745498.4946642
2 methylseq_200.dot 8885797810 1.67311507936508 1.74379474114486 28 3.67214511695794 0.0102357141085071 0.072637015 4094410.2877495 1.66211970899471 1.99668959281555 36 669.018526623089 0.018162597230445 4143188.84714056 0.008583062 4143188.84714056
2 chipseq 32978181418 1.72916666666667 1.1819919347353 5 11.555577651446 11.555577651446 0.00553826 9697980.0815665 1.66666666666667 1.56302294323318 7 8.27347428362495 8.27347428362495 9744202.79249644 0.00047355 9744202.79249644
2 methylseq_2000.dot 6761426956 1.13004398546567 1.80310986770501 36 21.0570913061426 0.000737936439997538 1.622236538 29866934.7129222 1.12876904443169 1.76567795743946 36 21.3384626145855 0.0181827324273857 32820885.9738371 0.496517982999998 32820885.9738371
2 atacseq_20000.dot 3908761308 1.07650377155416 0.14225624840482 36 0.280887876028379 0.0296191510463076 23.9863508369999 124485811.141504 1.07311247749442 0.256146477498643 36 0.719070862429875 0.0439990533244711 153256258.15378 35.7384255820003 153256258.15378
2 atacseq_1000.dot 11187378708 1.10378404275463 0.815636282634375 36 1.93941709667692 0.0175466973765627 0.443251633 12073022.3497035 1.07607763070263 0.789933504743384 36 3.37903456261375 0.0187642368038307 12489672.6994441 0.0862270370000001 12489672.6994441
2 eager 19100037384 1.88513513513514 1.62754349995099 8 21.5031823820697 16.4704023455199 0.040421169 5875354.54833392 2.19414414414414 3.04788855305991 12 178.951008808414 22.6709070511163 5763743.40955697 0.006173272 5763743.40955697
2 chipseq_10000.dot 32978181418 1.25165481709185 1.09272299614741 36 5.293689965451 0.00244811487588599 5.29724716999999 838482966.240047 1.10042420768455 0.986936864409975 36 5.20219803629209 0.0233447510654487 829078296.12525 1.538343438 829078296.12525
2 methylseq_2000.dot 110641579976 1.15037929495761 1.89365455208252 36 28.7885867637828 0.000449565042570432 1.51975343 465453566.454676 1.14165391725632 1.87048510547441 36 27.1776789627622 0.00179819326291989 464434880.342389 0.416166777 464434880.342389
2 chipseq_8000.dot 3793245764 1.10469735332589 0.19929382840555 36 0.364626257833077 0.0221044987382941 5.573963349 75704821.184621 1.13099198346064 0.302798059764611 36 0.904904402527423 0.0374855825097134 95915911.3740937 4.77563090900002 95915911.3740937
2 eager_25000.dot 19132169434 1.22439184634362 1.01853019244647 36 16.1805629586398 0.0200970193177179 319.319803478 348718453.214442 1.13127793392597 0.750938240642448 36 7.72768749890549 0.0276039717860716 326503351.064092 146.161279868001 326503351.064092
2 eager_4000.dot 19132169434 1.33214494257192 1.0196314587128 36 18.1091838429337 0.0445372574575142 11.029676293 62085566.5351396 1.15670984047215 0.841394092488078 36 8.2243218023018 0.0240594603195013 52766654.0831649 1.78469398400001 52766654.0831649
2 chipseq_1000.dot 4807293396 1.13422274840544 0.670151070074983 36 2.3361270006723 0.0263199616750164 0.404382103 8642470.25705251 1.11773442903251 0.520709550383295 36 1.70788897061725 0.0387192238454308 9438916.50738901 0.107372349 9438916.50738901
2 eager_15000.dot 19075314980 1.27677483935256 1.05349866527503 36 15.4547887277811 0.0235964749099985 139.616761968 219106767.202185 1.12135445360867 0.758862417957769 36 7.3407771887542 0.0279052022205512 193528153.638144 39.2140591430005 193528153.638144
2 methylseq_200.dot 6761426956 1.66939484126984 1.73478973495328 28 3.8445779117682 0.0101468207022734 0.073549878 3144549.40042226 1.64484126984127 1.98112832263934 36 677.013450762316 0.0181245056966922 3167540.31667829 0.00861448700000001 3167540.31667829
2 methylseq 17027257018 2.83333333333333 1.58695547717156 4 105.599860812469 105.599860812469 0.003129733 2175361.36462051 2.83333333333333 1.8436660310033 5 806.338609393329 806.338609393329 2175361.36458333 0.000271458 2175361.36458333
2 eager_1000.dot 8330435694 1.31502371502372 1.54953325703734 36 29.9016868337809 0.0838509257762526 1.389636848 9932928.69683655 1.22728559773839 1.08561143424144 36 6.24974167540955 0.0557184775186901 7078028.60882437 0.183545599 7078028.60882437
2 chipseq_4000.dot 3793245764 1.12311404528386 0.227301123849676 36 0.427725075123359 0.019459893271676 2.243411812 38228705.2573425 1.12921518994632 0.286382969170564 36 0.847855590403827 0.0334884487809526 46444360.3751447 1.291676147 46444360.3751447
2 methylseq_200.dot 11897958606 1.61210317460317 1.76086984919236 28 3.85931813137961 0.00481813533130151 0.074228437 5816382.10429398 1.68427579365079 1.99404392674423 36 924.28725956035 0.0270185508953935 5694141.48406239 0.008292333 5694141.48406239
2 atacseq_1000.dot 3908761308 1.10270664058164 0.482638342690719 36 1.63109883203043 0.0129840570914516 0.440180105 7051282.11517802 1.08244011544011 0.311151540013915 36 0.850966704948856 0.0139634291836405 7039172.74706792 0.0903158299999998 7039172.74706792
2 chipseq_1000.dot 3793245764 1.12431051854129 0.373700388312196 36 0.851681444197193 0.0154940385103263 0.418773313 9786418.33538793 1.11631864396287 0.380516087565728 36 1.06380092408472 0.0205686737993365 11174553.3164686 0.102785206 11174553.3164686
2 atacseq_2000.dot 11809629756 1.10909377651376 0.714839018147391 36 2.8105920839386 0.0201694674795338 1.008151398 22574753.4187403 1.08490371511205 0.734539616715089 36 3.16632292551678 0.0256772422456439 23291500.2148522 0.352141752 23291500.2148522
2 eager_4000.dot 8330435694 1.29769500264626 1.01910418138453 36 10.6760250988745 0.0601282118800319 10.869895865 25986533.5419461 1.19928414410416 0.434492710828302 36 1.53444332225229 0.0545332587770415 22794410.1687618 2.29275884899999 22794410.1687618
2 methylseq_200.dot 22500260922 1.74255952380952 1.74865361745382 28 3.79391916973489 0.00994418313019741 0.070750659 8425260.22655383 1.71164021164021 1.9960543310013 36 917.618418411276 0.00826866934991039 8185413.20419351 0.008421447 8185413.20419351
2 eager_4000.dot 14754556884 1.31676648219785 0.997021402383363 36 17.4156881764328 0.0431219499659698 10.932849609 58687625.383917 1.18019583350437 0.770742232409764 36 7.08957540702279 0.0215721595330317 48486683.4594711 2.06836247400001 48486683.4594711
2 methylseq 6761426956 2.83333333333333 1.58326217578873 4 72.0423809343665 72.0423809343665 0.003182613 1080079.26254551 2.83333333333333 1.83987001932113 5 837.763194802434 837.763194802434 1080079.2625 0.000279409 1080079.2625
2 eager_200.dot 19100037384 1.93299013299013 1.20799360281832 12 53.6199500435588 2.14063669899298 0.150943528 5956501.77805404 1.97039897039897 2.91786809458729 35 68.0388965597645 0.953724396572889 5763743.40955697 0.022132286 5763743.40955697
2 methylseq_20000.dot 8885797810 1.0916239511678 1.81216096481405 36 21.3779309261966 9.84288940840514e-08 315.345402765999 387746152.688803 1.09921905270048 1.80909724361966 36 23.8879545259468 0.0202718027928337 435029921.090665 124.011496883 435029921.090665
2 atacseq_25000.dot 2223941232 1.07895272080731 0.0655988923463038 36 0.120397573931196 0.0250104054116599 43.966711687 90086279.4952131 1.08106761299573 0.128282063199903 36 0.371685308140124 0.0461252670070294 102463070.562538 78.2108805820006 102463070.562538
2 eager_20000.dot 25705994498 1.22909775296241 1.2558185354245 36 19.4502030195247 0.0280134136914729 225.331396475001 406664542.176973 1.1079382466393 0.80172520193586 36 7.38539491997974 0.0268702170998893 359837786.020053 61.1921121160003 359837786.020053
2 eager_25000.dot 19075314980 1.22222828049848 0.952716516441715 36 15.8051541336048 0.0192938632836761 325.307198835 341256368.812561 1.12375380717056 0.752016436871995 36 7.58477814990887 0.0275922546375425 327195726.366947 142.33080464 327195726.366947
2 chipseq_15000.dot 5058052541 1.11224280206437 0.396732356077906 36 0.908655818005241 0.0312430818469782 16.572366884 153028224.350712 1.1205517927398 0.444283128563756 36 1.51084494876494 0.0605767640154572 186294166.75793 25.7370995019997 186294166.75793
2 chipseq_1000.dot 5058052541 1.08771983892176 0.663849501107042 36 2.76373688987194 0.0238699623380011 0.410193118 10422841.9196134 1.12169334404911 0.48926296053125 36 1.64544741609192 0.0403544746036343 11298025.6665143 0.109907513 11298025.6665143
2 atacseq_15000.dot 11809629756 1.08961846569172 0.638626631814554 36 2.02021376439722 0.00699651728635712 17.287206637 160256006.266877 1.08476604545173 0.728253927664668 36 3.34573626863239 0.0366095059875 188186189.16361 26.0461999029995 188186189.16361
2 methylseq_2000.dot 8885797810 1.13252215210046 1.81833482674493 36 21.8250962434066 0.000742531023951463 1.61548101 38908250.6002495 1.12942245171161 1.80674923326743 36 23.5915842979513 0.0184069687272573 42930554.4320309 0.491744852000001 42930554.4320309
2 chipseq 41366257414 1.8125 1.16739637777661 6 11.8096658571679 11.8096658571679 0.005129034 13087456.4412808 1.734375 1.58686983821047 9 13.4513366760586 7.00573576697791 13078758.6243623 0.000522364 13078758.6243623
2 methylseq_15000.dot 8885797810 1.11214580129714 1.80766835465934 36 21.0987004584766 8.61217366650706e-07 149.708831251 290573075.111547 1.09810917517085 1.80868139828805 36 23.8240874984849 0.0200218549833234 325637261.159473 56.6214452050012 325637261.159473
2 methylseq_30000.dot 17027257018 1.13552193364121 1.84691133111539 36 23.2771697678364 5.53290003069977e-05 441.321014967 1043080371.03046 1.09624961095552 1.80520426847167 36 24.4462189171424 0.0265201110251899 1045499144.27331 357.110090825002 1045499144.27331
2 eager_2000.dot 19075314980 1.35012665302561 1.2591179956562 36 23.9384810874841 0.033673714466742 3.48033227999999 31224575.3588932 1.24385267295484 0.807346421387664 36 6.68474246711871 0.0230314516160057 26678537.6157285 0.556179159000001 26678537.6157285
2 eager_2000.dot 19132169434 1.33928852736901 1.25568714224256 36 28.2143168605309 0.0351291530061859 3.736977611 31804763.5219872 1.24692059072864 0.806908485947263 36 6.82503893470632 0.0233678345023236 26722982.5436752 0.565124535000001 26722982.5436752
2 chipseq_20000.dot 4605965334 1.14838646829805 0.304371782577657 36 0.659371396687941 0.0254153705608738 17.8013929560001 202743890.464482 1.11314407849137 0.477240812026102 36 1.45830800053129 0.0510505006874115 256835756.477555 35.0950600400001 256835756.477555
2 atacseq_200.dot 11187378708 1.24693783068783 0.946827208929967 16 1.73981638142268 0.117177906793596 0.059143652 3243489.24716368 1.22689023939024 1.27971117737007 36 6.18672163484138 0.115795515411216 2907620.54660353 0.007103064 2907620.54660353
2 chipseq_15000.dot 3793245764 1.09076395919048 0.199344038087621 36 0.357355311338715 0.0217926018526817 14.146395478 144428413.080434 1.12511611927303 0.31604662249632 36 1.00346807130199 0.040088862029452 186978302.686715 18.6506045979996 186978302.686715
2 atacseq_8000.dot 14091675276 1.06815076280195 0.80359742467611 36 3.1851626512535 0.0115568832939357 4.41446696 194734255.619665 1.05925559266575 0.725492008413387 36 3.34692854775179 0.0366710062563658 212945675.748114 2.762577694 212945675.748114
2 eager_10000.dot 19132169434 1.24626228032713 1.02652806570401 36 17.8731976489882 0.0258343112008587 55.718349196 145610591.619052 1.13725042095808 0.765137891019504 36 8.19863390623383 0.0271839665619243 130062433.049206 13.4047650380001 130062433.049206
2 methylseq_8000.dot 11897958606 1.2696744363411 1.87050251851929 36 4.23532685881937 3.00945104991575e-05 25.170625263 229951089.147446 1.09377631599854 1.80401568433621 36 23.7435319994116 0.0217825738614587 229719460.625488 11.683428989 229719460.625488
2 eager_15000.dot 25705994498 1.25752413024541 1.23152012893543 36 17.7947443752319 0.0245590406638492 119.483307777999 300042397.056988 1.11115190701074 0.775552220529776 36 7.33804937348937 0.027213534378377 270304194.932039 30.5044738879998 270304194.932039
2 eager_1000.dot 19075314980 1.41500377437877 1.75272984941913 36 21.4902001229377 0.0304315512178003 1.411522979 17024846.6387944 1.40449951139773 1.13181074231916 36 9.93485495574673 0.0281230182372666 14910437.890487 0.205360576 14910437.890487
2 eager_30000.dot 25705994498 1.22654181181492 1.3468299390674 36 21.5259427230432 0.019597645513612 595.182497537002 593641513.036255 1.10535274221342 0.778052403768835 36 7.19318097995086 0.0265569716909118 539792173.754443 180.222760411999 539792173.754443
2 eager_10000.dot 25705994498 1.28876974041204 1.27209997402859 36 21.110955070873 0.0351839533183289 61.3324284869999 211927669.983699 1.11166054493104 0.801521416047878 36 7.80087377364036 0.0270054500608443 180648699.512009 11.12703473 180648699.512009
2 chipseq_20000.dot 3793245764 1.10068045221359 0.250941917538433 36 0.490747377370836 0.0202080756280065 21.904405084 201827751.644522 1.10896857627143 0.313079271333376 36 1.01622379774739 0.0429420484912052 252282127.658088 35.2281131880004 252282127.658088
2 chipseq 5058052541 1.72916666666667 1.12438378749379 5 7.46041224281775 7.46041224281775 0.005866421 1835720.8552485 1.58854166666667 1.60177568890124 9 8.01073037158913 6.0056727924984 1826954.01707226 0.00059568 1826954.01707226
2 chipseq_30000.dot 41366257414 1.0983668732574 0.929492667534839 36 4.16957007538111 0.00144409230861685 34.826056624 2937604126.50094 1.08551421299022 0.778753140062101 36 3.03218926834864 0.0132380987474372 3049882358.62237 14.4898635840001 3049882358.62237
2 eager_8000.dot 14754556884 1.28671608508551 0.991345144593339 36 15.9072848532281 0.0174770805324969 33.6101113280001 103787473.134484 1.14580041954655 0.674673178136033 36 5.63681371336436 0.0225100428971667 93296597.2411803 9.173895313 93296597.2411803
2 chipseq_30000.dot 32978181418 1.13469173480118 1.17628185656676 36 5.74551243871066 0.00263009086703673 30.9488990310001 2551112178.21895 1.10840612855311 1.01352572915899 36 5.447676883447 0.0235530252485218 2503717906.18258 14.9595824379999 2503717906.18258
2 methylseq_25000.dot 110641579976 1.11709048050866 1.84835685305007 36 23.8314574423064 4.90399806699593e-05 462.312872394 5818470117.27423 1.10089677840521 1.84502081565003 36 23.8117889750883 0.00148228680564352 5816764727.37954 177.57238189 5816764727.37954
2 eager_10000.dot 14754556884 1.29270068145071 1.0140654946238 36 17.2396157339796 0.0193693918249682 54.9860522930001 133883336.320816 1.12093128213633 0.686217376674025 36 5.73747273462349 0.0217345455971813 117302565.301426 16.428936915 117302565.301426
2 eager_30000.dot 14754556884 1.22324288004457 0.984830685964481 36 12.3788063855468 0.0119146991368126 411.996026898996 372533691.70282 1.1148047344474 0.678268594449753 36 6.08785025330073 0.0235002894483221 354778773.314068 256.309412616003 354778773.314068
2 methylseq_8000.dot 6761426956 1.30094578705691 1.77338099299024 36 20.205000637528 8.98693939033325e-07 30.263865492 118769471.639024 1.09427284427284 1.78435964365645 36 22.1711926662015 0.0193720931639828 132800328.160936 11.5817195639999 132800328.160936
2 atacseq_10000.dot 11809629756 1.09756849797636 0.66265490241979 36 2.32037966709579 0.020983961548376 9.88021116899996 113868018.52737 1.08549785398936 0.737334550233775 36 3.41286891791532 0.0355880571243409 124266029.11201 10.6244769179999 124266029.11201
2 eager_20000.dot 19132169434 1.23972275377555 0.992920950605023 36 13.441092804728 0.0202357822998371 205.326476663 283212062.334461 1.12482574036559 0.759442962400406 36 8.17584317714277 0.0277882797999012 260292793.854055 78.2547267370003 260292793.854055
2 eager_200.dot 19075314980 1.93299013299013 1.20939476111213 12 54.356085963835 2.20541341799484 0.1497682 5954342.08965337 1.97039897039897 2.87787780475328 34 57.1660327749421 1.01483269425206 5759723.18954605 0.021208716 5759723.18954605
2 eager_20000.dot 14754556884 1.18692828398609 0.949848704844543 36 11.7238975718784 0.0166083284344988 194.620283923002 251631428.235713 1.11596877291638 0.676792526857683 36 5.91361267453757 0.0229562601366195 235827297.774323 84.2021711929997 235827297.774323
2 chipseq 4807293396 1.6875 1.10105558373795 5 8.33501331424551 8.33501331424551 0.006032348 1569696.725593 1.58854166666667 1.64561672570724 9 12.6970099651461 6.95682979634428 1564437.72504161 0.000606289 1564437.72504161
2 eager_15000.dot 8330435694 1.24535905285463 0.820216137826191 36 7.70430171291209 0.0424856036933138 116.029993051 85484545.9953804 1.12149786213498 0.255458279794934 36 1.0536911486229 0.059415804140913 82315059.5818772 44.6031380190003 82315059.5818772
2 methylseq_10000.dot 6761426956 1.08789865152412 1.79732552569969 36 20.5073632739686 6.7382526548151e-08 61.4694777439999 148961130.596702 1.09337703335304 1.78378471376196 36 22.1485587941523 0.0194965707830385 166252546.901532 19.2198663419995 166252546.901532
2 methylseq_1000.dot 22500260922 1.20513801236693 1.23901499232104 36 17.2587146553202 0.00178564467956121 0.492166738 35935299.9798178 1.18623701153822 1.22132202774236 36 13.9396809943112 0.00624812845149472 36130649.2149275 0.13157436 36130649.2149275
2 methylseq_8000.dot 22500260922 1.15584632251299 1.22807504291619 36 13.2950846654687 1.95098488646818e-05 23.60811148 281117748.396879 1.08357961135739 1.22462896375437 36 13.3521090092689 0.00589210330071215 284990645.604765 8.96130065999988 284990645.604765
2 methylseq_25000.dot 8885797810 1.11316540805262 1.81407475609908 36 21.496414269851 7.63882049834178e-08 546.784499486998 484861386.208067 1.08971911696351 1.80955435952173 36 23.9577183735576 0.0205892463097903 544844450.908147 220.372327482001 544844450.908147
2 atacseq_1000.dot 2223941232 1.09435206269765 0.366937387452914 36 0.833057952034396 0.0182993256028117 0.500022455 4007720.59346524 1.0515149017649 0.221493811759968 36 0.61457288043058 0.0177837134980955 4146067.16384467 0.0908160630000001 4146067.16384467
2 atacseq_4000.dot 3908761308 1.08938230086586 0.196277898946974 36 0.398577264089538 0.0258192231153193 3.16937084 26201772.4388384 1.07688600727095 0.27689539727603 36 0.709037071354859 0.0365715768147557 29787927.7781587 1.38210656300001 29787927.7781587
2 chipseq_10000.dot 3793245764 1.10331530937734 0.247757980864494 36 0.481264393527067 0.0206552208474066 8.24767365700001 100767014.24866 1.11204931764143 0.301067230396781 36 0.94254236259065 0.0393663654780038 122000363.04265 7.662069504 122000363.04265
2 eager_1000.dot 19132169434 1.37779859746772 1.7235102697179 36 46.7583685738092 0.0404309979412201 1.392649896 18825838.9236615 1.31231804421627 1.2043036736625 36 13.8715467660633 0.027817151943238 15510376.8537952 0.212751333 15510376.8537952
2 methylseq_20000.dot 17027257018 1.15527957214634 1.87291875207625 36 4.18559660676784 1.63171517390893e-05 223.714090543 695305458.244228 1.09576846611664 1.80424771787749 36 24.374618723418 0.026497622128562 696670373.440842 124.833077636 696670373.440842
2 eager_8000.dot 25705994498 1.31477104631901 1.2752671186348 36 21.0846234034249 0.0231870984005738 35.952861022 159356006.085691 1.12786098417677 0.790766465510712 36 9.48481799486746 0.0266597623488912 143536655.775636 6.81483838199998 143536655.775636
2 methylseq_2000.dot 17027257018 1.18207751641487 1.91265641114058 36 3.84701376068193 0.00016376461998855 1.492978282 69457785.9990123 1.14545483521387 1.80743152687448 36 24.9407282889043 0.0256417143650062 69294536.25294 0.527725760000001 69294536.25294
2 methylseq_4000.dot 6761426956 1.39508953397842 1.75973822916788 36 19.8174801846369 0.000129467976547381 5.149166767 59407948.7000688 1.10247151913818 1.77904950095848 36 21.7600969012484 0.0185657030112088 66001264.0213882 2.33597811999999 66001264.0213882
2 chipseq_8000.dot 4807293396 1.09843284980433 0.368610686127051 36 0.845099518524469 0.0366873943333238 6.054579057 64845296.2993104 1.10621608015809 0.504690293789072 36 1.67971808724311 0.0595767754194303 82290416.8248619 6.74893197800001 82290416.8248619
2 methylseq_20000.dot 6273818718 1.1221591811328 1.21687590386131 36 12.3965430347124 5.61698491305092e-08 281.947140201 232277126.36601 1.09146992130189 1.22203966441632 36 13.6530331539815 0.0192659592041923 254667928.555762 116.207513312002 254667928.555762
2 eager_4000.dot 19100037384 1.34249749308204 1.04272630615394 36 21.5758087326031 0.0458855033229416 11.187979289 62303220.423581 1.15996768607092 0.844376818976805 36 8.98649304923036 0.0239418655177985 52733248.1281441 1.83904450799999 52733248.1281441
2 methylseq_20000.dot 22500260922 1.11256566118514 1.23242299845009 36 13.5911781212723 6.28861093643694e-08 219.141075688 702761765.618702 1.09197170931868 1.23143052862596 36 13.8289129626143 0.00602603679852507 712986714.737196 109.307540341001 712986714.737196
2 eager_2000.dot 14754556884 1.36190905850348 1.17940612366116 36 21.6900285388576 0.0451581484164163 3.527723399 30773152.467618 1.20084352375374 0.767515945408434 36 6.94770327643078 0.0285086467074887 25684352.6803821 0.658690323999998 25684352.6803821
2 atacseq_20000.dot 11187378708 1.0835256995449 0.647729370451242 36 2.18519912166647 0.0185632300788731 26.1762478000001 247251879.072544 1.08673065214703 0.697588977149798 36 2.99964812269558 0.0322595881502065 269845678.485045 48.7097099770004 269845678.485045
2 methylseq_4000.dot 22500260922 1.15343518121296 1.22683973030208 36 13.1910204807141 0.000605088922400739 4.761836314 140994294.911541 1.07783974450641 1.21629376846986 36 12.8191359589554 0.00623303958578026 142767451.80425 2.058681975 142767451.80425
2 atacseq_15000.dot 2223941232 1.07862487732613 0.0750994020956949 36 0.129965983661227 0.023365335481572 19.910803032 54614285.135043 1.08376693407041 0.126246629092012 36 0.367629930408195 0.0441893390727739 60691876.0447727 24.6685188239995 60691876.0447727
2 atacseq_8000.dot 2223941232 1.08420676144224 0.0668435645791411 36 0.134295635671065 0.0214360427919326 8.39722075900001 29315747.7617527 1.07681806662439 0.138297156314939 36 0.383239755426142 0.0397436053856749 32531697.1506566 6.07551571900001 32531697.1506566
2 chipseq_200.dot 41366257414 1.15158279220779 0.797725209403315 18 3.34105579528418 0.0171966416405134 0.046268423 19780123.4267361 1.19599671162171 0.777272258749969 36 3.05127958887212 0.0148525619195467 18267232.2112803 0.004302095 18267232.2112803
2 eager_200.dot 19132169434 1.93299013299013 1.2074659670684 12 52.0965077887746 2.15810489137721 0.146840203 5947273.80607788 1.98030888030888 2.91713959338306 35 74.8875412468144 0.961497693398025 5748622.01082724 0.02192036 5748622.01082724
2 chipseq_25000.dot 4807293396 1.10439715127213 0.38697978146308 36 0.906802778641882 0.0363341514576379 32.2846057260001 208128655.452182 1.10049975674974 0.46788041030901 36 1.6282710024667 0.067586404969633 259495665.864775 77.4775740070004 259495665.864775
2 atacseq_4000.dot 2223941232 1.09546538280859 0.106420221588226 36 0.191108680552032 0.0182817679593419 3.35264115699999 14738502.1121654 1.08384766665476 0.126421688536088 36 0.358130663523973 0.035945459945554 16084087.8524748 1.430403504 16084087.8524748
2 chipseq_10000.dot 41366257414 1.04990393900169 0.791880549444286 36 2.99810813623791 0.00164708629696785 5.31535431500001 952473224.626911 1.09425330830407 0.785156926925418 36 3.12312594825046 0.0130738709604552 1014961484.80261 1.451464134 1014961484.80261
2 chipseq_4000.dot 4605965334 1.11376261317299 0.319628373570707 36 0.650510934840009 0.0254787357407659 2.200947565 38560167.263274 1.10133364408128 0.458297561599635 36 1.26475956637245 0.0417075084626983 47241759.168568 1.148614007 47241759.168568
2 atacseq_10000.dot 2223941232 1.08278193859752 0.0809742899818079 36 0.147169928620267 0.0220122974242228 11.340591303 36697024.9762345 1.0772203928533 0.134533077529392 36 0.369860689913899 0.0415846875346331 40308074.8792484 9.94812215900006 40308074.8792484
2 chipseq_25000.dot 3793245764 1.1091783123033 0.27451078338037 36 0.559094566121016 0.0197446102306082 32.6026841879998 259640131.014012 1.12561188082019 0.325203724925895 36 1.03831166752511 0.0423209404403538 318556210.442193 63.1986522620011 318556210.442193
2 methylseq_25000.dot 17027257018 1.23334781184039 1.87128149725535 36 4.22274824243778 5.09846734091602e-05 390.270969786002 869546916.805985 1.1077899448039 1.8089190006838 36 24.7022446730559 0.0265045334713504 871487689.386019 240.903016538001 871487689.386019
2 eager_30000.dot 19132169434 1.20470182567038 0.979601867096859 36 11.9357485402425 0.017429780347684 457.132465097999 405653073.59781 1.12624631992332 0.75367749764486 36 7.48712266902298 0.0279035464788034 391330388.76743 237.944478123999 391330388.76743
2 eager_2000.dot 8330435694 1.28700008978647 1.26541974540454 36 21.4792701040313 0.0826975703599971 3.70167538200001 16725718.1764716 1.21422802599273 0.687754104937496 36 3.03003500761316 0.054594899321032 11967572.2045406 0.602733977999998 11967572.2045406
2 chipseq_30000.dot 5058052541 1.11903660958862 0.408618340634341 36 0.934575035791502 0.0298077571122556 67.2246839150004 313634923.198178 1.12320712023588 0.430211057021365 36 1.49207599768913 0.063633107870963 372295388.690914 129.897649423001 372295388.690914
2 methylseq_4000.dot 11897958606 1.3656990323657 1.87811908777431 36 4.26974773052984 0.000319050689464493 5.57039414900001 115184860.243037 1.11305750194639 1.80658971318611 36 23.9544628960917 0.0219723287020338 115009836.138025 2.28273808800001 115009836.138025
2 chipseq_4000.dot 4807293396 1.09945079815363 0.378979510045816 36 0.87792428933557 0.0319832817231193 2.438912591 32841812.1601412 1.10991789264195 0.480357207857706 36 1.53032756846414 0.0570545712214925 39602653.9230066 1.55546564300001 39602653.9230066
2 eager_200.dot 14754556884 2.02839982839983 1.26543615272071 12 77.6684930489982 8.88640807226055 0.149262194 6071451.85598298 1.97039897039897 2.95940344574395 35 50.6017248749582 0.942822677806393 5682802.91865663 0.022662531 5682802.91865663
2 methylseq_15000.dot 22500260922 1.11551781107428 1.2330158476553 36 13.639191795777 9.31858225924193e-08 115.380278151 526816064.612189 1.08739901974492 1.23357651482304 36 13.9884400347465 0.00605009727411169 534376034.593661 50.5732635310001 534376034.593661
2 chipseq_20000.dot 32978181418 1.18079957954018 1.14593335577264 36 5.5498977708743 0.00262101916714105 15.5595959029999 1693151295.12092 1.10264580277876 1.00758068671424 36 5.41754436761981 0.0235376708057118 1668507763.44675 6.283231125 1668507763.44675
2 methylseq_2000.dot 6273818718 1.12840249888442 1.20293707113727 36 11.7791346152056 0.000833598807851347 1.583247158 23499751.0752742 1.11958946898706 1.1973116270011 36 12.3067478440552 0.0155227199823757 25058373.8281433 0.470489980999998 25058373.8281433
2 methylseq_1000.dot 17027257018 1.3532383502263 1.94193919946067 36 3.88926911301359 0.00177319662593027 0.535196509 35065399.8441079 1.19503410467266 1.83241132194415 36 33.3003697256656 0.0266233521310056 35037561.5130949 0.148108019000001 35037561.5130949
2 eager_25000.dot 19100037384 1.26607619218119 0.99047598731493 36 13.8033412496171 0.0174987292948346 365.275464146998 348482265.872753 1.13055109866912 0.749741836944239 36 7.75737521428245 0.0276041288656473 327879726.642523 145.372402939999 327879726.642523
2 chipseq_8000.dot 4605965334 1.10215628480715 0.323331372429946 36 0.663082707926554 0.026327211656577 5.47075468699999 78276646.637762 1.11173741684126 0.461612615306013 36 1.30717873117231 0.0454812204256813 97348549.6174437 4.554485656 97348549.6174437
2 atacseq_2000.dot 2223941232 1.11093890810586 0.213128860318345 36 0.364160202486092 0.0123991965432015 1.206000098 7355134.18555224 1.07733416861877 0.155869446050655 36 0.362951745795814 0.0252741483515761 7810463.81937946 0.360143836999999 7810463.81937946
2 methylseq_200.dot 6273818718 1.63169642857143 1.73206890212131 28 38.2982474990051 0.00978550680925563 0.073676437 2880500.76277423 1.68816137566138 1.9733822642824 36 773.003897256791 0.0120541134601006 2813026.45 0.00826878900000001 2813026.45
2 atacseq_8000.dot 11187378708 1.09055581434348 0.646802808423778 36 2.18838606800413 0.0181824262066622 7.43856451300001 98119079.7265618 1.0881542735587 0.712082816941471 36 3.09267493521503 0.0310908886684051 107268670.880746 6.424048108 107268670.880746
2 methylseq 8885797810 2.83333333333333 1.58744561846005 4 125.308185733204 125.308185733204 0.00312487 1402989.43753056 2.83333333333333 1.84416449192434 5 1241.54887457538 1241.54887457538 1402989.4375 0.000272368 1402989.4375
2 methylseq_10000.dot 22500260922 1.10981217883981 1.2325892607175 36 13.6016308540342 2.46820269891675e-06 43.4060383790001 351142351.443263 1.08508641551861 1.22846413965184 36 13.5449470333758 0.00591784434588581 356018768.348003 17.2201743959995 356018768.348003
2 methylseq_1000.dot 6761426956 1.18626888506407 1.83526220784511 36 26.6441838532213 0.00173889395275814 0.562345714 14975975.6877749 1.17348760119844 1.79735086279286 36 24.0148036567839 0.0158037534706723 16209614.3001901 0.145219374 16209614.3001901
2 chipseq_2000.dot 3793245764 1.12113018837702 0.266699923535234 36 0.549838151870831 0.0200046032614466 0.916873757999998 19973550.5885136 1.12208209775457 0.332798514827788 36 0.919591754813082 0.0284983201699241 22610699.8099267 0.335231239999999 22610699.8099267
2 methylseq_25000.dot 22500260922 1.12027511703463 1.23367475986317 36 13.7056493744932 1.1992166858382e-07 387.967478960001 878994726.804229 1.09419665876702 1.23146426241855 36 13.8253400717629 0.00607199065266071 891657808.72855 172.949990324 891657808.72855
2 chipseq_30000.dot 3793245764 1.11390591528988 0.262211175704437 36 0.534230029603213 0.0200278316258288 42.2498248320001 309112624.075135 1.11912504544384 0.326757527286377 36 1.05685780602261 0.0425854678059583 386921014.760832 94.8263001160017 386921014.760832
2 methylseq_1000.dot 8885797810 1.184165232358 1.84552414975091 36 24.4731204643784 0.00175516715782176 0.550552049 19506411.2626633 1.17015681774718 1.82752337632468 36 30.2311833168345 0.0160765017856793 21269629.4478475 0.145898597 21269629.4478475
2 eager 19132169434 1.88513513513514 1.6283583563797 8 20.9119664285269 16.0273160931885 0.04068049 5854627.08210451 2.19414414414414 3.04697407021717 12 174.006820777194 22.5289901922779 5748622.01082724 0.006169069 5748622.01082724
2 methylseq_10000.dot 17027257018 1.2796451914099 1.87432055651647 36 4.24756164595182 0.000175312692215372 42.5031661349999 347989235.966715 1.10214403221608 1.79894918423679 36 24.0205182918717 0.0263954218495135 348237552.051663 19.2748139229996 348237552.051663
2 eager_200.dot 8330435694 1.84060489060489 1.50590862576213 12 87.3929610453978 17.4577635196259 0.168663953 5187522.21920268 1.88120978120978 2.14363117124113 36 42.0702607356505 0.0540773052407191 3128618.11603392 0.022359346 3128618.11603392
2 chipseq_10000.dot 4807293396 1.1018004943052 0.38974243281115 36 0.916822496548855 0.0355619346896009 7.27088815000002 82257725.1624355 1.10992171988413 0.470607586826763 36 1.60144284907937 0.0622809970427453 103248549.401989 10.6085702970001 103248549.401989
