algo_nr wf_name inp_size avg_spread_dyn cv_proc_load_dyn num_used_procs_dyn idle_to_work_dyn idle_to_work_30s_dyn dur_alg1 ms_1 avg_spread_stat cv_proc_load_stat num_used_procs_stat idle_to_work_stat idle_to_work_30s_stat ms_perc dur_alg2 ms_2
2 atacseq_30000.dot 14091675276 1.18546761510982 1.13505527380282 36 79.8402695016259 0.712444837876076 44.3006347569997 14320089388.2881 1.04914072261778 1.13675061420193 36 98.4684285909282 1.18628824421857 19744379177.4068 38.5925512150004 19744379177.4068
2 chipseq_15000.dot 41366257414 1.10587481348644 1.41064316281152 36 63.0198887164475 0.0606557413454951 14.176184966 24083102599.1649 1.0756272021662 1.24821231564913 36 34.9001987621799 0.170252710043432 24728260055.9526 2.63828285200003 24728260055.9526
2 methylseq_15000.dot 6761426956 1.22669352413148 1.805337882252 36 168.041534723389 2.0313128432026 117.073132991 2943479613.20809 1.07808045378104 1.72835918331698 36 453.559603371974 3.89940300887374 5484016952.19853 48.9944814160007 5484016952.19853
2 atacseq_15000.dot 3908761308 1.16232434833939 0.546052179437704 36 6.04703336138706 1.07241985285187 12.528827204 2240222532.4098 1.06563031809995 0.606990686195616 36 11.9448362460846 2.05757783132884 3201230640.02236 14.089708786 3201230640.02236
2 eager 19075314980 2.94594594594595 2.59700284820084 8 18.1466870567626 18.1466870567626 0.044216688 27218317.5268219 2.49671814671815 2.81036594928101 9 788.68300692487 788.68300692487 25397699.4118425 0.0064241 25397699.4118425
2 eager_1000.dot 25705994498 1.85088782276282 1.92529069281223 36 1421.94957521073 0.738743748389912 1.276832134 319288794.188569 1.48997107733563 1.73315456533662 36 571.085523713109 1.57355814851351 269973638.204559 0.241059809999999 269973638.204559
2 eager_20000.dot 8330435694 1.26425528861827 1.06345037159343 36 107.979819205776 2.0814178447602 228.127846523 3497832585.63296 1.1191835009937 0.370269063387395 36 34.3980159787544 14.6189846186226 4060611360.63515 78.5506756129995 4060611360.63515
2 eager_25000.dot 14754556884 1.23652801420404 1.31652325729429 36 55.8834895927621 0.504790718957567 288.018024267 4131926504.90514 1.10358909773307 1.13916162163023 36 93.030490779615 0.666425246728397 5017237526.22418 140.706890956 5017237526.22418
2 methylseq_1000.dot 110641579976 1.4175909989163 2.20550970785715 36 7015.07059739215 0.00392035840869078 0.492871274 2691853813.04462 1.15794925734685 2.19722521616841 36 676.889460822455 0.0247915209349108 2674447729.71435 0.125342073 2674447729.71435
2 chipseq_200.dot 5058052541 2.21130952380952 1.39252545944953 18 7.92969851199188 0.662965263631291 0.060986903 25849979.7846133 1.66060799319728 1.37587020313614 30 16.2304439985397 1.47912264636502 21201583.3017083 0.006165572 21201583.3017083
2 atacseq_30000.dot 11809629756 1.15074923834033 1.13555951876001 36 63.6931549153023 0.537211504239813 52.8677415190001 7626821922.37581 1.05487854000748 1.00316610293587 36 67.7332069912523 0.922782185559082 10674099021.9359 82.5750299360006 10674099021.9359
2 methylseq_1000.dot 6273818718 2.17661120673169 1.65647964209994 36 69.365825408744 1.79769962793008 0.540891023 117492721.615743 1.15841142347166 1.43943282127354 36 159.478912723698 2.26902753121107 155363024.60484 0.122713514 155363024.60484
2 chipseq_4000.dot 41366257414 1.14977400089428 1.43208256604438 36 35.9742940298199 0.058935868407239 1.961626655 6344603026.26658 1.06848824655428 1.25618320711578 36 40.7161110322397 0.159664712627167 6498558546.15059 0.218978812000001 6498558546.15059
2 atacseq_2000.dot 14091675276 1.16475375475159 1.20694405908596 36 92.9286908167137 0.707940842649306 0.797772040000001 967449713.136049 1.05286224532548 1.0484267850963 36 113.480218817106 1.19996194587309 1205223067.6357 0.163958051 1205223067.6357
2 atacseq_1000.dot 11809629756 1.45792484367484 1.40413564197935 36 46.9925766962381 0.813262000972907 0.458264113 196339540.687266 1.10954303838863 0.970400588256993 36 54.2944230638317 0.753868209485506 242734985.681984 0.0784995710000001 242734985.681984
2 methylseq_200.dot 17027257018 1.82771164021164 1.79701344487143 28 81.5166553353134 2.3141063836089 0.076019956 109269464.02862 1.56613756613757 3.28253695957718 36 2390.39891930999 2.66218741839549 107253971.554129 0.00838902499999999 107253971.554129
2 methylseq_30000.dot 110641579976 1.14818731725496 2.19501709752826 36 268.587945371409 0.000895050024377205 662.448540780999 76345846510.9675 1.07869391142704 2.19135708444637 36 272.787369068407 0.0188393413539222 77910459801.1841 245.54358467 77910459801.1841
2 methylseq_8000.dot 110641579976 1.27615115115116 2.19524493359016 36 269.938556131819 0.00108512800517529 22.832155029 20455239573.0261 1.08994708994709 2.19199198112196 36 272.455270326435 0.0166173002868715 20516710721.4443 8.27137013199983 20516710721.4443
2 methylseq_20000.dot 6761426956 1.18755359286574 1.80381442054429 36 287.485577247743 2.03018121188796 178.568237898 3920956245.13957 1.07514116757817 1.74911234748152 36 470.435508414904 3.92597899860958 7362202894.2667 112.921771470001 7362202894.2667
2 atacseq_8000.dot 3908761308 1.16247612807513 0.545877728842497 36 6.47498015476997 1.29921237769947 5.772169617 1158870164.68103 1.07382855042828 0.427160913025981 36 12.2374671756962 2.44042890942551 1620479933.558 3.719230363 1620479933.558
2 methylseq_8000.dot 17027257018 1.33861838028504 1.95643677281466 36 108.347525286892 1.59890141568835 22.804833335 4073885870.15847 1.08350413905969 1.80172819352666 36 614.209247245447 4.39597291858247 7409277832.30966 10.6384148999999 7409277832.30966
2 atacseq_10000.dot 14091675276 1.18989374476436 1.13252476459163 36 85.2613589358897 0.704406536273653 5.96434176199995 4768480459.0442 1.0486813743578 1.13022594760892 36 96.9800910657668 1.13409481079801 6385925448.82674 3.218659413 6385925448.82674
2 atacseq_20000.dot 11809629756 1.14338353204103 1.13261330294919 36 56.2626068827213 0.560687094204447 40.1802195889999 5093641395.27071 1.06171578951082 1.00248728531547 36 75.7885240765381 0.792084044303852 6968187233.14179 29.7955418869997 6968187233.14179
2 atacseq_30000.dot 3908761308 1.15166054593669 0.503272622478397 36 5.28378728805373 1.0422716801493 36.2804240629999 4530040696.05796 1.06611413489761 0.368133574096292 36 10.4338697394752 2.06489500358301 6589185406.93538 62.5248608660006 6589185406.93538
2 eager_2000.dot 25705994498 1.47414791650648 1.03324579348994 36 471.79051454906 0.820226910364699 3.382493182 645124594.359907 1.20088552426014 1.00778825013368 36 359.400028169337 1.27613217626219 652414165.714113 0.541342062000002 652414165.714113
2 eager_1000.dot 14754556884 2.07900176962677 2.02578028414579 36 392.02222247107 0.429652776251746 1.441896416 176766728.325942 1.48811082754581 1.58301541526479 36 354.955646725693 0.434507842569631 149974324.697542 0.238296467999999 149974324.697542
2 atacseq_30000.dot 11187378708 1.1510340607576 1.11563535797071 36 51.1435972107588 0.563489878935271 58.7937674410002 7394864754.87401 1.05778620837617 0.968240051097643 36 57.5029290329736 0.877181367681747 10237411092.9935 86.935578728 10237411092.9935
2 methylseq_10000.dot 8885797810 1.22739413225607 1.82382793690094 36 302.970921401007 2.04050133059792 36.3843558200001 2572277301.90797 1.06878624465661 1.78055037686178 36 491.706681170104 3.6678815203844 4774610036.92127 17.4453148609995 4774610036.92127
2 atacseq_4000.dot 11809629756 1.16853141185249 1.19896068030857 36 58.7517057559922 0.600258575656288 3.07572988799999 981620788.051415 1.07607908312745 1.03440412254162 36 61.5667819624818 0.826773615733849 1335715613.60279 1.013987175 1335715613.60279
2 atacseq_1000.dot 14091675276 1.2194413040663 1.38245323399764 36 83.4235301319536 0.676025305078497 0.361701151 481143250.750341 1.06107893114511 1.06580933245666 36 96.6701164211065 1.13685569603886 543626285.379861 0.0578504810000001 543626285.379861
2 methylseq_4000.dot 6273818718 1.24940416607083 1.68449968783395 36 128.91772326238 2.00523826389235 4.540915953 467685530.091612 1.08691230913453 1.45845805490408 36 184.776362876985 2.68242414021596 738183387.492277 1.871683917 738183387.492277
2 chipseq_1000.dot 4605965334 1.51257423132423 1.07146186972493 36 45.851651330554 1.23639990641813 0.493445724 229670749.277466 1.14002076982846 0.81188524625156 36 32.0656687641524 3.29987088863448 233071432.030373 0.08983678 233071432.030373
2 atacseq_200.dot 11809629756 1.81833333333333 1.40730508598584 17 13.9337295138723 0.640116862402611 0.066485726 6618272.50726469 1.36251984126984 1.74327371373971 32 14.6535046731347 0.322294272822205 4679083.97080844 0.006735152 4679083.97080844
2 eager_8000.dot 19075314980 1.36808866258814 1.29788159617724 36 210.281019724552 0.367932679428847 37.411849083 1870780362.30343 1.13010363814285 1.12610380294201 36 148.141177299945 0.74700707591442 2052080359.38273 8.25203429999997 2052080359.38273
2 methylseq_10000.dot 110641579976 1.13202900207703 2.19520215433196 36 269.796015117014 0.00107935607590593 45.0615140740001 25552942323.8361 1.08254730463616 2.19139793745211 36 268.359066342224 0.0161158640478347 25590817736.3997 14.5658887189997 25590817736.3997
2 methylseq_2000.dot 22500260922 1.46448492382227 1.37077204360723 36 56.2283293613626 0.0588563984902282 1.267110365 299363383.115321 1.15992541594951 1.44191610172232 36 87.6537715128449 0.231627689790567 461801771.739668 0.411316758999999 461801771.739668
2 chipseq_200.dot 32978181418 1.59778911564626 1.27465524163051 16 46.1876176594116 0.375920278358747 0.05179111 290473080.624107 1.2347132034632 2.00347650307558 36 123.85292423806 0.131214817663751 233751089.601285 0.004271172 233751089.601285
2 chipseq_2000.dot 4605965334 1.19038760553792 0.902942444036972 36 27.1196332151955 1.64719651990487 0.934751609 531935311.39316 1.13793722100684 0.565281648085747 36 21.4917436016786 2.38953435710317 583388567.719821 0.252042157999998 583388567.719821
2 methylseq_30000.dot 8885797810 1.2288830876266 1.82105491180128 36 218.529984171804 2.05844044247735 715.792143766996 7754794104.8065 1.07460444495262 1.79742814595478 36 531.058963601002 3.9511044192613 14690524419.6467 328.815071063004 14690524419.6467
2 eager_20000.dot 19075314980 1.30474404675455 1.30156401849874 36 117.908400751115 0.407228402097283 195.381337908 4536904540.37581 1.10804363341916 1.0823059571917 36 139.369238106057 0.775351348862932 5194897619.42054 72.676084058001 5194897619.42054
2 atacseq_8000.dot 11809629756 1.16894655659183 1.18646322105916 36 56.4306994402126 0.547702414919769 10.168427003 2055627467.47519 1.0620556827067 1.01944025643081 36 61.8898500418046 0.808350179732628 2626415391.51205 4.17556249499999 2626415391.51205
2 eager_30000.dot 19100037384 1.24132292209429 1.2902452271976 36 114.143169467561 0.406575618307284 410.913011832005 6800723299.47651 1.1124197755228 1.07567448237607 36 136.119128773737 0.784557372244269 7939697032.30545 211.845208108999 7939697032.30545
2 chipseq_200.dot 4807293396 2.26785714285714 1.30646394578643 16 6.94879189516205 0.885863429297997 0.060835997 23918184.1805286 1.58514030612245 1.10505811849814 24 11.9845057082029 2.16767228083367 20101415.5141335 0.006265728 20101415.5141335
2 chipseq_200.dot 3793245764 2.16666666666667 1.42675020431202 14 2.28436129097313 2.28436129097313 0.066528513 6118775.29793448 1.74107142857143 1.00742251612293 19 4.68953312871753 0.66973053578023 9575820.54232061 0.00740714500000001 9575820.54232061
2 eager_8000.dot 19132169434 1.32327492405923 1.330045293861 36 187.452427800312 0.371321367410334 38.3677015429999 1854804953.05533 1.14684022549863 1.10186810050816 36 141.559205138488 0.719652215537181 2037165433.46896 8.27605067999997 2037165433.46896
2 atacseq_10000.dot 11187378708 1.1725594955037 1.14970520268463 36 48.0152131253992 0.573163917615308 14.388972385 2464937949.88922 1.06716496070099 1.01991537797501 36 53.3061397911577 0.699985722886308 3198550293.363 6.873736251 3198550293.363
2 chipseq_20000.dot 4807293396 1.16889492182826 0.947502076049128 36 32.1056388337652 0.925227668369275 21.681265815 5407082634.3178 1.07598883177729 0.703068456684109 36 38.4721460249706 3.1641569347486 7956107875.25491 34.6301257750002 7956107875.25491
2 chipseq_10000.dot 5058052541 1.21300042376171 0.895764435877296 36 25.0336082272954 1.51575933892515 7.464166632 2998108725.37553 1.09299525923116 0.648448991106246 36 37.7338096127733 2.9624740596598 4478748793.76726 7.48649974299996 4478748793.76726
2 atacseq_4000.dot 11187378708 1.16323883768737 1.16600002366457 36 46.0497664132754 0.519980849738393 2.99846774900001 964152042.722326 1.05699620995541 0.984260304281822 36 51.9348006284023 0.817254125953012 1265712870.84099 1.067460221 1265712870.84099
2 chipseq_4000.dot 32978181418 1.23138100761921 1.76889213294969 36 41.9439347802164 0.0932637596944942 1.76227844 7115391904.1468 1.10411542074278 1.53165343197029 36 65.8047148329293 0.255676783808476 7683752397.5262 0.269713216 7683752397.5262
2 eager_4000.dot 19075314980 1.48137914394557 1.28472765322655 36 328.356652806571 0.357429060674674 11.452892531 918884533.868955 1.1546747566779 1.21650481254805 36 157.449197806562 0.629065112356864 981086304.481912 1.920266471 981086304.481912
2 methylseq_4000.dot 17027257018 1.41818802929914 1.95495722049424 36 111.670244664599 1.6131343064556 5.32156967200001 2054378682.59813 1.12296820630154 1.86090358018243 36 625.942062035474 3.8501925177133 3636310616.21592 2.30353738000001 3636310616.21592
2 chipseq_1000.dot 41366257414 1.17742647309955 1.41699887236317 36 32.8040180995714 0.0572937473819049 0.367930217 1504349620.35259 1.06516827189904 1.28378674072724 36 41.231400915269 0.156323793617008 1548373404.95891 0.028732265 1548373404.95891
2 atacseq_10000.dot 3908761308 1.15428643420085 0.559691039599354 36 6.08613638214554 1.20038355705683 7.26481049499997 1460820807.30428 1.07639086586052 0.520673858025055 36 12.2715137092252 2.3679625704501 2058017181.82084 5.81166041099998 2058017181.82084
2 eager_1000.dot 19100037384 1.98550514800515 1.58773652268778 36 793.319009486244 0.378343442392599 1.395726694 242049618.676682 1.79230097120964 1.57392771049661 36 458.449089845222 0.583039787628213 218480791.321813 0.223153206 218480791.321813
2 eager_25000.dot 25705994498 1.20049873733094 1.05149116555867 36 182.344355548656 1.14393676609247 375.389356251 8334510073.88357 1.09933827515442 0.873931955614288 36 172.427490127372 1.18075216645746 8478643295.66694 109.133040113 8478643295.66694
2 chipseq_25000.dot 41366257414 1.06421187150352 1.39770671025521 36 40.7767185741522 0.0613512209783707 28.9285255950001 40655168825.4084 1.0724115255365 1.23915121219994 36 33.9562007026012 0.175295374366102 41334899211.1056 7.16572046199989 41334899211.1056
2 methylseq_15000.dot 11897958606 1.19281456911561 1.95676588634656 36 87.9828922493179 1.33748653652928 101.757211507001 5425020692.73015 1.08665239069566 1.79829526233233 36 531.242059787776 3.93047350489717 9807786295.52572 53.4839359450011 9807786295.52572
2 atacseq_30000.dot 2223941232 1.1566457619518 0.425628905209549 36 4.16836385763993 0.872748245694247 50.3451912930001 2766274139.32033 1.0610422236431 0.209790218104484 36 6.29063037613512 1.52543456875665 3497930111.21832 75.166934268 3497930111.21832
2 methylseq_1000.dot 11897958606 1.32496653279786 2.01385128028492 36 91.2291775943316 1.34717873272091 0.512752739 363685848.534241 1.20301842289794 1.95352695664605 36 521.599372869596 2.64480548248936 592104895.210317 0.138200309 592104895.210317
2 atacseq_2000.dot 3908761308 1.23312778135082 0.865303974166531 36 25.6515216299361 1.86439843450298 1.230796473 260032005.368295 1.07299669645042 0.54951167440759 36 24.90542161371 3.93859307889992 345959561.598462 0.274272815 345959561.598462
2 methylseq 11897958606 2.83333333333333 1.58733757259425 4 933.988157933272 933.988157933272 0.003150884 1840539.79031881 2.83333333333333 1.84404792036655 5 649.074430672193 649.074430672193 1840539.7875 0.000269242 1840539.7875
2 chipseq_25000.dot 5058052541 1.20131534194033 0.878598097249337 36 23.3739016118144 1.45118262507653 28.2372840109999 7630895651.16702 1.11149016878182 0.628230832072795 36 54.5930337987451 3.55129580470429 11421012932.3293 59.478570193001 11421012932.3293
2 methylseq_15000.dot 110641579976 1.14923367265243 2.19502767392837 36 268.421661973476 0.000903603117844949 123.069426755 38220983311.4001 1.07965843574333 2.19140595393932 36 271.282152086449 0.0178095627132136 38725437918.9799 39.0618655470015 38725437918.9799
2 methylseq_15000.dot 17027257018 1.38196165397927 1.94904123948476 36 111.655827353874 1.60547936652554 104.847266214001 7667494812.31198 1.09020549773155 1.77766693407474 36 614.197893895905 4.70143166759674 14035995865.7884 52.1719658410009 14035995865.7884
2 eager 14754556884 2.56081081081081 2.63228768334558 8 263.486137546965 263.486137546965 0.043295334 10978150.7476461 2.58783783783784 2.81096924648639 9 185.546276132751 185.546276132751 11670842.4345407 0.006783994 11670842.4345407
2 chipseq_2000.dot 32978181418 1.25197442325607 1.79186400885272 36 45.1516713643913 0.0895442001601508 0.733405043 3512683075.69564 1.0934989325021 1.55294981388451 36 59.6613362146272 0.236216595085177 3619554647.20516 0.0839366930000002 3619554647.20516
2 eager_2000.dot 19100037384 1.82070795707159 1.38812153576228 36 683.094087691321 0.325074523573819 3.899440593 460987142.781476 1.31838922009201 1.36762119305604 36 208.258153731758 0.565384908565203 464854727.348725 0.662228783000002 464854727.348725
2 atacseq_20000.dot 14091675276 1.18887861269344 1.12954576226163 36 78.7136238917934 0.717411960178795 22.2749263189998 9517339518.3269 1.05114467261072 1.05502340062161 36 108.44496127356 1.27293262314346 13254740282.0791 14.6034219689999 13254740282.0791
2 atacseq_20000.dot 2223941232 1.15802519030128 0.416633646426455 36 4.80093932836743 0.985585095824919 25.506695488 1814414631.67461 1.06650932292266 0.262151361784399 36 6.80347038970041 1.69863917375856 2275595067.51332 31.0663013319998 2275595067.51332
2 chipseq_2000.dot 5058052541 1.26166377135523 1.0294259000511 36 73.3518417384355 1.80606353982534 0.978546927000001 589448434.375965 1.10181616906301 0.618983499960851 36 34.6634246768393 3.13392832143627 801487293.700029 0.340387167000002 801487293.700029
2 methylseq_20000.dot 11897958606 1.20157348653749 1.95789882240358 36 99.03358722107 1.33455177520021 220.646953007999 7221489367.80303 1.08419478902675 1.79044173190687 36 527.699935618488 3.97219327054855 13080208460.8024 112.807919807 13080208460.8024
2 atacseq_25000.dot 14091675276 1.19056135218905 1.13510848673815 36 81.9804206189169 0.709875431594917 31.9240872869997 11899556408.4528 1.04963772356837 1.15021986876651 36 99.2342209479882 1.09398479205056 16187812828.6399 24.1946720769994 16187812828.6399
2 atacseq_4000.dot 14091675276 1.18030065612065 1.17597495896625 36 78.0677299127345 0.751088231485469 1.994013787 1951316381.29735 1.06063194309482 1.11568655219873 36 108.745280661511 1.09814260729771 2487377248.19151 0.564766558999999 2487377248.19151
2 eager_200.dot 25705994498 2.92192192192192 1.7394600721461 12 12.5575448302675 12.5575448302675 0.137399003 25609798.8368066 2.49097734097734 1.87652175332186 23 422.759831395653 1.23189419649185 33686848.1238329 0.022230169 33686848.1238329
2 chipseq_15000.dot 4605965334 1.15623790858556 0.776676800262569 36 19.6943912486145 1.18058133612336 11.3668978039999 4475591641.82425 1.1026325250292 0.519160234587139 36 20.0473590271153 2.78707726792373 5143032486.42671 11.604995908 5143032486.42671
2 atacseq_15000.dot 14091675276 1.19116676923719 1.13157208347191 36 81.4847505363906 0.707410153184045 13.511289147 7141289338.90769 1.05232071008388 1.0760099069872 36 101.454876220192 1.32250287078685 10002531423.8546 7.51383269999997 10002531423.8546
2 methylseq_200.dot 110641579976 1.70411706349206 1.93416857817094 28 2150.93334801944 0.0344942639242095 0.069725194 573660740.38107 1.64765211640212 2.24298361076125 36 55753.7120343221 0.0370166462937434 567472804.237989 0.008147446 567472804.237989
2 methylseq 6273818718 2.83333333333333 1.58134638827232 4 73.6626302603698 73.6626302603698 0.003154097 991875.366416112 2.83333333333333 1.83781418135881 5 959.38295662964 959.38295662964 991875.3625 0.000279223 991875.3625
2 atacseq_15000.dot 11187378708 1.15791034256442 1.12803214828307 36 46.7823535615224 0.628192639752159 23.7269765860001 3607688395.89817 1.06908375101062 0.966210751910991 36 57.3120622184592 0.935012049734121 4926712732.91659 16.6565698629999 4926712732.91659
2 eager 25705994498 2.94594594594595 2.64061715361216 8 0.00841957677598833 0.00841957677598833 0.041726844 26576687.3894429 2.52374517374517 2.43510114970331 11 935.968624575764 918.940436720806 30281820.1262137 0.00670244 30281820.1262137
2 methylseq_4000.dot 8885797810 1.2243155854267 1.83392436933105 36 218.466535244513 2.01873217310287 4.958902878 1025067941.94303 1.10521632743855 1.83525564028124 36 482.067550493349 3.17827347388942 1834361300.2138 2.265259163 1834361300.2138
2 methylseq_20000.dot 110641579976 1.19453654477668 2.19515368217907 36 269.529886489156 0.000910548662714046 236.265534816 50935635394.2049 1.07823208648542 2.19128748994576 36 271.955217933946 0.0187900211710575 51928428726.8236 86.4707106969982 51928428726.8236
2 chipseq_2000.dot 41366257414 1.18398149845935 1.43735010439482 36 27.3653891323422 0.0593980962824737 0.796505266000001 3144190392.92728 1.06324240105886 1.26320069502176 36 44.8107218974562 0.153825841042479 3219044570.43601 0.0721170099999997 3219044570.43601
2 chipseq_15000.dot 32978181418 1.21579321485414 1.77880388756979 36 35.4660569978887 0.0921321225230717 11.509388942 28091343965.9382 1.11067438404665 1.58677035763484 36 68.9274084261865 0.269776477552239 29878310448.3033 3.22382054400001 29878310448.3033
2 chipseq_8000.dot 5058052541 1.22503347292729 0.915589247593549 36 26.1985234028647 1.75524825114515 5.48886376700001 2406349082.93038 1.09051303320504 0.639774178179436 36 39.2530587433826 3.13928170268289 3576992386.00849 4.70532142699999 3576992386.00849
2 methylseq_8000.dot 8885797810 1.19064302397635 1.82035312878949 36 298.725958913833 2.03108341516939 20.054388609 2049695751.88575 1.07185558574447 1.80208612271619 36 492.238212545909 3.55724517780329 3770293327.93284 10.84176684 3770293327.93284
2 chipseq_8000.dot 41366257414 1.10052157221045 1.42221913964027 36 54.9650749093357 0.0669282558561842 5.52647803299999 13092041861.9042 1.08415001273544 1.25134722232871 36 37.6400217489422 0.163883411821779 13123816022.453 0.720439037999995 13123816022.453
2 methylseq_8000.dot 6273818718 1.20746341579675 1.68911862269517 36 131.390818992984 2.05384435527102 19.2107415169999 952135083.415165 1.07846735624513 1.47946792798325 36 190.706309038333 3.12781639877943 1552598502.40264 9.27429649200011 1552598502.40264
2 eager_15000.dot 19100037384 1.29745387966606 1.29305367892564 36 151.673486926157 0.389358272681858 111.360167016999 3461049855.43884 1.11643310666601 1.10022528516752 36 137.554506150237 0.766368244629667 3956419196.42374 33.924371621 3956419196.42374
2 chipseq_30000.dot 4807293396 1.16141735488587 0.929113798042727 36 28.8421197186087 0.922837949252269 43.0454485799997 8199947872.3094 1.07449665638781 0.63100475664142 36 48.3252305059992 3.08497727966284 12426847257.1365 103.216648834 12426847257.1365
2 methylseq_30000.dot 6761426956 1.22916256449671 1.80307392380265 36 209.808137735099 2.03606254265102 808.349049393993 5892904801.84548 1.06891063303632 1.76566093033409 36 492.324826990263 3.98788690503057 11178074284.3607 329.681394570004 11178074284.3607
2 chipseq_1000.dot 32978181418 1.30204050756935 1.96011378015784 36 133.819073607517 0.0944484675685226 0.321806496 1683348804.35426 1.1243075834422 1.64456536899046 36 83.5498851342546 0.22421847615034 1723897302.94581 0.027932384 1723897302.94581
2 chipseq_30000.dot 4605965334 1.13304535851971 0.724204976779489 36 20.6446950667244 1.24455728021532 27.0184352970001 9130113699.57476 1.08971696221488 0.519278546261085 36 18.4342072389454 1.16735448740985 10731120739.7026 56.9632557670004 10731120739.7026
2 methylseq_10000.dot 6273818718 1.24820245558541 1.68750990487229 36 127.80327074591 2.0572381767232 30.581014992 1187088366.7121 1.07704669169257 1.50912937289338 36 195.397732343051 3.52697479037172 2011420700.10586 15.6550091839999 2011420700.10586
2 methylseq_25000.dot 6761426956 1.22504997625019 1.80276962269731 36 169.003936359356 2.03482030236356 476.790924657 4910720163.41158 1.08227030610615 1.76867948538541 36 493.449351405375 3.94665340965166 9250597295.77401 224.697192296 9250597295.77401
2 chipseq_10000.dot 4605965334 1.17174781671963 0.803750267751861 36 19.8527438065979 1.30873714934304 6.350903471 2804965829.98392 1.09384202629034 0.516062516013996 36 19.4957116101981 2.6609747890844 3392989861.84473 4.92221439300001 3392989861.84473
2 methylseq 22500260922 2.83333333333333 1.62224228866899 4 1491.84901267155 1491.84901267155 0.003384331 3882027.97945102 2.66666666666667 2.10924442510907 6 2786.91076396002 2786.91076396002 3882027.9780429 0.000279215 3882027.9780429
2 methylseq 110641579976 2.83333333333333 1.71974467181194 4 15869.8658686348 15869.8658686348 0.003105444 204408679.401105 2.83333333333333 1.98668359569193 5 223669.457889797 223669.457889797 204408679.401096 0.000261216 204408679.401096
2 eager_25000.dot 8330435694 1.25668769143505 1.18051789274875 36 141.382155822829 2.31185017918493 364.867491240001 4523232101.76766 1.10774013556437 0.360054266460866 36 34.51109425572 13.952586864422 5068856200.92105 142.977116018 5068856200.92105
2 chipseq_20000.dot 41366257414 1.11240640617203 1.40075898003032 36 35.0882382820738 0.0589273187305206 20.044445659 32044609669.8145 1.08379271307538 1.24345999444965 36 34.6998992311239 0.172551371804887 32971651000.3748 4.697996537 32971651000.3748
2 chipseq_20000.dot 5058052541 1.21276124272055 0.907485647456253 36 24.026819746615 1.84488293557669 19.415542173 5872650067.72093 1.11143985473221 0.651394437924992 36 54.2511474226407 3.58087721568875 9146644055.63761 34.9910613990003 9146644055.63761
2 chipseq_8000.dot 32978181418 1.21634393558375 1.78690967255002 36 35.3266797574796 0.0866359955638388 4.697558485 14704400131.0007 1.10217509110535 1.51514313491312 36 68.2421185881368 0.267128224071717 15805646311.7227 0.931974642999998 15805646311.7227
2 atacseq_25000.dot 11187378708 1.14791867765098 1.09900073848233 36 49.5589754152435 0.558798113552979 49.7305987300002 6165934799.0025 1.05778943965465 0.943113182688674 36 58.4855294463031 1.00253606505346 8487718195.06592 57.6465909330001 8487718195.06592
2 atacseq_25000.dot 3908761308 1.16151660227028 0.491503940366013 36 5.29468461252946 1.03346937061074 27.493902792 3788307568.88367 1.06419725261291 0.344375288014505 36 10.5582703277828 2.06480582033398 5453384091.55355 39.2728403280004 5453384091.55355
2 chipseq_4000.dot 5058052541 1.21964942159517 1.00954508362555 36 33.1942925398622 1.80401009066851 2.253618275 1206467965.41687 1.09655029849605 0.66410669200771 36 34.0236964969487 2.7341078734686 1720279888.90195 1.197954916 1720279888.90195
2 eager 8330435694 2.67027027027027 2.62551323605417 8 195.275272245075 195.275272245075 0.043769316 3762101.72189884 2.50572715572716 2.79348340943139 9 365.255105663982 365.255105663982 3368546.83897187 0.006598139 3368546.83897187
2 eager_15000.dot 14754556884 1.28537604038204 1.37205426066285 36 79.7060560666595 0.569051853952381 112.42702048 2558067769.50328 1.11991715702011 1.14270550942034 36 93.1869516835487 0.661736936396684 3029945016.69418 38.6863405240005 3029945016.69418
2 chipseq_15000.dot 4807293396 1.18271764580716 0.970728601509485 36 35.6246420924613 0.902545967644511 13.473669998 4023703912.39889 1.08488969468204 0.69620155719531 36 44.3442057042598 3.14351703108534 6003776710.21455 18.5172166939997 6003776710.21455
2 eager_4000.dot 25705994498 1.31304429776775 1.00996405305742 36 292.530701344087 1.03161485637203 11.755032296 1456232887.10978 1.13942080303386 0.939267919506184 36 199.41975467945 1.17424858878568 1313326145.22848 1.62481548200001 1313326145.22848
2 eager_8000.dot 19100037384 1.31699206011899 1.3361861018641 36 227.283610329692 0.398122022493793 36.5867841849999 1909579534.91332 1.14373472396176 1.14247306642755 36 146.651823902883 0.739275883202246 2048019824.98972 8.47661748899996 2048019824.98972
2 methylseq_4000.dot 110641579976 1.11971098082209 2.19565693742359 36 272.702011880653 0.00180299538622459 7.22315230299999 10327965398.9986 1.10408424297313 2.19277235213351 36 276.092288932009 0.0147704643115993 10159400103.6142 1.938791082 10159400103.6142
2 atacseq_200.dot 14091675276 1.40781746031746 1.47139683649444 19 22.3360054278546 1.94035351078684 0.059122917 43551913.6409161 1.18451109076109 1.59421125142804 33 38.1104693458052 1.2098178813361 42282534.1364573 0.00670196600000001 42282534.1364573
2 chipseq_25000.dot 32978181418 1.22579020495685 1.7695016631597 36 33.8518167872521 0.0911740382650369 26.613652431 45367171214.2412 1.10677370573202 1.56782595523672 36 68.2193221206639 0.271268613143277 49967977363.1026 9.0445294990001 49967977363.1026
2 eager_10000.dot 19100037384 1.30352062517595 1.31483946546234 36 167.83134549088 0.371637876220976 56.8908390530001 2390522250.92009 1.13083725849311 1.14876014343555 36 146.52857026646 0.732096277202634 2583938001.59267 13.3413468290001 2583938001.59267
2 methylseq_30000.dot 11897958606 1.23112737158356 1.95677527486081 36 89.589447504021 1.33453387192258 810.146947654004 10831962457.6419 1.06948758339318 1.79981312821665 36 560.198578366163 4.14222354552042 20154500765.9411 323.392928305009 20154500765.9411
2 atacseq_25000.dot 11809629756 1.15242542438286 1.13558727487864 36 70.9026144387118 0.539317118654857 36.2068677430001 6360682255.14935 1.05972376603004 0.998866403424815 36 69.3964981496562 0.946423087698013 8915534970.22255 50.4022098020004 8915534970.22255
2 eager_30000.dot 19075314980 1.24077547094837 1.26947833662221 36 102.694538417862 0.413057566188248 449.176019969995 6841005439.62969 1.10680670035907 1.06361642961682 36 138.333619311367 0.781139090870047 7845082463.79086 209.302800421998 7845082463.79086
2 methylseq_25000.dot 11897958606 1.1878370380531 1.95794009556716 36 87.5390660743038 1.33546950119415 362.121246279 9034579552.43069 1.08403122277345 1.79276125621915 36 536.597070352969 4.03345179710529 16481787893.1847 200.709372031002 16481787893.1847
2 eager_15000.dot 19132169434 1.2607812087268 1.27404311144674 36 157.106696378484 0.390196653278454 113.042113479 3446624082.63249 1.10966049727843 1.08262090264017 36 139.154630438972 0.762600583586354 3977613163.10634 35.8795252590004 3977613163.10634
2 methylseq_30000.dot 22500260922 1.22996976568404 1.38052563952182 36 59.6203762671401 0.0571514112033605 636.507974907998 4494837519.66283 1.08327352104866 1.45454611678432 36 109.721121467408 0.318431282279709 8539940353.15503 242.714549243002 8539940353.15503
2 atacseq_2000.dot 11187378708 1.25496983952866 1.2893070564714 36 98.1973646674875 0.69912616358338 1.435103808 467777001.317722 1.05965894887824 0.932077895989582 36 51.721430954418 1.09583851205336 597976122.292891 0.27498824 597976122.292891
2 methylseq_10000.dot 11897958606 1.23326473446521 1.96045848933429 36 99.5928939546644 1.33421285109829 42.759083909 3610800176.2599 1.07533965967341 1.7970681699884 36 531.730735150186 3.88376110366016 6599172482.03578 17.5989575219999 6599172482.03578
2 chipseq_25000.dot 4605965334 1.13198113198112 0.784388716043007 36 18.8247329614547 1.2797457998698 20.3015913249999 7232429876.15972 1.09406029197693 0.507629212571981 36 19.0015917629805 1.90676238435585 8773704283.91125 37.7436347670005 8773704283.91125
2 methylseq_30000.dot 6273818718 1.22619100550274 1.70526140474142 36 133.526499867787 2.14556965483715 485.613877196999 3624750161.40566 1.07316789149525 1.53647502856292 36 208.950487437016 3.80020381112548 6190812752.7089 270.362314991008 6190812752.7089
2 eager_30000.dot 8330435694 1.30505071237065 0.800892821407873 36 44.0053102386524 1.99004555576246 501.676037943 5342947577.74914 1.10318450789794 0.495906938135505 36 35.6271839933549 16.1503492771661 6014298231.98953 218.377145965999 6014298231.98953
2 chipseq_200.dot 4605965334 2.47321428571429 1.50094791295843 14 0.0560560873957531 0.0560560873957531 0.066304629 5775328.86490844 1.42113095238095 1.52333204348412 26 14.6039124443178 1.6709457197098 19451123.9007345 0.00679333399999999 19451123.9007345
2 methylseq_15000.dot 6273818718 1.26461486649638 1.68958709373773 36 127.90951463798 2.08529639974571 81.6905432010002 1794191065.32059 1.06983470374186 1.51463460493857 36 194.440215602614 3.53641898452184 2989288265.13116 44.2921001560011 2989288265.13116
2 methylseq_2000.dot 11897958606 1.23068464333525 1.99081834972305 36 93.6050240986002 1.34706292980603 1.400652243 726356916.299729 1.1311595588704 1.89319448931245 36 513.429915500761 2.8775990680604 1189172805.53709 0.517686399 1189172805.53709
2 atacseq_200.dot 3908761308 1.72583333333333 1.71620943081413 16 3.79763716031114 3.20935421313099 0.0778487450000001 5627838.80954828 1.39849206349206 1.09990355324679 25 2.92578267853395 0.144879780500484 2559786.09121737 0.007159813 2559786.09121737
2 eager_8000.dot 8330435694 1.36929790702751 1.11964249281818 36 342.42147744559 2.25997571316731 40.915366646 1374080192.69361 1.13216274394808 0.402896815825359 36 33.3192726072608 14.7948318473102 1595669181.63392 9.71699934400007 1595669181.63392
2 atacseq_200.dot 2223941232 1.48718253968254 1.58588968745529 16 5.66324805712207 2.30858496421449 0.075434407 4020049.20370819 1.30019841269841 1.15869061562581 29 4.0462999564254 0.117591404310752 1603147.02147906 0.00730919 1603147.02147906
2 chipseq_2000.dot 4807293396 1.2504900163128 0.985383070473244 36 52.4432564092411 1.49713134583208 1.087827586 482670287.893616 1.09588183441032 0.674582836941697 36 39.2813156216347 3.65053853146505 713490126.73427 0.316902143999999 713490126.73427
2 eager_20000.dot 19100037384 1.28049853212762 1.30000659770947 36 114.055514380412 0.398380514025077 202.087066307001 4627316645.73787 1.10848477718976 1.08224585476026 36 139.407656306679 0.782290505190214 5243252736.27259 67.3082710349996 5243252736.27259
2 eager_10000.dot 19075314980 1.26811357965752 1.30222936141414 36 198.911201233178 0.365344008439016 53.8504659019999 2358799410.48168 1.13031227767337 1.12883394842919 36 143.113196884866 0.739027354951508 2546897950.47623 13.500580487 2546897950.47623
2 methylseq_25000.dot 6273818718 1.2415351535611 1.69960904093466 36 130.00392995172 2.12197234774404 299.550004497999 3008964017.26566 1.06781021471375 1.53573928190716 36 208.317590577012 3.70604006749562 5061553410.77891 171.631619198001 5061553410.77891
2 eager_10000.dot 8330435694 1.35731080574906 1.01764681576708 36 168.831293299061 2.04860342696472 59.115278182 1691795145.41363 1.13303273154886 0.469467103112826 36 36.1535910639474 18.6521615866886 1967341481.96909 15.07608095 1967341481.96909
2 methylseq_200.dot 8885797810 2.18601190476191 1.82571214919603 28 49.1607271410735 1.84575445601995 0.074580048 38656815.1914545 1.33887235449735 2.94988115244237 36 1440.08752929782 1.3006449149982 35602397.1054928 0.009253871 35602397.1054928
2 chipseq 32978181418 2.5 1.32816245041149 4 16.1849761153658 16.1849761153658 0.006135587 95786576.2839986 2.09375 1.5626078868175 5 16.2315599202531 16.2315599202531 95465683.2288103 0.000516094 95465683.2288103
2 methylseq_2000.dot 6761426956 2.14036303945942 1.8789388847658 36 122.824105992903 1.92850043928385 1.966056905 383077765.249974 1.12860967680245 1.7830580173037 36 443.071564373621 3.366438253311 647260997.7838 0.515345718 647260997.7838
2 atacseq_20000.dot 3908761308 1.16025945961642 0.610883451511774 36 5.71227426150244 1.03176879551591 18.8847068860001 3003106412.10862 1.06329766375828 0.349946827582745 36 10.2642298022947 1.89187058980295 4293956916.78906 24.6654546259998 4293956916.78906
2 atacseq_1000.dot 11187378708 1.46024398749399 1.35574360761489 36 42.7044068052263 0.737744114822095 0.46316551 204562800.208033 1.08865978465978 1.00934053870441 36 63.0130080462736 1.01555148098135 239253979.793544 0.0828807070000001 239253979.793544
2 eager 19100037384 2.94594594594595 2.59534724750512 8 17.4731467966981 17.4731467966981 0.044292317 27298619.2046763 2.49671814671815 2.80969271131762 9 773.487659142315 773.487659142315 25487810.2284939 0.00641404 25487810.2284939
2 chipseq_10000.dot 32978181418 1.23865824547216 1.75795223538304 36 34.233142181181 0.0925512721046534 5.99883333100001 18038622201.1225 1.10708017181232 1.52765448207394 36 67.8814707840103 0.269210683153473 19872464931.9642 1.428674955 19872464931.9642
2 methylseq_2000.dot 110641579976 1.1823882832919 2.20017232391595 36 314.384387945771 0.00206342922130751 1.574815643 5215133840.40679 1.11966915280168 2.19553745451195 36 306.185415674247 0.0201822254452698 5216870204.58739 0.450795707 5216870204.58739
2 chipseq_8000.dot 3793245764 1.1524546345765 0.611943480710223 36 7.9213510860541 1.93802501621783 4.39870307300001 1829843122.85389 1.10914682887646 0.399644218118275 36 13.7278922068985 2.69247215763237 2582328233.55039 3.244343231 2582328233.55039
2 eager_25000.dot 19132169434 1.24300628407075 1.28986710657755 36 115.756080751548 0.394420137902786 372.731334155 5725705427.96341 1.10939731133392 1.05767106733594 36 131.724732589617 0.77306244636084 6622696563.52843 137.636163888001 6622696563.52843
2 eager_4000.dot 19132169434 1.49955575631607 1.3074033022796 36 351.628746657261 0.344289954297076 11.536673531 895730848.280372 1.17262656023111 1.20893185008639 36 157.636269321652 0.632978326427447 994608458.019813 2.16106293800001 994608458.019813
2 chipseq_1000.dot 4807293396 1.35504426129426 1.02789183058965 36 39.3057949261364 1.90517653774654 0.451698396 210889714.882556 1.10824045078853 0.771923195509937 36 60.1382654466079 6.65253500516767 295606787.754982 0.0886093880000003 295606787.754982
2 eager_15000.dot 19075314980 1.32169269326948 1.28699070488539 36 156.015839056765 0.407044894227157 115.264854434 3453502547.92712 1.112991402562 1.08884181158959 36 138.80668735714 0.766610251577612 3885563695.28056 35.20458241 3885563695.28056
2 methylseq_200.dot 6761426956 2.15823412698413 1.81939314502601 28 1452.72693787257 1.82149028542837 0.075871952 29401971.2201185 1.39112103174603 2.02450201760608 36 248.321035509249 0.844125170916398 16909045.4886942 0.00925818 16909045.4886942
2 methylseq 17027257018 2.83333333333333 1.58919673110441 4 733.763081681495 733.763081681495 0.003355816 2178112.25221552 2.66666666666667 2.07151119873524 6 1351.28125056688 1351.28125056688 2178112.25 0.000274102 2178112.25
2 eager_1000.dot 8330435694 1.93632853632853 1.98495778889613 36 1414.43965796418 2.88368149663833 1.405447185 145236903.888147 1.31061412090824 0.971135271587381 36 147.510656560567 8.61036135491614 149172978.879992 0.204596623 149172978.879992
2 chipseq_4000.dot 3793245764 1.16740947077032 0.610089042877292 36 8.5969263286494 2.26562186226671 1.900559913 899770490.108801 1.11214947918957 0.30733282132063 36 12.2144793729014 2.32967282808274 1196882958.14384 0.907031482000001 1196882958.14384
2 methylseq_200.dot 11897958606 1.7765376984127 1.8012398979827 28 79.9937398421541 1.92404882155846 0.073286273 77155682.5406312 1.48842592592593 2.15321574730943 36 6035.07073200519 2.31144651757247 74458310.5981582 0.00845245000000001 74458310.5981582
2 atacseq_1000.dot 3908761308 1.40572546897547 1.16648743204874 36 32.3001176959076 1.69691184159081 0.482805902 93494555.5915926 1.11000724738225 0.749488426346434 36 27.1496687983711 2.65861130290145 126966786.943897 0.0822476170000002 126966786.943897
2 chipseq_1000.dot 3793245764 1.4439883033633 1.14855537665626 36 24.1725072662425 0.928133330160626 0.540996141 195647945.152681 1.14284526904719 0.481465734781301 36 19.9114200377153 3.66947529451382 204541367.770471 0.0818054190000002 204541367.770471
2 atacseq_2000.dot 11809629756 1.23138621092052 1.2895576776829 36 120.452487711955 0.640218757628441 1.320328414 496180121.251174 1.07269283684725 1.00224255518902 36 55.3783753991253 0.774120408811372 561163276.577992 0.275700341000001 561163276.577992
2 eager_4000.dot 8330435694 1.47349787894125 1.20646004901605 36 424.575768803098 2.32468211281853 12.747500708 630180396.973788 1.20293253609182 0.435161194060042 36 32.6797087791131 16.103679487703 755561922.016078 2.419052365 755561922.016078
2 methylseq_200.dot 22500260922 1.82837301587302 1.85694252297529 29 13.5939481083435 0.175393393285189 0.0764780450000001 39251230.5403797 1.5651455026455 2.05276705345373 36 599.833107516245 0.210751695806447 39251230.5389716 0.008626647 39251230.5389716
2 eager_4000.dot 14754556884 1.50823493553959 1.34065476386424 36 243.381641477132 0.486011587895115 12.215584445 700848654.316599 1.20381981527261 1.20843529217611 36 111.341747430482 0.599096392833507 742987016.677434 2.32827077199998 742987016.677434
2 methylseq 6761426956 2.83333333333333 1.58326217578873 4 72.044742049361 72.044742049361 0.003127461 1080079.26705111 2.83333333333333 1.83987001932113 5 840.244855826582 840.244855826582 1080079.2625 0.000270587 1080079.2625
2 eager_200.dot 19100037384 2.90630630630631 1.69388425367542 12 33.6307557579167 33.6307557579167 0.148533283 27302913.8326704 2.44184899184899 2.49786849870006 22 522.998366231594 41.5921815872579 25944356.5463603 0.022774864 25944356.5463603
2 methylseq_20000.dot 8885797810 1.22069939086747 1.82126284360546 36 258.797058121007 2.05412112309858 195.530727636 5164008382.13332 1.07122849139659 1.79910472916541 36 519.462253211098 3.84536654932741 9651120034.63176 117.228770714001 9651120034.63176
2 atacseq_25000.dot 2223941232 1.16144223282292 0.42305398358028 36 4.47612891218702 0.904002714567182 38.3497358329998 2289925114.85766 1.05905953858359 0.204506088918111 36 6.62685641979055 1.61703032598777 2878455132.55775 45.540172657 2878455132.55775
2 eager_20000.dot 25705994498 1.20647280002622 1.03985277211396 36 179.89818679205 1.1473906486286 236.965723103 6757104869.71313 1.0986822177655 0.867694612027925 36 170.633446851592 1.18465793169468 6738539868.50954 64.6321060129999 6738539868.50954
2 eager_25000.dot 19075314980 1.23962183311038 1.26071587355043 36 119.389425633959 0.370099414338184 280.614398473997 5679707974.4964 1.10947772533304 1.06620263914978 36 137.250907468436 0.77449730575081 6568475488.30003 135.767759924999 6568475488.30003
2 chipseq_15000.dot 5058052541 1.20558359628684 0.882769638390721 36 26.2627201301247 1.47689310124464 12.180289159 4513279030.14638 1.09879001771738 0.57446704934295 36 41.0349903699095 3.26798380657195 6858369575.42714 17.4057002929996 6858369575.42714
2 chipseq_1000.dot 5058052541 1.39144536019536 1.03356775835678 36 40.4609236021757 1.51527068386834 0.500794738 249321141.542598 1.17415650588727 0.802614192776731 36 63.1453752166226 5.2066441106359 334420787.459925 0.0930920640000003 334420787.459925
2 atacseq_15000.dot 11809629756 1.15837930260608 1.13643025851692 36 61.1302492515992 0.607674737721936 22.272160477 3773175791.28395 1.06236940109535 1.03105858526683 36 70.6458635212906 0.779218328586034 5117011488.40272 16.3358596789998 5117011488.40272
2 methylseq_2000.dot 8885797810 2.14201249442213 1.88798243825614 36 114.64231097344 1.95410403812336 1.965018288 503834268.942803 1.12029865493721 1.91412523452468 36 500.704863776183 2.53749533072616 855458781.37602 0.515412626000001 855458781.37602
2 chipseq 41366257414 2.34375 1.20384270627168 4 12.2293542245633 12.2293542245633 0.005484099 89819317.4309067 2.34375 1.42693318587803 5 40.4285459157982 40.4285459157982 87927473.6206482 0.000577265 87927473.6206482
2 methylseq_15000.dot 8885797810 1.2462806223815 1.81923776145427 36 186.610478310547 2.05296432125553 115.799019439 3872585881.88182 1.07522737766936 1.77958057215035 36 498.239191797786 3.82921037789798 7232755606.3657 53.7394541720011 7232755606.3657
2 methylseq_30000.dot 17027257018 1.17452113120383 1.93729791925802 36 353.274742185977 1.60114159251849 400.741155745001 15303049879.8005 1.06405313448134 1.7716229447865 36 632.066956736044 4.96828558452663 28662145363.2948 302.812168508001 28662145363.2948
2 eager_2000.dot 19075314980 1.65300564846019 1.39208251400756 36 1008.25299292638 0.336774152231969 3.924735905 473037049.812382 1.35868099954787 1.40083598100779 36 206.295354965764 0.546897881778958 470492943.924112 0.613793440000001 470492943.924112
2 eager_2000.dot 19132169434 1.77009786555241 1.35908847187066 36 530.620008250078 0.376081613490927 3.83899588299999 466923344.760309 1.3340451955003 1.3074690009033 36 198.695953954829 0.607522943343441 467618561.125276 0.622032729000002 467618561.125276
2 chipseq_20000.dot 4605965334 1.14677557527994 0.810187548660128 36 18.5293158145796 1.26896953116068 19.5586605700001 5849570229.39564 1.09790001404516 0.513178304789157 36 19.9617272138759 2.76542373844248 7013501958.29204 22.1596101699997 7013501958.29204
2 atacseq_200.dot 11187378708 1.69388888888889 1.36566904684318 17 9.73546672955762 0.307316628665416 0.0644765 5189426.92614195 1.40498015873016 1.65024698193598 30 12.3405169560652 0.239787183596202 4150337.55674788 0.006846737 4150337.55674788
2 chipseq_15000.dot 3793245764 1.14200936271574 0.586153313767294 36 7.28384042880098 1.90184253992514 10.55354062 3492322231.11206 1.09260319188321 0.431850726533808 36 14.2589299627597 2.75739204776158 4983589637.17902 12.2772155279999 4983589637.17902
2 atacseq_8000.dot 14091675276 1.17928740894846 1.14225849172493 36 95.4927070689957 0.725244616786227 5.01754478500001 3861155588.61637 1.05323994128515 1.09111148347976 36 109.47107693583 1.16148213912862 5142696578.3971 2.10382656800001 5142696578.3971
2 eager_10000.dot 19132169434 1.27653181927641 1.30553988242784 36 161.242793609788 0.377437083948052 55.3228911509999 2376331868.53678 1.12426334396675 1.12595819430794 36 137.292220380384 0.730772808820276 2568100690.71891 13.085486095 2568100690.71891
2 methylseq_8000.dot 11897958606 1.21061537728204 1.95928716914222 36 97.037405086673 1.33207099211542 22.0901812800001 2882586920.06956 1.07983777428222 1.8059816803071 36 523.499254003464 3.73481712390401 5193570942.91238 10.845662186 5193570942.91238
2 eager_15000.dot 25705994498 1.26368581766672 1.05443617830803 36 211.515454644009 1.23292319702151 158.414555477001 5351398706.68711 1.1124378909288 0.873668473297304 36 177.936430880904 1.1825951358362 5077709286.26051 30.6930567499996 5077709286.26051
2 eager_1000.dot 19075314980 1.91870575933076 1.59027771626247 36 717.534333449401 0.384440911122824 1.368411796 242769239.113693 1.50279390137169 1.70811164646675 36 525.170298823064 0.489334304020229 213336994.142127 0.254197616000001 213336994.142127
2 eager_30000.dot 25705994498 1.20290262491363 1.05688342064689 36 173.73830016375 1.23496447697871 509.004068336002 10220968859.1354 1.09661653578144 0.879042071565132 36 173.939880340431 1.19071393355657 10175718940.289 179.459071517 10175718940.289
2 eager_10000.dot 25705994498 1.28915360626114 1.05485327627915 36 264.036038506384 1.10381540866429 61.4051692840001 3493635603.47209 1.10696289330945 0.896363538715275 36 182.339994912884 1.19232013055346 3359872188.34288 10.979420311 3359872188.34288
2 chipseq_20000.dot 3793245764 1.14117021511028 0.576617552573154 36 7.01772618640709 1.87887704408967 15.826776194 4675770195.42111 1.09926131961485 0.406931358906409 36 13.7065988002418 2.5967724565286 6707710157.58932 22.6851603809998 6707710157.58932
2 chipseq 5058052541 2.0625 1.54367745039548 4 14.6391924028453 14.6391924028453 0.006797843 2410779.60447033 1.82291666666667 1.77015359146844 5 8.50285686565956 8.50285686565956 2383338.175 0.000662678 2383338.175
2 chipseq_30000.dot 41366257414 1.0900472025889 1.41965233119082 36 50.3357666766984 0.0654257713531646 50.338537514 49166093679.5108 1.07410143113072 1.24746602131711 36 36.6787411035817 0.170448638938467 49508911551.3729 11.315561028 49508911551.3729
2 eager_8000.dot 14754556884 1.38837328148989 1.34319632535813 36 120.715387835652 0.477154210985199 40.2029166020001 1366939426.19322 1.12334133076134 1.15017853103204 36 97.7823428009258 0.634404467153027 1558619570.40654 9.561624283 1558619570.40654
2 chipseq_30000.dot 32978181418 1.22285538255876 1.7751572645209 36 36.2725645808705 0.0990321409784797 38.074847651 56706423498.1631 1.10901384027426 1.57305460154637 36 69.3060852287437 0.27055589977047 59891814009.4461 14.1500373569998 59891814009.4461
2 methylseq_25000.dot 110641579976 1.13524767137349 2.19496192318609 36 268.088254263682 0.000854517326399597 456.146281971001 63640742990.305 1.0940410783186 2.19156741159067 36 274.388218632551 0.0190600099354523 65019187093.119 169.081843300999 65019187093.119
2 eager_10000.dot 14754556884 1.31161610405569 1.3451894156177 36 114.889353126648 0.526355646328553 50.7874776210002 1730094641.01136 1.12180931211286 1.15738581293095 36 99.9275420147193 0.65805373713613 1984230148.95705 14.834527889 1984230148.95705
2 eager_30000.dot 14754556884 1.22164560569609 1.32979818898213 36 58.2899408983836 0.48018681434144 409.456884165998 4862783109.87223 1.09372272892206 1.1269691260293 36 89.6110743393068 0.682356432520498 6095892193.593 239.836718110996 6095892193.593
2 methylseq_8000.dot 6761426956 1.18470653192875 1.80808597923792 36 289.230800051107 2.00951863825585 21.639606409 1557961453.87575 1.07642761809428 1.73376299264432 36 445.191226459194 3.76887281933624 2851937611.80886 10.587164877 2851937611.80886
2 atacseq_10000.dot 11809629756 1.15917844495511 1.14732210616021 36 58.8724784658731 0.571379668827614 12.751596188 2531500002.34409 1.06775509372951 1.03057614549775 36 62.2629368738476 0.829480020382277 3364209285.09774 6.68521242400001 3364209285.09774
2 eager_20000.dot 19132169434 1.25401926004271 1.29592607931546 36 109.775797392414 0.402114952286794 203.590216066998 4595861530.6282 1.1094873618739 1.06223014596125 36 137.159115831293 0.772540445713284 5270436665.30652 72.2278464180004 5270436665.30652
2 eager_200.dot 19075314980 2.90630630630631 1.78749364951719 13 312.753368398651 32.2195643795384 0.148784496 27222513.2298708 2.47972972972973 2.56291751380428 23 580.089082851216 39.270985885999 25913852.5351477 0.022367348 25913852.5351477
2 eager_20000.dot 14754556884 1.25589641981827 1.3492134258168 36 85.6873852971739 0.547877904408959 183.921537818999 3349231235.32706 1.10477215704283 1.12860120410162 36 93.1989366441435 0.683705165960552 4025142405.9763 80.9486572910002 4025142405.9763
2 chipseq 4807293396 2.0625 1.58295739290725 4 4.52980056859597 4.52980056859597 0.006564122 2000092.79639916 1.82291666666667 1.7916805913617 5 9.77583308519666 9.77583308519666 1959829.26041667 0.000667015 1959829.26041667
2 eager_15000.dot 8330435694 1.30533255311238 1.1332973703841 36 192.273183391873 2.11547722175289 135.526783209999 2648760203.01049 1.11452583751955 0.433446693309321 36 36.9012019239252 18.0457923421927 3005007841.63333 40.8635620650007 3005007841.63333
2 methylseq_10000.dot 6761426956 1.20418961235288 1.80422667846638 36 286.574719472383 2.01807012681389 34.8958400639999 1954239869.79669 1.07727853045982 1.73910691993332 36 455.680764085104 3.84688597062196 3616664944.60326 17.7406606079997 3616664944.60326
2 methylseq_1000.dot 22500260922 2.20362401988908 1.3778566392769 36 41.6313692891877 0.0455024581731532 0.525185012 139801222.308443 1.20461209919041 1.40580520483916 36 76.2203845655004 0.163722108203976 191887169.161656 0.112292442 191887169.161656
2 methylseq_8000.dot 22500260922 1.24959483292817 1.3806444197591 36 58.2262277324986 0.0572754173669571 24.139649047 1193355929.63632 1.09782600060378 1.44660811626755 36 97.4535131652898 0.287699211671088 2128726270.27494 8.38373527499988 2128726270.27494
2 methylseq_25000.dot 8885797810 1.23195584309365 1.82012689484426 36 186.697529684862 2.05652368272626 431.781629641 6460792269.41972 1.06635029858749 1.78213481708069 36 513.308832016474 3.90110078962033 12152868676.4031 209.063046817004 12152868676.4031
2 atacseq_1000.dot 2223941232 1.41680687830688 1.1999710361777 36 6.74434533645198 0.37115821142104 0.527670159 18996921.0725354 1.11587847337847 0.690293696908585 36 44.1017302648556 1.2436693128189 69425190.6598996 0.0852826260000002 69425190.6598996
2 atacseq_4000.dot 3908761308 1.18066559212392 0.515797873896836 36 11.9271824297877 1.38292728122645 2.813995363 582715689.244704 1.07477572054958 0.403169207368475 36 13.860804806585 4.45102982714133 750302741.625437 0.932102022000001 750302741.625437
2 chipseq_10000.dot 3793245764 1.16755294621836 0.580323907223438 36 7.00932351191596 2.08343069414878 5.58216367 2284077551.85373 1.09103054944221 0.403383686880587 36 13.3755371343681 2.63439550727396 3251365002.30368 5.19062537599999 3251365002.30368
2 eager_1000.dot 19132169434 1.9438787001287 1.58896568731886 36 919.425482497583 0.379364118158691 1.389538365 243058641.894099 1.45679745445612 1.52364557031789 36 470.472542301686 0.545903616132778 213096621.579723 0.218685334 213096621.579723
2 methylseq_20000.dot 17027257018 1.34538100954669 1.95146199009116 36 113.913380895385 1.60176237260027 238.502571802 10205620834.7837 1.07842819667553 1.75814117306611 36 617.666228896629 4.82982114608536 18894716251.7424 113.520872101 18894716251.7424
2 eager_8000.dot 25705994498 1.30173123387775 1.06375196442489 36 282.167588700632 1.03374247388061 42.2500005780001 2784848585.20627 1.11274991670244 0.895303449989395 36 180.442355946153 1.1875401241442 2682530008.43784 6.60017058900003 2682530008.43784
2 methylseq_2000.dot 17027257018 1.37111939822783 1.98269942295058 36 104.950846411748 1.61688181733503 1.437623096 1026774355.23076 1.14566998151335 1.93425724457682 36 645.671339447879 3.00333392662764 1727213610.08168 0.515129942999999 1727213610.08168
2 methylseq_4000.dot 6761426956 1.22861750639528 1.81633349695218 36 196.753366105854 1.99733094112751 5.04423680700001 779051287.263613 1.11260466816022 1.75064380837555 36 438.435243942413 3.65569274198518 1383149532.72791 2.295963773 1383149532.72791
2 chipseq_8000.dot 4807293396 1.18792817357669 0.928979456056963 36 33.2753209220579 1.05838569697677 5.70472714599999 2129932605.21773 1.07337576543102 0.727827635998496 36 39.3855767178024 2.89736305836793 3175283758.91724 4.98105083200001 3175283758.91724
2 methylseq_20000.dot 6273818718 1.21500663757568 1.69492434473749 36 131.876971236389 2.09223944704556 152.947479661 2395589502.16333 1.07181523403015 1.52523552847296 36 206.77629513228 3.61805264832942 4052216949.29635 96.2186473090016 4052216949.29635
2 eager_4000.dot 19100037384 1.48566715516949 1.3527072277587 36 337.431591260378 0.349934745004939 11.496361013 905297531.929959 1.17506356059334 1.22859248874925 36 157.864371334686 0.640328451756749 984393273.914413 2.07024821000002 984393273.914413
2 methylseq_20000.dot 22500260922 1.20114474361176 1.38034124911357 36 58.4351608601866 0.0590568906841858 232.509776159001 3015317691.79673 1.07447423413813 1.45098320117944 36 106.386714639634 0.307117616564223 5616794116.86401 92.063291616 5616794116.86401
2 eager_2000.dot 14754556884 1.68523299779984 1.38716551683204 36 900.112649385609 0.579636930661829 4.35899743400001 378614136.142098 1.38792907879595 1.27746794451341 36 156.496272854212 0.520519576768486 345504704.186392 0.666375859000001 345504704.186392
2 atacseq_20000.dot 11187378708 1.14934601411722 1.11036078242722 36 53.4373638622716 0.564818116068187 39.0684688850001 4945139421.79274 1.05953002507781 0.957917071156917 36 63.1351995176745 0.817245674970948 6542884133.99251 30.0274898369997 6542884133.99251
2 methylseq_4000.dot 22500260922 1.40105581772248 1.37610394950685 36 55.4900771898285 0.0606726515698758 4.741996927 607605137.630213 1.13662471995805 1.43755533108491 36 95.9214064104605 0.266205057215296 1032323625.26001 2.01224076799999 1032323625.26001
2 atacseq_15000.dot 2223941232 1.16143091510785 0.351073789144693 36 4.93194530703605 0.96242942053209 20.349953259 1345836457.46264 1.06835646618168 0.24126332347679 36 7.27123745964533 1.88381667463106 1671319538.68881 15.137668427 1671319538.68881
2 atacseq_8000.dot 2223941232 1.19200049180322 0.439757600545302 36 7.4449251883798 1.3645826617664 7.80289749700001 709098766.586447 1.07773159209674 0.432983809587017 36 9.51603095922144 3.05805278626646 832225191.599612 4.294082135 832225191.599612
2 chipseq_200.dot 41366257414 1.97767857142857 1.14317564402084 16 11.51391530685 0.161906036919662 0.047302548 281134079.970211 1.49659863945578 1.84437687667031 34 32.0768916795033 0.0568723908899242 225285464.500105 0.004663404 225285464.500105
2 eager_200.dot 19132169434 2.90630630630631 1.69434271104452 12 34.2154837197883 34.2154837197883 0.148169361 27394858.5572789 2.43884598884599 2.56306201647042 23 560.04780119924 40.4995956642285 26066461.4411785 0.022616276 26066461.4411785
2 chipseq_25000.dot 4807293396 1.1721590419507 0.921444062331269 36 28.6812480262766 0.928419651646316 31.4305951039999 6746208320.00937 1.07340766194931 0.647176011327965 36 39.9376818553248 3.12208608604678 10143473145.8254 64.3454819510004 10143473145.8254
2 atacseq_4000.dot 2223941232 1.1889778159386 0.454431502553026 36 15.2273847682932 1.65142848901797 3.590285942 332744330.7747 1.0648635017904 0.406571114720129 36 13.8725982344511 3.387365499438 376154726.059173 1.108319355 376154726.059173
2 chipseq_10000.dot 41366257414 1.07756173181456 1.42262510965038 36 42.094965527054 0.063038567437448 8.64545196100002 16183899111.6528 1.07681507611019 1.24281632030883 36 40.0380760151968 0.174721080974089 16483693464.8731 1.21447837199999 16483693464.8731
2 chipseq_4000.dot 4605965334 1.15042920261081 0.888615685960774 36 18.7752162412928 1.54151978975549 1.859811087 1071575410.21977 1.10872146721203 0.49895442825154 36 18.9390666130274 2.61231684318798 1270651500.83597 0.803258082999996 1270651500.83597
2 atacseq_10000.dot 2223941232 1.19022236388319 0.431379771227246 36 6.53385857786674 1.02817717209632 11.324593532 885346629.936032 1.07683025344159 0.335900469530798 36 8.73325528167148 2.51787871146248 1057018083.43258 7.01180892699995 1057018083.43258
2 chipseq_25000.dot 3793245764 1.1461991409908 0.604016044322901 36 7.28370572221467 2.07595766797726 22.7415019810001 5784399436.67407 1.0873547540214 0.453284264861031 36 14.3529478514739 2.71405171221604 8521101017.69521 38.9577264850003 8521101017.69521
2 methylseq_25000.dot 17027257018 1.37992618501501 1.94749141177706 36 111.562429179374 1.60302742064446 385.235202392998 12769130976.7755 1.07938857518793 1.77366705270071 36 618.585703197969 4.84768314423654 23492385896.7919 198.614320718001 23492385896.7919
2 eager_30000.dot 19132169434 1.2295241634747 1.27900993372306 36 99.2684214452659 0.411627753943878 425.129826748 6880662653.88125 1.11066021477212 1.06239694063629 36 124.46064026348 0.775241915428547 7965617413.01496 213.447154004996 7965617413.01496
2 eager_2000.dot 8330435694 1.67298307752853 1.3671974014727 36 900.734095598644 2.62422000976341 3.85700915200001 292311905.732752 1.23147165175029 0.679998240608555 36 46.0757516073966 15.2957483596928 346583918.528543 0.715228790999998 346583918.528543
2 chipseq_30000.dot 5058052541 1.19266896052237 0.865402540414278 36 23.7221455273997 1.5068246647629 35.0276921050001 9114050280.49628 1.09440932208603 0.600650003002771 36 45.9232270345458 3.36711902049201 13503626953.9212 89.3998226410008 13503626953.9212
2 methylseq_4000.dot 11897958606 1.22741789408456 1.96529486137192 36 87.7326143854637 1.34389450530807 5.20186756199999 1453451223.54883 1.09670384670384 1.84642737916699 36 539.108520939623 3.50345397970318 2549161719.21724 2.45188084 2549161719.21724
2 chipseq_4000.dot 4807293396 1.21122090697562 0.944996186270487 36 36.3577973063959 1.26492688467099 2.37367646999999 1038657699.0965 1.07348181168936 0.733395952397137 36 36.9703621922025 2.4429589826339 1521488401.11061 1.172430696 1521488401.11061
2 eager_200.dot 14754556884 2.67987987987988 1.90296065703867 14 222.210580759479 93.5644108179764 0.149542178 10796559.0233805 2.51801801801802 2.21786027623881 18 158.894441529837 97.9216227239784 11670842.4877823 0.022063952 11670842.4877823
2 methylseq_15000.dot 22500260922 1.31259822672955 1.37824762952204 36 58.0969573742891 0.0563427585242691 105.547698243 2236976958.55877 1.08127136629942 1.44978871333813 36 106.102449043144 0.295178919024191 4165328379.35028 40.9481175310005 4165328379.35028
2 chipseq_20000.dot 32978181418 1.20574706504382 1.76675663101305 36 36.0715320832432 0.101509824145301 19.237281976 37520867334.4883 1.10499176329508 1.55480736104561 36 68.5213740636252 0.268803074028559 39782079883.4792 5.78125943700004 39782079883.4792
2 methylseq_2000.dot 6273818718 2.02223178427998 1.6695526848278 36 86.0134908927482 1.88423975993794 1.407763218 230494154.440931 1.12503984190731 1.38779205847311 36 176.558055558177 2.01347481239797 346785665.6929 0.458012571 346785665.6929
2 methylseq_1000.dot 17027257018 1.47193536048958 2.00355881842732 36 103.215488826074 1.61648220999292 0.52887064 513966355.044165 1.2134410658507 2.02325322783387 36 849.95220935675 2.24235505567011 881963099.772107 0.151021458 881963099.772107
2 eager_25000.dot 19100037384 1.2366458486872 1.28076776853308 36 137.746277361413 0.375749473998497 276.476915469003 5697361266.11435 1.1062208140793 1.08343769928237 36 129.996541369187 0.780638517016615 6587763486.96778 127.709623653 6587763486.96778
2 chipseq_8000.dot 4605965334 1.16773787536915 0.839986979461846 36 18.5452247778819 1.53041304788508 4.76246777299999 2229884918.69093 1.1031566559094 0.497237157467624 36 18.8892458367446 2.56408120962739 2685467043.08461 3.04263385799999 2685467043.08461
2 atacseq_2000.dot 2223941232 1.27785441229069 0.835412662188207 36 25.8550811383126 2.01290621394921 1.466889356 145910560.00733 1.08396239197494 0.557220738066859 36 21.2130450111434 3.63458565694938 181112303.572938 0.296445016 181112303.572938
2 methylseq_200.dot 6273818718 2.34722222222222 1.76927870903491 28 2.98969033008244 0.00249150128128312 0.078924792 2973456.16492862 1.49082341269841 2.00676598200813 36 815.187772492223 0.0275227882538152 2955613.4875 0.008142283 2955613.4875
2 atacseq_8000.dot 11187378708 1.17677049553216 1.14437910976403 36 47.8353085044791 0.583340738999478 10.868438495 1968822596.43557 1.06857534944068 1.03202702082741 36 51.2451931457677 0.661446645105968 2469064654.89419 4.28432643100002 2469064654.89419
2 methylseq 8885797810 2.83333333333333 1.58744561846005 4 125.31131875158 125.31131875158 0.003118181 1402989.44055632 2.83333333333333 1.84416449192434 5 1243.63889259522 1243.63889259522 1402989.4375 0.000277857 1402989.4375
2 methylseq_10000.dot 22500260922 1.21511779314901 1.37835263936714 36 57.385024954625 0.0548381820459281 42.4328810700001 1480037181.02988 1.10084509994476 1.45414020221157 36 100.888004341809 0.297391766368661 2731624828.33478 14.8254411200001 2731624828.33478
2 methylseq_1000.dot 6761426956 2.5907917383821 1.92476505298755 36 59.6245660755273 1.81209638667628 0.662370802 185300048.733255 1.18972716261873 1.81584062987496 36 480.108500079999 3.19511510620727 305948544.038738 0.139406622 305948544.038738
2 chipseq_2000.dot 3793245764 1.2078930431383 0.77519230129797 36 17.3390982503506 1.51904766106051 0.962713493 454369707.845071 1.0978210212783 0.439202956857842 36 14.5152933720023 3.77169813975859 551199893.442028 0.278254958 551199893.442028
2 methylseq_25000.dot 22500260922 1.60813285681258 1.38095675200934 36 60.2440602556049 0.0556581280599101 472.579513182001 3723759131.97262 1.07338316987864 1.45265448500011 36 108.251955375848 0.313429171141556 7068282959.73549 149.533073057004 7068282959.73549
2 chipseq_30000.dot 3793245764 1.14993423312856 0.558405986728854 36 7.01496925218945 1.76737545945318 32.0848227079999 7051933938.18633 1.09632980655708 0.388540688159473 36 13.6708996935017 2.00590443254848 10307089860.4736 57.3524862040003 10307089860.4736
2 methylseq_1000.dot 8885797810 2.62492828456684 1.93084909161412 36 70.8155077190871 1.83778529624167 0.646035806000001 243697946.842048 1.17747179192962 1.98605153634608 36 625.253587167541 1.91709124887624 418274821.916115 0.138824758 418274821.916115
2 eager 19132169434 2.94594594594595 2.59592856582849 8 17.8120664277185 17.8120664277185 0.04429626 27390403.62926 2.49671814671815 2.81016336184731 9 751.793571185825 751.793571185825 25609116.4527081 0.006433364 25609116.4527081
2 methylseq_10000.dot 17027257018 1.40198619130192 1.95003259038334 36 113.245412207378 1.60106451044578 43.7500516440001 5101490811.05486 1.0829760475619 1.79352569561576 36 611.346455783775 4.54209198097795 9346059201.99142 17.8186437739994 9346059201.99142
2 eager_200.dot 8330435694 2.5487987987988 1.72034587802805 12 99.6034134852912 64.626721001602 0.158774429 7350551.63551094 2.55036465036465 2.34380739104264 20 191.174148702781 25.0730197391014 3590920.04486061 0.022320139 3590920.04486061
2 chipseq_10000.dot 4807293396 1.18619585301917 0.856491857136882 36 32.4187838175064 0.87816942597475 7.44410593900002 2722109528.80078 1.07846723295502 0.703270543535885 36 38.8024014102885 2.71049879996337 3960278774.00577 7.40524661499999 3960278774.00577
