algo_nr wf_name inp_size avg_spread_dyn cv_proc_load_dyn num_used_procs_dyn idle_to_work_dyn idle_to_work_30s_dyn dur_alg1 ms_1 avg_spread_stat cv_proc_load_stat num_used_procs_stat idle_to_work_stat idle_to_work_30s_stat ms_perc dur_alg2 ms_2
3 atacseq_30000.dot 14091675276 1.13480352628694 0.977846096086114 36 10.0965376391882 0.160531523287699 2040.21900384402 2001424860.17389 1.63856559745702 2.14171441303839 36 26.3738364846636 0.423469474740138 2197034207.08369 2769.35060342015 2197044224.79398
3 chipseq_15000.dot 41366257414 1.09169133245718 1.13925034926096 36 10.4629962842306 0.0207903200761988 341.466539823003 3475508214.45107 1.44437405596629 1.3508958605945 36 12.9387083723977 0.30182112678277 4622692087.5392 440.830205073994 4623503360.66744
3 methylseq_15000.dot 6761426956 1.5443878912654 1.81349618991897 36 14.9513564208559 0.128869805473401 451.991112312999 395935089.474497 2.83333333333333 2.10159507355444 36 0.685851095974938 0.685851095974938 321021691.786885 468.409462629001 320991589.43263
3 atacseq_15000.dot 3908761308 1.11541657109882 0.288284513913515 36 1.33297191059775 0.356503428192934 316.573612756001 285953016.402501 1.58561378761574 1.68497047882165 36 5.61427217342735 0.322186256147608 399149492.185347 445.166420021002 399179624.364932
3 eager 19075314980 2.84684684684685 2.61512928069179 8 162.834479268415 162.804831097568 0.037411929 11224107.9257378 2.83140283140283 2.55687676415995 8 79.5899113653969 79.5899113653969 9448738.81780206 0.005997367 9622061.36057702
3 eager_1000.dot 25705994498 1.56420488295488 1.61658989250328 36 100.150468833353 0.208419404213887 1.124459789 53762473.1960541 2.46415701415701 1.59658995029387 36 69.8034429170813 0.5496382052151 58500948.7843358 0.236880754 58650907.995583
3 eager_20000.dot 8330435694 1.246700311109 0.828869885628879 36 25.7936812118672 0.382929039039771 873.569192159999 437898447.057102 2.70224775224774 2.45101118278905 36 276.745255355038 0.307833375990452 419251582.706872 1385.813618282 418288126.445069
3 eager_25000.dot 14754556884 1.21864469907086 1.02609199232873 36 22.9671787808941 0.133517493906653 1509.113354237 683399368.666457 2.31128137298352 1.50392941891911 36 913.997033125781 0.257961070737083 975828517.646731 2440.27877418502 975751502.991623
3 methylseq_1000.dot 110641579976 1.31242430037611 2.06153747712582 36 269.338011290873 -0.000697167040150321 0.657865373 439210372.621739 1.67737617135207 2.54124987380979 36 1654.0681387635 133.649141493541 780949431.340103 0.172678142999999 780949522.243647
3 chipseq_200.dot 5058052541 1.94345238095238 1.09004739010323 14 2.31924635792863 0.387073019477579 0.058606457 6114258.32864127 1.82738095238095 1.61769592003926 18 3.33750104895867 0.976017404941275 6394509.55762897 0.009471527 6375041.17105264
3 atacseq_30000.dot 11809629756 1.12993021531541 0.746153836951915 36 6.27100316843606 0.164048163642772 2134.068198564 955341753.210125 1.5254554375572 1.49208493865842 36 33.3645149813036 1.01012357371253 1317823755.55218 2790.28483015432 1317886472.76783
3 methylseq_1000.dot 6273818718 1.42331229680627 1.28339793798673 36 29.2468895962917 0.0990298316471798 0.673327023999999 18396013.0751083 2.29317269076305 1.72286439008618 36 10.4553864709184 3.12203715843254 39101750.8976363 0.174240003999999 39096140.9160295
3 chipseq_4000.dot 41366257414 1.10633300138017 1.07149595082747 36 8.33333800837079 0.017585368462043 6.97215717799998 901764813.649492 1.44704627133872 1.36771741495214 36 8.24178719083666 0.359690724625537 1237922865.82937 6.05624665999997 1238768700.91871
3 atacseq_2000.dot 14091675276 1.14225518490224 1.03009176212818 36 8.91771670856322 0.163910069306793 1.59574019 131230674.140113 1.64300108932462 2.15536239386465 36 5.95953633334775 0.398968644700102 152338892.779049 0.873350273000007 151567567.175463
3 atacseq_1000.dot 11809629756 1.20703986753987 1.17167122942849 36 10.458533290884 0.146637337774463 0.590808329000001 27926536.4573074 1.5512619047619 1.49678912459585 36 6.31552104761302 0.745682002196907 43735222.4759941 0.174453588999999 43754776.3698576
3 methylseq_200.dot 17027257018 1.9021164021164 1.81041114869872 28 6.79825143807048 0.163861026427355 0.081557418 16945124.3116073 2.83333333333333 2.06776413502793 31 0.173261668483993 0.173261668483993 10711906.9107155 0.010279093 10710937.7465104
3 methylseq_30000.dot 110641579976 1.12510189260892 2.01673356022403 36 45.9557625608104 0.000109978774373824 3607.166298833 13253314985.819 1.67878262416077 2.54061197275125 36 466.493477873095 36.5684151737367 22737565713.1363 2519.64989431479 22734187910.2449
3 methylseq_8000.dot 110641579976 1.09561744283967 2.01656401344989 36 45.8610147277478 0.00019794805303169 70.9810437940001 3534103324.09658 1.67609275942609 2.55216154802723 36 147.974316152455 141.719911963215 5794611144.1411 87.0851555050005 5794612814.63775
3 methylseq_20000.dot 6761426956 1.41857457268623 1.77985504243079 36 36.6159891520258 0.126369425600946 927.646227982997 523217920.75797 2.83333333333333 2.07598245383768 36 0.639070632801085 0.639070632801085 428264572.229585 1107.01357595505 427976060.007707
3 atacseq_8000.dot 3908761308 1.12905912903851 0.330253162602841 36 1.52787463226107 0.365223730693298 46.0389742950001 149968068.744389 1.58650987224158 1.67828845310797 36 11.0946404928475 0.305062359019179 212273480.293955 63.6160651859997 212349961.035915
3 methylseq_8000.dot 17027257018 1.54446708613375 1.968406002068 36 15.6622814030014 0.106904851412705 67.2855964659998 631510846.747574 2.83333333333333 2.07634805256233 36 0.425195208917386 0.425195208917386 348496856.098186 70.663592264001 348496948.510669
3 atacseq_10000.dot 14091675276 1.13020153004931 1.01215047852639 36 12.1856438281358 0.162040815072374 92.0708072870005 665933347.113984 1.64641384548611 2.24345630481987 36 16.4597483173437 0.443708449350037 705645478.197972 128.800275371999 705700647.224024
3 atacseq_20000.dot 11809629756 1.13006500740766 0.735399814866908 36 6.18392266534264 0.165615321853808 687.874221473994 622226699.82467 1.53847074962798 1.47200703024905 36 30.7184114635788 0.800363856856359 828200891.106631 881.052936052011 828211609.907914
3 atacseq_30000.dot 3908761308 1.10698211086702 0.294835178757845 36 1.28925862326254 0.357022313118884 2044.518427918 580662356.646138 1.58030050880343 1.62607438845064 36 5.77654739185574 0.296044526571537 800698146.399897 2843.06503640505 800663606.864231
3 eager_2000.dot 25705994498 1.44013496981411 1.14107872532134 36 57.5885190975884 0.165468867757141 3.013061447 92320706.5703998 2.46324516324516 1.57750686794472 36 74.2229117012415 0.498727604247303 123750532.472966 1.13192853300001 123904437.510356
3 eager_1000.dot 14754556884 1.7056394056394 1.96247825417135 36 94.3393575900882 0.186803952239622 1.38100881 38228362.1837672 2.41643238518239 1.42823565456774 36 224.3383060206 0.264751041889505 39250897.2781757 0.237203533 37887694.7814375
3 atacseq_30000.dot 11187378708 1.14288429777774 0.692583615990203 36 5.1890687356593 0.145804791389181 2088.50255420202 942225403.759188 1.52355753022204 1.46779620373921 36 43.6090215733318 0.873470305918467 1383632618.15374 2716.55924979027 1383846091.02462
3 methylseq_10000.dot 8885797810 1.53484886017899 1.82940519719877 36 15.3519842791525 0.126488304828955 148.118602635 342033628.029665 2.83273309323729 2.09359153956913 36 0.423779842321033 0.423779842321033 287727258.86461 168.638772544003 287393329.252194
3 atacseq_4000.dot 11809629756 1.14377478271654 0.802241682566541 36 7.06738323248563 0.156715696115788 8.05749984900003 120439578.083113 1.57237686741363 1.46922320082544 36 17.0657721729273 0.771629284830611 155024767.331904 5.84938590700001 155086580.217697
3 atacseq_1000.dot 14091675276 1.12647934744994 1.01679058002848 36 8.83429671584559 0.162721302355202 0.466370457 63007131.8392352 1.66261111111111 2.26653372451105 36 5.62114404276449 0.345839096595375 71677600.0840635 0.164903503 71656156.5274469
3 methylseq_4000.dot 6273818718 1.30896769785659 1.30929076061636 36 18.0954902240142 0.132066550784807 10.27904728 80419867.6026135 2.24550741217408 1.734389267635 36 40.5742727658526 7.19252365986786 142780951.199397 5.89832847399996 142782328.569868
3 chipseq_1000.dot 4605965334 1.15647426825312 0.797051450192805 36 6.47748844442453 0.250839741545337 0.637651398000001 31207679.7046128 1.9150641025641 2.16993165034883 36 1.86000670764377 0.290212667603166 34419328.2279441 0.164378362999999 34492039.0334404
3 atacseq_200.dot 11809629756 1.42607142857143 1.34104654403869 17 3.05237852946471 0.422549460576727 0.0681878590000001 4489085.65319713 1.57777777777778 1.53358046090744 21 7.11189620858453 1.34853096585438 8677666.49428564 0.011719891 8685010.22559161
3 eager_8000.dot 19075314980 1.30539592469416 1.11326325712303 36 34.988891165899 0.131738885714752 71.0558904740002 267496407.296756 2.70123682123683 2.5879738526012 36 182.630027779548 0.425245465143927 388845389.114172 105.075421424001 389071091.939988
3 methylseq_10000.dot 110641579976 1.12953435342391 2.01628061917388 36 45.8165318149866 -3.6530225714954e-05 160.93961961 4410973852.59223 1.67633720154729 2.54648273116639 36 174.863358644363 152.719706155685 7712255660.29663 199.799007608002 7711957214.52386
3 methylseq_2000.dot 22500260922 1.23421463632307 1.26733414599487 36 17.492493892699 0.00108555435286337 2.154259039 94889224.3279983 2.74631860776439 1.54340172732206 36 23.4610468587196 0.661466883860882 175602283.740669 0.893358980999999 175601777.397226
3 chipseq_200.dot 32978181418 1.66220238095238 1.21231255655448 15 2.00008119198597 0.140875520477969 0.055506199 37475729.1477085 2.25446428571429 1.87150459449903 17 4.96156550069519 4.96156550069519 66508674.5874852 0.00875206799999999 66562126.5368804
3 chipseq_2000.dot 4605965334 1.12739785267475 0.466953185717156 36 2.89658007921935 0.405311211168621 1.698112402 64736946.6100131 1.94053270042194 2.08738974160989 36 1.11232429523637 0.220668383710922 63304463.658876 0.858595547000007 63365510.9733351
3 methylseq_30000.dot 8885797810 1.35392728519977 1.79403299600609 36 38.3453085733015 0.13111058274544 3358.95520978799 1038576043.48994 2.83299986661331 2.11579704846123 36 0.731131077623237 0.731131077623237 851471785.584508 2667.97805353481 850982165.785503
3 eager_20000.dot 19075314980 1.24665019927999 1.15302649258701 36 31.0904178713271 0.152334382496502 893.657394816997 681768476.7793 2.731090323398 2.62982484396124 36 569.426893123841 0.539783404808023 928837209.141883 1402.12957891799 927349122.860461
3 atacseq_8000.dot 11809629756 1.121785428126 0.754341856171228 36 6.56044754255309 0.15888614528468 48.8382518699998 246548478.075812 1.52953590785908 1.4862820287889 36 26.9828837276282 0.889083586098442 358486232.108356 63.8461433359999 358437066.579635
3 eager_30000.dot 19100037384 1.2365462112003 1.13235145891132 36 25.2231423353251 0.145223556930288 2729.73835366894 994355621.280546 2.53206011906802 2.41797994991243 36 780.363306188332 0.327337907295613 1363095805.43896 3114.26436424604 1363453291.39966
3 chipseq_200.dot 4807293396 2.04017857142857 1.11697724931584 14 1.8218259239285 0.286905012537282 0.058009154 5111912.39183148 1.80654761904762 1.77842854350884 18 8.8502900986571 1.7145944976073 5238745.61883719 0.0095375 5031832.5401461
3 chipseq_200.dot 3793245764 1.61160714285714 0.958978082434204 14 2.94103472505405 0.405801651308901 0.067051369 4378193.92650191 1.86755952380952 1.32740507394907 17 2.69643544622399 0.526096318792767 6266047.23562702 0.00949107399999999 6287631.27377789
3 eager_8000.dot 19132169434 1.323427486348 1.10596401370114 36 34.0530958651143 0.142369896967573 70.068003262 271675138.600601 2.51066691066691 2.51244808081293 36 413.463554843636 0.46073467769643 378410937.313846 106.021072744001 376936196.918645
3 atacseq_10000.dot 11187378708 1.12131630658817 0.69728589589732 36 5.43494618434335 0.148904296641983 98.9924452209998 305768246.761019 1.52037721664187 1.44481631860418 36 42.9095538729677 0.75927660110881 471415022.965977 149.035819946001 471384231.0565
3 chipseq_20000.dot 4807293396 1.13861300360047 0.493627267728243 36 3.22876705782768 0.368772808096308 712.800117831998 655542730.585649 1.8414554651648 2.32030576123761 36 19.6484929529992 0.357892240158792 579448739.569173 927.27193372901 579155606.198429
3 chipseq_10000.dot 5058052541 1.16866594662647 0.623971249313627 36 3.01856905495403 0.403545860449851 86.9049614789995 373962410.582374 1.8297827903091 2.25692646381668 36 18.6908096491119 0.337334036287506 343140780.053836 133.554367757 343178140.741687
3 atacseq_4000.dot 11187378708 1.13403260635996 0.801644291621623 36 6.37685542927253 0.145020186165353 7.90844177699998 123053973.501843 1.55039228654424 1.44092009861332 36 24.2269507118474 0.869957502774355 191400541.503138 5.71131352200003 191525981.080351
3 chipseq_4000.dot 32978181418 1.2006799214936 1.36667665688319 36 12.5928297602395 0.0292203051936683 6.45046806299999 932867336.449035 2.20774371069182 2.65785979385665 36 3.22859963969472 0.562979331941249 1300239743.58381 5.39777280300003 1300415127.68137
3 eager_4000.dot 19075314980 1.3763372466621 1.14381796406979 36 38.7054591303457 0.137304000661281 12.118251202 136700473.201677 2.7081315081315 2.48455662085213 36 129.785591374381 0.437009009278047 180099641.470642 7.62094445599997 180425921.193707
3 methylseq_4000.dot 17027257018 1.58622908622909 1.96922337395967 36 17.428216199261 0.113442249451693 10.773289877 323561012.046386 2.83333333333333 2.12363784797204 36 1.42868889812385 1.42868889812385 173850822.223297 5.83956486800002 173849317.888898
3 chipseq_1000.dot 41366257414 1.08756708035554 1.06359325179603 36 9.25540396491363 0.0178551671539407 0.460394586 214869735.301546 1.46951312576313 1.36346579572182 36 4.43385628199876 0.374604515500816 318265561.782579 0.162183795 319225285.635901
3 atacseq_10000.dot 3908761308 1.11811056314159 0.309072811055548 36 1.47376640359384 0.373163570199992 84.8856450749998 188407079.161081 1.58663620721726 1.64248630885924 36 5.60545076146896 0.301606574280256 271811383.825218 150.757878383002 271804392.108362
3 eager_1000.dot 19100037384 1.50377305689806 1.69573194679628 36 100.861751131697 0.166127483581498 1.302813493 42637753.8699469 2.61221042471042 2.29923606713838 36 30.2525925968844 0.227550756682604 44474111.7182653 0.241914712 44785217.4683504
3 eager_25000.dot 25705994498 1.19791510897827 0.978463477039386 36 39.1280599036466 0.201629119724095 1674.314908913 1202064429.93807 2.41743442807272 1.55440931458113 36 900.169646952469 0.467254743441947 1475993190.65629 2454.55276984811 1476061421.30052
3 chipseq_25000.dot 41366257414 1.09154006029004 1.16001354858885 36 11.2657630354896 0.0211457552611238 1251.916236503 5819235987.82328 1.43920110586778 1.32707697145538 36 41.5298435425534 0.297819540532399 7484753308.71347 1962.99203552805 7483896397.17935
3 methylseq_15000.dot 11897958606 1.55701386506031 1.96084377892953 36 15.966832902551 0.0864197374438079 442.617743554997 912974700.089035 2.83333333333333 2.11800885811166 36 0.506722516307245 0.506722516307245 560602991.369434 470.087216936997 560604609.52362
3 atacseq_30000.dot 2223941232 1.11484178321218 0.257736638449624 36 1.10626334182224 0.325298279900599 2131.62081017898 342796725.661934 1.50716577737872 1.30997249834192 36 9.54924947442115 0.416745265238581 434653334.702401 2858.87160607017 434666422.632627
3 methylseq_1000.dot 11897958606 1.62215528781794 2.01814338492746 36 8.46704895348788 0.0837726841188361 0.678477436000001 60608355.4387398 2.83333333333333 2.14110221839794 36 0.287702961321307 0.287702961321307 37882375.0379502 0.175503947 37834251.6876002
3 atacseq_2000.dot 3908761308 1.16071968061948 0.540599284520008 36 3.38697890970194 0.273962057818722 2.027693871 35843629.811611 1.61647214441332 1.6329108059035 36 4.69957396054936 0.291160063408038 51362174.5162269 0.887792466999997 51431027.8752312
3 methylseq 11897958606 2.83333333333333 1.58801942097316 4 116.696864263898 116.696864263898 0.003335435 1573950.98556235 2.83333333333333 1.93474902180887 5 167.332257723951 167.332257723951 1840824.34318253 0.000379608 1574663.79305074
3 chipseq_25000.dot 5058052541 1.15991775887608 0.642739271294056 36 3.21434283071113 0.387164804165809 1220.82563084501 954484179.025738 1.83084125792461 2.24155400451916 36 18.5676580425949 0.336669989554294 866542050.212899 1831.771843076 865698059.571564
3 methylseq_15000.dot 110641579976 1.124018791753 2.01695264250799 36 46.0013031591788 0.000399135930798678 484.698376810998 6644565869.56911 1.67849835423895 2.55225983451527 36 2121.7578740267 157.533081758162 11657420786.5428 541.820655453002 11657420842.6111
3 methylseq_15000.dot 17027257018 1.56365409788149 1.96354051441557 36 14.1073012955421 0.108174027749844 454.146498075003 1190079972.31756 2.83333333333333 2.10078174675348 36 0.623443319808685 0.623443319808685 669273726.077958 466.292497691002 668868498.536229
3 eager 14754556884 2.83140283140283 2.60919800523208 8 298.651509443286 298.64137297488 0.03851996 7452953.70890494 2.34491634491634 1.70042277012412 8 105.185477226399 105.185477226399 7331364.59355579 0.00569666 7524820.4168729
3 chipseq_2000.dot 32978181418 1.13941583205824 1.33916804101329 36 11.2544691071103 0.0275546453871771 1.55846193 451625266.658246 2.21004746835443 2.59861699323316 36 11.652808047708 0.417380924098387 620653692.978936 0.861948334000002 620327679.537429
3 eager_2000.dot 19100037384 1.45654258622173 1.317094656927 36 109.206208570219 0.133742797699197 3.466701788 75234134.5731961 2.50898950898951 2.53878324266302 36 48.6040410665694 0.408113449346406 91786783.1469509 1.156164379 90089648.7601691
3 atacseq_20000.dot 14091675276 1.13083562366972 0.988706325370973 36 10.950536101273 0.166221999540909 690.517084341999 1300273528.56579 1.64967176649306 2.17696961546918 36 39.8211079363464 0.401045318465528 1390107093.53144 874.435373364014 1390282169.23276
3 atacseq_20000.dot 2223941232 1.11707236459073 0.269109493798654 36 1.18231897875476 0.345063849519367 723.906532164004 225023257.874249 1.50579569175761 1.30018479663843 36 13.4683931801365 0.414960924622978 291418896.431863 951.384024987006 291490159.273949
3 chipseq_2000.dot 5058052541 1.17973370247896 0.746162815674344 36 5.14082753717376 0.412158957340561 1.730333363 69582925.5355861 1.83201476793249 2.35494259374008 36 3.17630107230792 0.339469468439763 66135330.9818421 0.864752963999996 65976062.8624198
3 methylseq_20000.dot 11897958606 1.56152064000205 1.96201228431021 36 14.4769094119044 0.0851454376850034 919.331910519002 1212126664.21947 2.83333333333333 2.10124604523796 36 0.577398487348553 0.577398487348553 754989018.594712 1085.53815421204 754989144.600017
3 atacseq_25000.dot 14091675276 1.13371184245782 0.997920042474421 36 11.3016724415695 0.158229666308906 1152.84903077301 1677808007.43075 1.63916666666667 2.19258485146927 36 72.8180083742103 0.456366104575279 1865109612.69197 1787.47821042703 1865110474.20117
3 atacseq_4000.dot 14091675276 1.13110108618687 0.961913827944192 36 14.9099991876403 0.152745022660949 6.419674861 247724018.915786 1.65185185185185 2.23028202939442 36 17.6865092698261 0.52506091840106 289808588.641167 5.48147086099999 289826334.931392
3 eager_200.dot 25705994498 2.58504933504933 1.49476316927777 12 31.9607625939622 17.2845935324339 0.1307736 13254102.3278382 2.81372801372801 2.34171413872603 17 146.656611272231 113.166788017152 14698617.4879612 0.020549734 14839352.15005
3 chipseq_15000.dot 4605965334 1.12660558695616 0.443343360499483 36 2.37353933488265 0.365725046699828 348.040386393003 512454634.123488 1.93767390094602 2.07546162555533 36 6.45472080605565 0.235411037741998 469073545.969485 434.637442807004 469070224.650735
3 atacseq_15000.dot 14091675276 1.12992109514685 1.00095038353286 36 11.9984592709204 0.136852598177626 332.725697068 974439665.157069 1.64346064814815 2.19863848003046 36 11.0370974071907 0.444992514538743 1087113818.40213 427.706702532008 1087160058.86053
3 methylseq_200.dot 110641579976 1.5719246031746 1.83653801589636 28 7.57922077991123 0.024545298155878 0.081658166 101842913.249437 1.6875 2.33915811564798 30 175.01045802188 175.01045802188 178519285.598902 0.010049945 171174524.020737
3 methylseq 6273818718 2.83333333333333 1.58020503685694 4 61.1006418678568 61.1006418678568 0.00325618 949410.961703235 2.83333333333333 1.87227991064511 5 161.576285999089 161.576285999089 992081.017073895 0.000380707 952613.909468723
3 atacseq_15000.dot 11187378708 1.12619005060219 0.697851419733055 36 5.35517525731336 0.149728126481896 352.844961287998 474343586.021192 1.52738775559413 1.47134375563397 36 46.261461271216 1.0484840912981 704475337.856316 440.164235511997 704532738.238338
3 eager 25705994498 2.86486486486486 2.61500174147105 8 273.672102010295 273.678709965913 0.036676163 9314074.57796741 2.88545688545689 2.2919843720904 8 53.3154604561064 53.3154604561064 8321478.80669086 0.005147289 7411421.8010486
3 methylseq_4000.dot 8885797810 1.33777428221873 1.80626060642128 36 38.2223365873411 0.12660239565018 10.420466042 137987430.440428 2.83333333333333 2.11637632105047 36 0.428873281172616 0.428873281172616 115866514.465005 5.85990097599995 115560812.655789
3 methylseq_20000.dot 110641579976 1.10871173866375 2.01724623820488 36 46.0774875414345 0.000212063927631538 978.806680880998 8846152007.25073 1.67690409497132 2.53633193471982 36 1229.2494173236 20.1840343620563 14939139152.9626 1232.57521807004 14937217925.0415
3 chipseq_2000.dot 41366257414 1.0991754158289 1.0654530270256 36 8.50903805015728 0.0175375692787181 1.496776853 443028636.710561 1.45999095840868 1.33050069693759 36 6.17447518481993 0.377490769104866 612084999.623546 0.875412951000006 611858865.142267
3 chipseq_15000.dot 32978181418 1.21176890200783 1.50205963629887 36 12.8709194732663 0.0309287974983284 346.858061745996 3571567183.19889 2.18843906510851 2.58556865500626 36 74.8541816155997 0.429696076904601 4989025829.39025 430.585068785007 4990571912.44289
3 chipseq_8000.dot 5058052541 1.17682110535755 0.61833975602375 36 3.40089574936327 0.39174104397701 46.9783667640003 302638867.289168 1.82611677115988 2.32508238277045 36 17.8363594650102 0.372959239918608 285692933.664409 59.6082915349995 285653590.175778
3 methylseq_8000.dot 8885797810 1.48738619571953 1.82629952269776 36 21.5628276739362 0.123529022772056 70.8271780029998 270848419.491158 2.83258258258258 2.12483742345885 36 0.670785230287481 0.670785230287481 229012071.870466 75.0537528409997 229013695.138349
3 chipseq_8000.dot 41366257414 1.09451350634737 1.1233949663103 36 10.5721429728633 0.018519783408067 45.8514083649999 1831752742.945 1.45208706523362 1.3237893762828 36 8.22183591042752 0.287642366960884 2390489295.55297 59.9118679370009 2390444866.87236
3 methylseq_8000.dot 6273818718 1.34672370783482 1.31416145032014 36 18.8845344220395 0.132024563374824 73.5661725649999 157765829.930403 2.21869488536155 1.71143085540071 36 81.4761097420811 7.48434172379548 285096645.169942 80.022954603 285096466.293665
3 eager_15000.dot 19100037384 1.25087026326516 1.10111756082506 36 26.1957648537817 0.161065690893892 443.309068160001 515904622.5186 2.59172224172224 2.40880979066521 36 211.27078346282 0.302304609226283 658308999.199662 581.373585951006 657303612.630201
3 chipseq_30000.dot 4807293396 1.14176176895109 0.513725051899197 36 3.42426904367253 0.367521039541797 2132.00725167102 983199517.387797 1.84264664998611 2.33003839046836 36 20.6227894955852 0.361211380574215 856495391.298061 2752.26759024918 856543317.445603
3 methylseq_30000.dot 6761426956 1.35563855171696 1.77151176961988 36 36.5369760746591 0.128090635902676 3345.29467226503 789271636.940715 2.83333333333333 2.09858208538084 36 0.573152903362421 0.573152903362421 656730948.755995 2550.13975732759 656731270.112461
3 chipseq_1000.dot 32978181418 1.17120726495727 1.49242598537281 36 30.1151448190696 0.0303665138158915 0.460675931 220379262.579013 2.14102564102564 2.57104336162606 36 10.0253318092281 0.774101060366833 353469961.60555 0.168137292999999 354397330.685567
3 chipseq_30000.dot 4605965334 1.12038560029072 0.447754414345527 36 2.27413591885205 0.342915266987207 2111.79643104701 1048106490.26375 1.94880282179595 2.0648444784533 36 7.75027407875765 0.232859679015176 943747773.074903 2734.3800269494 944052069.713563
3 methylseq_10000.dot 6273818718 1.17865717715658 1.32778944841636 36 19.7088802650635 0.134688839916209 155.132626876 199031536.349316 2.2639722555689 1.70501840788077 36 63.1505612419797 9.00461738375554 332443308.527372 190.799675664002 332435155.581408
3 methylseq_25000.dot 6761426956 1.48686901015273 1.80727857287556 36 22.3940860680385 0.129806189609651 1899.95497973199 661490572.740383 2.83325332053129 2.09470992310142 36 0.620564122452123 0.620564122452123 536884997.785943 1927.50313694099 536887336.661494
3 chipseq_10000.dot 4605965334 1.13121980098014 0.404838357492903 36 2.1239369380265 0.372573187496816 84.5318136820003 337920673.484953 1.93572472848788 2.09213097144053 36 3.81251886146461 0.246453659998247 316506737.023027 137.752828406999 316602504.88583
3 methylseq 22500260922 2.83333333333333 1.59190933784984 4 169.339354090698 169.339354090698 0.003389866 2305003.47873287 2.83333333333333 1.7782449503275 5 531.073560730381 531.073560730381 2994156.23151148 0.000381506 2282172.12955912
3 methylseq 110641579976 1.83333333333333 1.66012250333432 4 5636.67101399786 5636.67101399786 0.003264922 48710779.4196732 1.66666666666667 2.16804132033756 6 5795.30510064922 5795.30510064922 44797765.591722 0.000354073 44797263.9326758
3 eager_25000.dot 8330435694 1.22154780155238 0.763413404697174 36 20.5151179368732 0.425496566122803 1660.23188726401 530102484.17754 2.710467306212 2.54707562241471 36 262.14152133595 0.349687890205887 540552255.955979 2465.69933206212 540656058.87651
3 chipseq_20000.dot 41366257414 1.09789971449074 1.14181553949644 36 10.6684683058507 0.0214817655228318 738.143775049995 4650717447.15769 1.44011301329042 1.32576265319905 36 10.8059055348131 0.296200297284864 6107320345.1135 1002.87405932801 6107850381.25314
3 chipseq_20000.dot 5058052541 1.16034475276494 0.630431330290894 36 3.25807655849416 0.376662235727678 714.080077219006 764438033.11345 1.83498904881102 2.23690186220172 36 11.4393578485251 0.333050116099386 695160731.289743 969.885641303012 695178619.143733
3 chipseq_8000.dot 32978181418 1.21201871534944 1.48930400439614 36 16.4550609030855 0.0315711758931794 41.9618985480001 1901583657.79309 2.18877351097179 2.59073139196659 36 12.8812246360629 0.433686400816098 2619733312.29993 57.3998796 2619985413.08475
3 atacseq_25000.dot 11187378708 1.13077402028458 0.704551641595508 36 5.26164676773168 0.148137643067273 1259.00068533899 797480181.978501 1.52490084532077 1.45554094934634 36 32.6114324959787 0.857104168248007 1166759481.36781 1911.97102102604 1166883008.96267
3 atacseq_25000.dot 3908761308 1.10999487813682 0.304619056517192 36 1.29589756310096 0.351159823875241 1230.47657363 481306446.532191 1.58905862475198 1.65108533704106 36 8.05523881123366 0.302439066376158 658182665.941422 1920.08598447905 658196734.638895
3 chipseq_4000.dot 5058052541 1.19312222761515 0.608448313476827 36 3.33940907456681 0.407419513102581 7.35079486000001 147546005.010553 1.85429769392034 2.29611874401787 36 16.2499674529976 0.381976224468965 145690327.186966 5.81317468199999 145435234.877445
3 eager 8330435694 2.82239382239382 2.60662023792688 8 315.25665758233 315.212798202141 0.039584968 3516516.89041972 2.9009009009009 2.56604156407844 8 171.32978546856 171.32978546856 3603002.85312244 0.005722772 2534279.2614622
3 eager_15000.dot 14754556884 1.25173575743713 1.06378624929427 36 19.8187332009135 0.124798839841332 434.918884159998 411958278.600248 2.35393766338648 1.51190613275195 36 1119.35485840875 0.289800553352398 590995839.500057 574.745346186996 590579112.998654
3 chipseq_15000.dot 4807293396 1.14683361991374 0.515864709505593 36 3.66865569220489 0.36168799563104 337.543883938002 492917482.522994 1.84442821368948 2.31432561657964 36 19.0219181814646 0.371762372300174 430970053.599183 451.820249208001 431029895.330005
3 eager_4000.dot 25705994498 1.34157997797156 0.998059771395271 36 42.6987848130733 0.186354505793151 11.988625409 190622195.990656 2.45230254483986 1.52481604340597 36 260.246798954672 0.39623706111945 228551918.695941 7.58888201899998 228552563.810654
3 eager_8000.dot 19100037384 1.25798344217331 1.12224802680075 36 37.5755465777527 0.145759740732585 65.411772707 268997650.99539 2.51692281025614 2.47753576811472 36 126.276437000059 0.364963009555164 363060337.933171 91.7471294630006 363083467.535652
3 methylseq_4000.dot 110641579976 1.11419753086419 2.02301957644017 36 47.4808693826512 0.000784015711717147 10.535868364 1782872186.76485 1.68134801468135 2.54225345214471 36 160.86086930824 148.452574046907 3020614914.86483 6.03705335499999 3020612657.60839
3 atacseq_200.dot 14091675276 1.53083333333333 1.32513322227771 17 5.76400928342034 0.138452877398644 0.066492629 7326567.93145787 1.73833333333333 1.65431012491372 18 5.16663854655008 2.00087740210274 16973534.6994696 0.011612485 16413416.4079141
3 chipseq_25000.dot 32978181418 1.21400206296037 1.52654804507758 36 13.2631653702529 0.0316420356034688 1192.52427370399 5987804472.40669 2.14573948948949 2.58970482849261 36 62.7568523918921 0.439085500483904 8151674264.38025 1874.70956550703 8151841855.89863
3 eager_10000.dot 19100037384 1.27820743856794 1.10394965101076 36 27.7075615395364 0.144885249276871 139.060979028999 331631111.218729 2.54114852576392 2.43446965846896 36 779.058117958473 0.312013060759316 440946482.11171 206.680645671001 440947334.340465
3 methylseq_30000.dot 11897958606 1.55073934335637 1.96077772974989 36 19.8053887099461 0.0876148835155561 3208.269818475 1835230888.81754 2.83333333333333 2.10935414593534 36 0.800369848603601 0.800369848603601 1114561988.74057 2462.27341792764 1114559869.38828
3 atacseq_25000.dot 11809629756 1.12687674450455 0.725559975800932 36 6.43349590438365 0.168090191566848 1241.401523636 796799498.145561 1.54134181754299 1.47096508648581 36 53.2506822922432 0.833084129200371 1043555462.39847 1890.445863352 1043468148.00871
3 eager_30000.dot 19075314980 1.22612363358256 1.135084813471 36 24.6192915727752 0.147824768763217 2710.89301034302 1011153695.21918 2.72323249213018 2.64055778813961 36 3322.15774130534 0.431531587375403 1410448520.56466 3117.71948465015 1410403128.97329
3 methylseq_25000.dot 11897958606 1.55724725479886 1.96204262980183 36 15.0060045183535 0.084384068513196 1976.337592797 1510535569.24937 2.83333333333333 2.09550059071468 36 0.804075524572364 0.804075524572364 916212176.395806 1829.09288384401 916214530.995795
3 eager_15000.dot 19132169434 1.2673596664437 1.11121451955373 36 28.0275110057262 0.141544503383255 446.432015623003 503775492.568536 2.57413509736344 2.42544892587775 36 377.038259002519 0.318453037010718 671201744.662357 584.817370526004 671415397.458832
3 methylseq_30000.dot 22500260922 1.13085657543444 1.2772555447904 36 18.6676829102208 0.000125146310230749 3320.65008264101 1424735347.60388 2.73756486721673 1.5827465161177 36 409.429029442768 0.65838500410133 2789333073.89638 2698.02792447881 2789335733.6448
3 atacseq_2000.dot 11187378708 1.16387339285624 0.881310429446175 36 8.68760123261384 0.140185169873929 2.093354704 57186976.0681975 1.52239923747277 1.45462289345653 36 10.6262261345856 0.685699503599956 90395340.3825698 0.889341591000002 90499305.6248223
3 methylseq_10000.dot 11897958606 1.5785028297033 1.96460448578934 36 12.6368447110048 0.083491479072821 142.270651878001 602065677.745761 2.83333333333333 2.09488506722143 36 0.432987975678058 0.432987975678058 380434065.538929 159.164728718003 380432095.566321
3 chipseq_25000.dot 4605965334 1.12625058979224 0.436580344755927 36 2.35534553787741 0.370583249903992 1220.34007523098 864754127.445443 1.95051301301303 2.05375740063066 36 7.54362358678714 0.234057540497876 791526914.327653 1805.28258729906 791559612.604849
3 methylseq_30000.dot 6273818718 1.24026594764889 1.31779983714779 36 19.8134426659422 0.135877700414751 3557.04226775597 595431071.73138 2.253342606884 1.69683479288317 36 307.045701492037 9.2789374978353 1027200387.65016 2577.55921985185 1027203077.66679
3 eager_30000.dot 8330435694 1.20495869333686 0.818695459144013 36 23.3802532048591 0.391394515283777 2739.65556942798 647383624.863214 2.72148684117192 2.56885361556921 36 307.862883118229 0.4023121023726 629704800.430445 3118.10278616411 629189488.526829
3 chipseq_200.dot 4605965334 1.58705357142857 1.03901174854887 14 3.69536703283741 0.488466030441676 0.067359441 4213594.17748912 2.03571428571429 1.28625588896373 18 2.56602154235538 0.268258732741351 6471587.21113399 0.009622016 6293464.78031392
3 methylseq_15000.dot 6273818718 1.29298253417551 1.31016601307106 36 19.1397098322928 0.138222292567923 451.169628165 299452566.150707 2.26724236532084 1.70863757704133 36 84.4730963684376 12.7180774320717 506381230.1438 505.561552727002 506383266.994155
3 methylseq_2000.dot 11897958606 1.59545324153758 1.9949555573307 36 10.0943153038174 0.0845874105404249 2.291837949 120977957.376424 2.83333333333333 2.05869998293591 36 0.217009251130466 0.217009251130466 72872675.6499239 0.948222147 72874635.3942288
3 atacseq_200.dot 3908761308 1.43510582010582 1.33696353105709 16 6.30970077730991 0.7643545902318 0.072728076 4337367.51233126 1.58222222222222 1.44524822733251 19 1.84981839379622 1.28453453345179 7250718.34452381 0.011772563 7270016.82068558
3 eager_8000.dot 8330435694 1.32806935394137 0.841030759373366 36 31.5958744298364 0.437471180288535 65.9161821749999 152386004.677184 2.68255970255971 2.45491651435066 36 426.593786244511 0.352715402035824 177610949.687025 90.7311317720013 176891738.416018
3 atacseq_200.dot 2223941232 1.35794312169312 1.17668344373422 16 3.2357495803991 0.729958027277348 0.078068731 2766005.57515317 1.58662698412698 1.2206060247491 24 2.00151700988016 0.772954595045285 3918510.26708705 0.011904301 3857965.36195548
3 chipseq_2000.dot 4807293396 1.19630494768944 0.742694791102372 36 8.09888101800532 0.368615009600582 1.999467819 57791397.9124146 1.84361814345992 2.30903999433814 36 2.80783192304525 0.303419368758551 56714035.3174469 0.872918989000004 56185571.674535
3 eager_20000.dot 19100037384 1.21161720270165 1.15303475396024 36 28.5255483712484 0.15237740163227 873.722637459998 681237705.041397 2.58627429396659 2.4383074190503 36 399.596956100323 0.313244944909937 896291634.498389 1340.565343198 896059669.307524
3 eager_10000.dot 19075314980 1.31807436791406 1.12116880856104 36 31.981389741899 0.151217181039075 152.051804492 342821557.739431 2.71695137848985 2.65098606534201 36 240.001419638528 0.497105378270215 478281822.161193 216.388673970001 478281272.171451
3 methylseq_25000.dot 6273818718 1.277642518041 1.30599429896844 36 18.7256362520833 0.135629382437283 1934.67563573099 496355602.315 2.25494745825997 1.70012222305403 36 132.009019721871 11.6214052351045 849131761.477222 1863.23340131103 849126840.860427
3 eager_10000.dot 8330435694 1.29148853578111 0.830374888187319 36 36.277803747978 0.380140853433527 140.401148041 210403685.735419 2.71111646496262 2.50855471242233 36 434.214649077951 0.390491181094293 204705195.489752 216.828634872002 204654320.863241
3 methylseq_200.dot 8885797810 2.06101190476191 1.82470984674568 28 6.53285491615183 0.118437224886356 0.081297594 6316855.10594309 2.83333333333333 2.08416724048552 31 0.209724648264197 0.209724648264197 5619875.30774028 0.010189429 5270060.25831204
3 chipseq 32978181418 2.09375 1.43169377018009 4 22.7712925356087 22.7712925356087 0.006107721 20962317.9053131 2.25 1.53367051605567 4 42.2096471883678 42.2096471883678 21656087.1590933 0.000716903 21645012.2377815
3 methylseq_2000.dot 6761426956 1.33225760183591 1.81029563106931 36 37.4785072956657 0.116504115535841 2.251192493 51722836.434795 2.83333333333333 2.12202151668186 36 0.322689596527528 0.322689596527528 44069601.5177072 0.879160548000007 44071582.029887
3 atacseq_20000.dot 3908761308 1.10982643926763 0.291573702108107 36 1.25864112472316 0.354294435244142 712.206496598999 381561962.087144 1.5870836046007 1.66055366137245 36 6.87548129904353 0.299432084205561 539661096.518626 949.273653560009 539646986.951578
3 atacseq_1000.dot 11187378708 1.22149848299848 0.985147767198943 36 6.64685162207614 0.125651669501671 0.587341558 25523832.0171806 1.56160714285714 1.40117684092087 36 7.86545374112555 0.863368888822515 47208851.7218363 0.166408780999998 47214717.8247003
3 eager 19100037384 2.84684684684685 2.61228628804514 8 233.628045717262 233.675065710336 0.036492031 8628294.6148194 2.9034749034749 2.43964924394049 8 67.7369421752937 67.7369421752937 5363984.30735845 0.00579447 5315290.7979837
3 chipseq_10000.dot 32978181418 1.20279615956308 1.47614473550108 36 12.6702408602604 0.0354783666555709 88.456693767 2407245358.49664 2.15382205513784 2.6134023718039 36 27.6932502146457 0.422837560620845 3238557414.40705 136.049016877001 3238269856.42317
3 methylseq_2000.dot 110641579976 1.20113788487282 2.04271444687513 36 54.6748877759615 0.00145301141200023 2.369807807 898198679.25256 1.6743641231593 2.54995854752176 36 145.024098289903 133.834386208276 1459106945.75029 0.886455922000004 1459106789.74668
3 chipseq_8000.dot 3793245764 1.12887254790664 0.317190556190003 36 1.42707085008707 0.384612322630853 46.4806090079999 226106480.690989 1.90729493207941 1.95163462575223 36 4.75718173443132 0.205424358362063 270617010.94465 59.2797026499995 270613960.410045
3 eager_25000.dot 19132169434 1.23814256331545 1.08253318552456 36 24.9389870025263 0.151692746036219 1593.468227469 836193163.409704 2.55507034017673 2.43770071005278 36 722.658215273647 0.339612430813544 1173873572.50885 2497.52715687912 1174347299.56064
3 eager_4000.dot 19132169434 1.3489719028465 1.14041944171135 36 39.2047828293816 0.125189170306686 12.222920912 134102148.19905 2.51021917439828 2.43604711157666 36 106.801674859129 0.309740323470358 184659938.332708 8.45095176299994 184830843.499275
3 chipseq_1000.dot 4807293396 1.25036648714533 1.03360834726911 36 14.8752082399297 0.301670192502159 0.624244609000001 27936388.0301961 1.8258547008547 2.41410021618882 36 4.16239498444061 0.519217090389744 28664807.1040493 0.165358626999998 28316896.3710618
3 eager_15000.dot 19075314980 1.25767486917389 1.1149603146224 36 29.0483742025134 0.148783189221887 449.973335661998 504607720.095616 2.72714586966554 2.60073628669019 36 160.815282068603 0.498187794238293 689171551.745464 584.007033949011 688489259.586476
3 methylseq_200.dot 6761426956 2.00281084656085 1.8162549341628 28 6.04397006975912 0.122401910291377 0.081513396 4982879.7564368 2.83333333333333 2.15870217469089 31 0.280981788147477 0.280981788147477 5227730.014266 0.010290065 4833737.94089508
3 methylseq 17027257018 2.83333333333333 1.58671642921701 4 91.071573659638 91.071573659638 0.003179775 1962799.89960094 2.83333333333333 1.78198493830582 5 632.159302465912 632.159302465912 2175898.63049392 0.000376893 1966251.0917594
3 eager_1000.dot 8330435694 1.5358574983575 1.80522753547515 36 84.4912267609477 0.376398241159977 1.199738853 25752911.7881117 2.68709781209781 2.6625930720238 36 29.4602479677292 2.29157481476301 23575038.9870564 0.244722768 23870139.2364501
3 chipseq_4000.dot 3793245764 1.12040805761325 0.313788164930081 36 1.47300518575171 0.354403421090875 6.92511218799999 111487713.811336 1.93212788259958 1.9667322160231 36 2.76243207400298 0.209286715175393 136464319.13273 5.65740467500001 136555803.809252
3 methylseq_200.dot 11897958606 1.93229166666667 1.80696817033907 28 8.74365544356491 0.1174620787431 0.081085602 12455877.8332734 2.83333333333333 2.03369425202233 32 0.181984281404764 0.181984281404764 8748012.26463949 0.00992203000000002 8748877.9261491
3 atacseq_1000.dot 3908761308 1.20887203537203 0.62968942380793 36 5.59651222702638 0.186292892527727 0.616131327 15663296.8222408 1.62515873015873 1.68459455737749 36 3.0872641994243 0.304222752112042 24594564.0949413 0.177223813999999 24617850.6892593
3 chipseq_1000.dot 3793245764 1.15706342268842 0.80384563227418 36 4.22276616662856 0.18439594409384 0.670204316 27906686.2469633 1.90998931623932 1.94572925591497 36 0.368429853632434 0.179455001646619 33954758.8667486 0.163236655999999 33963274.3108892
3 atacseq_2000.dot 11809629756 1.15278086471498 0.913305277829571 36 10.3503880555944 0.1579681837414 2.089788222 60053231.5681033 1.52645697167756 1.47805832339713 36 8.0295420775709 0.942643445066311 88975867.9298892 0.869332249000001 88928245.5474458
3 eager_4000.dot 8330435694 1.33772990331376 1.02153272483371 36 46.7863755854678 0.411405453119049 13.151884692 82580531.5401995 2.69160567817284 2.57474266426597 36 96.5084387724062 0.473370296429375 79534389.7965482 7.97249910299997 79534399.2300884
3 methylseq_200.dot 22500260922 1.92782738095238 1.77819683158776 28 5.49244189580495 0.0127737427087709 0.078482419 10713552.1448077 2.83333333333333 2.31878832614459 30 54.5967437936734 54.5967437936734 14373762.3651007 0.010309088 14375642.7967426
3 eager_4000.dot 14754556884 1.38277309044603 1.0778319554602 36 31.4812294368271 0.116827239078175 11.543613425 111717143.815505 2.27017747614763 1.51445480962369 36 670.671197131134 0.273437294467446 160739744.038435 7.45051891200003 160739375.452931
3 methylseq 6761426956 2.83333333333333 1.58240908899681 4 84.8465213197843 84.8465213197843 0.003240461 1412076.9263674 2.83333333333333 1.92575810211078 5 277.132919861071 277.132919861071 1414235.24406304 0.000383934 1414791.53877857
3 eager_200.dot 19100037384 2.8035178035178 1.77591938971216 13 100.268841137429 21.1906571077021 0.129596834 10057873.9613219 2.75911625911626 1.96344154343846 18 33.6551159158179 12.4757850524975 13233362.6853463 0.021034233 13414418.9176107
3 methylseq_20000.dot 8885797810 1.42297077561185 1.80281673055652 36 38.7277237334491 0.12936103175277 936.807743777998 688667685.993612 2.83293317326931 2.09410886341353 36 0.429753798543521 0.429753798543521 577274223.323323 1175.14186689301 577273188.580135
3 atacseq_25000.dot 2223941232 1.11781727200155 0.251667503226246 36 1.20720165785388 0.330830752934193 1233.46988464102 289426469.511684 1.49916785507606 1.28188886828256 36 13.5630218028793 0.431720853813109 367877611.399486 1877.92315538999 367937934.672985
3 eager_20000.dot 25705994498 1.27826638141368 1.00019768252511 36 41.0126091403903 0.194507683194158 928.844702608001 973031087.320843 2.42764096610251 1.55949792942162 36 431.17627972602 0.503059685334593 1143857574.97082 1368.23608171299 1143722510.21874
3 eager_25000.dot 19075314980 1.21441366028019 1.14066656361074 36 27.490253113758 0.14204472894926 1539.85985793901 835656368.41975 2.71717965547755 2.5701031389029 36 208.503135533901 0.396879175267881 1165004219.45514 2426.02474114115 1165231886.12861
3 chipseq_15000.dot 5058052541 1.16873733007392 0.643436614956572 36 3.29143510020795 0.406878160072185 350.441601125 565322629.492715 1.83583750695603 2.31054023856037 36 13.844351609407 0.36265396473386 512433494.0073 446.907727306002 512141763.721299
3 chipseq_1000.dot 5058052541 1.22980318292818 0.950396292425182 36 8.10441273759156 0.331996561557153 0.600906915 34685947.7136332 1.85309829059829 2.34355020075883 36 7.7705014964534 0.310303752027679 34465855.8961702 0.160002934999999 34495422.3442026
3 atacseq_15000.dot 11809629756 1.1263675738735 0.72096566000001 36 6.41745994938718 0.163024707698622 319.276302075999 471353261.74653 1.53916713169643 1.45932614412708 36 108.729277894407 0.852272729699812 655552597.040439 475.282972551006 655544218.093603
3 methylseq_2000.dot 8885797810 1.40641932810607 1.85440010402648 36 35.405334236148 0.117812269261446 2.234355704 67538898.3440792 2.83333333333333 2.17253487828243 36 0.299026502694722 0.299026502694722 60335618.3083683 0.880048865000005 60337282.3232529
3 chipseq 41366257414 1.69791666666667 1.09405798227008 4 7.17799592032956 7.17799592032956 0.005593141 18929526.2505487 1.65625 1.41234707131331 5 8.54141301979415 8.54141301979415 21929897.2185195 0.00068255 22170054.8990095
3 methylseq_15000.dot 8885797810 1.50106010734514 1.81873758951784 36 36.7869238222069 0.127503261303513 443.381159609003 513424825.54787 2.83266613290633 2.10534104318479 36 0.508803904520361 0.508803904520361 433025112.752015 493.955792219004 433024185.654487
3 methylseq_30000.dot 17027257018 1.1345485284061 1.94165219872065 36 54.7848322285451 0.108899692953808 2802.73959400795 2385904515.46009 2.83333333333333 2.08366034624804 36 0.546622786742039 0.546622786742039 1305096570.97977 2767.82072721213 1304446621.02547
3 eager_2000.dot 19075314980 1.41774010341418 1.24514240879085 36 74.0370502576328 0.155424823435279 3.408640633 74782453.8764468 2.74833274833275 2.82819199163918 36 73.3782451844241 1.41444102107277 93147128.1138799 1.199940984 93326616.3555017
3 eager_2000.dot 19132169434 1.45257039695542 1.22595999119245 36 93.6360356302835 0.149924725023488 3.52578509 73552243.5156414 2.52761202761203 2.42641862353602 36 136.06706214225 0.31078621796739 98010519.7364389 1.180580231 98369807.4003403
3 chipseq_20000.dot 4605965334 1.12495994436309 0.430575710881071 36 2.23004777954563 0.371658350184134 731.483957641002 676863495.624897 1.94454005006259 2.05758206789623 36 6.57116577670191 0.23323192043275 626075513.253261 938.050906103018 625915582.770214
3 atacseq_200.dot 11187378708 1.45736111111111 1.2888068479531 17 3.00776085570223 0.405839996797731 0.068476377 4829665.02901244 1.55015873015873 1.39833686416395 20 1.46074857982208 1.43380780329906 11631337.7580797 0.011629621 11678754.7325245
3 chipseq_15000.dot 3793245764 1.12736857952842 0.320047588684449 36 1.45831395384931 0.369822425124061 351.041588337001 433032911.501369 1.90073734001113 1.927203381835 36 5.62126414024864 0.18758159959457 499852080.644155 434.788819152002 499853084.997308
3 atacseq_8000.dot 14091675276 1.13044948625024 0.994604541668447 36 13.4744332391562 0.16295855600532 44.8975089369996 516381704.94371 1.65334010840109 2.18577713345918 36 14.4108626187953 0.397043109693317 569444634.198075 56.9686577329998 569526674.328309
3 eager_10000.dot 19132169434 1.28129770983195 1.12387591180653 36 33.4225093264594 0.140299151358756 129.751525957 332990153.670427 2.56420260266414 2.47905437203633 36 282.735752983688 0.354424420743343 464254363.247997 211.690696638 464666794.406395
3 methylseq_8000.dot 11897958606 1.5733411983412 1.9635009479155 36 12.5093480334478 0.0849944099483665 60.8145739470003 484610698.379826 2.83333333333333 2.10560544009893 36 0.543001407404361 0.543001407404361 301020155.504918 61.2764192290006 300953849.021874
3 eager_15000.dot 25705994498 1.28657088742718 1.00017041970648 36 40.2992101485255 0.179558325077612 455.982968886002 695767850.996279 2.4208391771384 1.55194050232363 36 609.38475697993 0.469196772686112 876365129.470824 590.165608355003 876649860.588848
3 eager_1000.dot 19075314980 1.59625506813007 1.752679663748 36 119.321773839518 0.160397844193253 1.313912226 42945353.8994449 2.73796653796654 2.77835966000358 36 62.9825782177224 1.3011710096497 46505953.3844543 0.233347489 46174313.5060918
3 eager_30000.dot 25705994498 1.21816170326811 0.994604141799141 36 40.0651686956483 0.187766910657033 2908.57100275197 1403872250.71207 2.42935219706872 1.52662860079681 36 800.42601177022 0.437766301949708 1718485704.37606 3090.93145914719 1718592305.81319
3 eager_10000.dot 25705994498 1.32894704328834 0.990114847920477 36 43.0579249829676 0.201168516680026 146.083785117 485750727.290852 2.4007583972081 1.56503500280003 36 462.667416727278 0.522797333453544 610791641.981912 211.279911956999 610276820.016583
3 chipseq_20000.dot 3793245764 1.12075358803689 0.314447620421526 36 1.4707091129509 0.383030197864729 740.833096059 575690926.932175 1.90039632874427 1.93621614124823 36 4.40076528026766 0.194508318555897 690601343.102554 932.114641848012 690848918.756476
3 chipseq 5058052541 2.25 1.26801479664075 4 9.53893817537432 9.53893817537432 0.006288803 1936792.80074667 2.0625 1.47835981223762 4 2.35456988716368 2.35456988716368 2210442.68305187 0.000891402 1975571.43500812
3 chipseq_30000.dot 41366257414 1.10169182100217 1.18302052835616 36 11.9340856786674 0.0217313675324323 2130.03956720001 7008671716.70314 1.44738671114819 1.37564369883466 36 16.5214055528088 0.302207502396492 9162998287.73258 2693.51182571125 9163305397.93519
3 eager_8000.dot 14754556884 1.3066294040494 0.969053950402365 36 22.4319815236524 0.118640655133375 65.8662311279999 215195325.846075 2.33333108666442 1.4165774631518 36 430.684269268388 0.259720810633225 322657022.460094 101.898696903001 321661347.661166
3 chipseq_30000.dot 32978181418 1.21285042713053 1.53298180452582 36 13.4282709315399 0.0329179534205971 2103.41259453101 7214528350.31133 2.19036697247706 2.60187361373811 36 45.6803847590318 0.460037008411284 9991353995.21328 2759.43348632619 9989158790.41294
3 methylseq_25000.dot 110641579976 1.12360453863097 2.01640827681455 36 45.9065651434502 0.000188709447004174 2011.325715635 11052337313.8439 1.68056222328906 2.54046043422172 36 2195.76841645882 20.8474347455756 18807598214.3678 1983.68246580096 18802240315.4842
3 eager_10000.dot 14754556884 1.29882873520642 0.951169610817027 36 22.6459574833143 0.123596113370637 131.644940088 270109778.114003 2.35780291993309 1.52894529060144 36 626.254413364535 0.269784363149706 395965964.052817 205.361778213 394945718.592692
3 eager_30000.dot 14754556884 1.21442910040026 1.06740665518225 36 23.128382777556 0.127825851598235 2602.24440715097 807475996.25165 2.33931623990679 1.50431767014213 36 1209.17750023618 0.265488071341203 1161192337.98539 3130.14094495815 1161159667.86216
3 methylseq_8000.dot 6761426956 1.36886291052958 1.77644929325884 36 36.9246387396077 0.128124746007805 66.2525310440001 211098551.494826 2.83333333333333 2.06816507956352 36 0.379563703982932 0.379563703982932 173738422.369758 74.244895517001 173159445.419248
3 atacseq_10000.dot 11809629756 1.12546240941304 0.742309820952359 36 6.45848087709656 0.16595067141303 84.7149754350003 315771411.058439 1.53608049665179 1.46053456710621 36 23.2124580324177 0.872579205102899 407777348.590587 128.325529266005 407783973.79778
3 eager_20000.dot 19132169434 1.23599744884579 1.10217777983815 36 26.1485476166483 0.151935335828803 884.781111327997 685109091.563903 2.55737812483373 2.47143388321749 36 402.22869490157 0.338705417047138 929492393.258231 1325.59414258596 929817681.368502
3 eager_200.dot 19075314980 2.69219219219219 1.85704125587698 14 89.5427523179973 22.7863732795144 0.130024081 8468638.85883211 2.47232947232947 1.87687765265177 18 30.8174520820947 18.6539863998378 13509327.5443654 0.020192054 13783819.8923355
3 eager_20000.dot 14754556884 1.24788991086739 1.04295111213515 36 20.4612867517775 0.119697129236392 847.993896660999 541992734.641587 2.34332816019209 1.52543890328878 36 1247.91366651434 0.262801986709024 782169727.085421 1325.73133181797 782451633.616288
3 chipseq 4807293396 1.97916666666667 1.30241831522019 4 7.2353952381602 7.2353952381602 0.006306693 1708278.09405043 2.0625 1.51735085921965 4 2.68376795772926 2.68376795772926 1846335.73637536 0.000891225 1928487.743534
3 eager_15000.dot 8330435694 1.24901589194697 0.77766610139195 36 20.2953897575867 0.398571886751716 430.166359572 317241759.494847 2.71604513809237 2.45486216477808 36 364.132482912859 0.345824005061798 321614226.484377 572.449250799996 320490289.055651
3 methylseq_10000.dot 6761426956 1.35280778978259 1.7704317539338 36 36.2513179124305 0.128273654859115 160.438127533 263973477.405784 2.83333333333333 2.09605977763513 36 0.556860360907334 0.556860360907334 223182380.020247 187.419771189 223185625.250906
3 methylseq_1000.dot 22500260922 1.37488047427806 1.2819339994953 36 33.7462376852843 0.0106647269268613 0.665320615999999 53385004.2028247 2.74029451137885 1.51657280077758 36 4.18184014189923 0.481664963377629 78231308.5206002 0.177816254999999 78232376.9511629
3 methylseq_8000.dot 22500260922 1.16988218377107 1.27284183856796 36 18.052249467023 0.000140036299059314 72.7936861050001 380083619.966763 2.73586681920015 1.59449367840501 36 53.8586484134307 0.663417660347142 740512343.490157 87.70552305 740513634.99993
3 methylseq_25000.dot 8885797810 1.478724214922 1.8224360307902 36 31.9738558662803 0.131427729574306 1979.75057509999 866257942.638226 2.83309329492719 2.09829921443145 36 0.582801821376341 0.582801821376341 708026868.718194 1953.58091620301 707500680.90368
3 atacseq_1000.dot 2223941232 1.21249616124616 0.633377403977006 36 2.48629525888625 0.0992200523455765 0.663508105 7453803.83743777 1.52610317460317 1.29116181934443 36 4.77926409489137 0.326735693826539 14539869.7218511 0.169499522999999 14270307.5669347
3 atacseq_4000.dot 3908761308 1.14774274402122 0.368648659263207 36 1.84643084445072 0.350829525234162 7.41920951199999 74485856.690746 1.6072440087146 1.69107844621865 36 4.50014512574015 0.324279196776118 101198655.023687 5.50361458199999 101191760.240136
3 chipseq_10000.dot 3793245764 1.13088910880265 0.308345169485211 36 1.40241314829937 0.385152392165438 83.3357436830004 281944257.82708 1.90619778613199 1.91460182489105 36 3.946119371875 0.192173154946593 340802302.700166 138.691833203997 340845194.791952
3 eager_1000.dot 19132169434 1.61977200727201 1.64813360349073 36 144.578552307499 0.19509459986067 1.377256532 48317026.9380303 2.62234555984556 2.88442967315091 36 79.7173806995781 1.44805938162587 50078478.7786595 0.239408337 50250763.7134079
3 methylseq_20000.dot 17027257018 1.54815100643433 1.96331054917182 36 16.0201787426739 0.109741028724828 924.991883609 1595493732.70987 2.83333333333333 2.10907100469225 36 0.852696709557915 0.852696709557915 867045873.272587 1072.68424132305 867047781.85822
3 eager_8000.dot 25705994498 1.29915017531114 1.00275287083973 36 42.6347561842056 0.187242001640715 68.5400153720001 384034819.711325 2.43154808488142 1.56324694396106 36 195.890880757907 0.456927700425579 458172325.497359 95.895940136 458432457.194864
3 methylseq_2000.dot 17027257018 1.58931758781156 1.99388560655739 36 19.2907576395186 0.114320353705016 2.301673134 162166231.283727 2.83333333333333 2.10572417013744 36 0.308640125976315 0.308640125976315 92074546.5053475 0.875127049000008 92076188.9734929
3 methylseq_4000.dot 6761426956 1.40740343518121 1.79692080006819 36 25.813555669106 0.123692461784157 10.099316273 104619734.13661 2.83333333333333 2.08533845381276 36 0.290704745656944 0.290704745656944 87324331.8318662 5.95341109599997 87324626.3246494
3 chipseq_8000.dot 4807293396 1.15316387504867 0.51336052511355 36 3.7376986764158 0.37438663914924 41.908206306 258013709.308048 1.84730929989551 2.34097192120613 36 13.1804558069717 0.38061537533122 233725689.877074 57.9798984550003 233647645.643242
3 methylseq_20000.dot 6273818718 1.20000539898502 1.32596336145686 36 19.6717755301812 0.137350359888055 989.706429776998 398210401.441059 2.24293050553554 1.72195269925848 36 150.166012650088 22.6663330011357 691023939.754374 1226.05677066301 691021781.747209
3 eager_4000.dot 19100037384 1.44714051263656 1.14147461007054 36 39.8430202611991 0.131749121597546 12.013828654 136445296.435758 2.5003861003861 2.36261237288289 36 242.930739224816 0.308732091447433 184395876.355081 8.18592613100006 184620746.042464
3 methylseq_20000.dot 22500260922 1.14064276504255 1.27546373952879 36 18.4797523057439 0.000822623955914943 957.545900227 953087175.098912 2.73376493454525 1.56844769613935 36 124.305194606509 0.600662032506907 1824968177.27603 1272.13877974305 1824968926.89507
3 eager_2000.dot 14754556884 1.46972902881993 1.38140238530475 36 85.0459743887112 0.116914963951971 3.699982338 63333859.2613433 2.30917940917941 1.43694207637559 36 434.871352449703 0.284482184313681 78479324.9258721 1.151055091 78473290.7934802
3 atacseq_20000.dot 11187378708 1.13129983110379 0.687966195551016 36 5.30403940620777 0.14601675382138 678.864810793002 629728054.012907 1.52326647238756 1.44425135962412 36 40.5891083907467 0.831054442947676 911314949.840909 904.680630662999 911389337.544477
3 methylseq_4000.dot 22500260922 1.14119278008167 1.2732703447245 36 18.1510207278928 0.00110433011956554 10.659755515 191264581.560099 2.73873873873874 1.56544766831215 36 39.1026721476121 0.532774845149792 359462876.242884 6.23665310099996 359462470.841014
3 atacseq_15000.dot 2223941232 1.12399232159112 0.290039910802765 36 1.18164134791837 0.349440041468495 331.462269700001 167948025.560286 1.50874402350639 1.32033670155018 36 14.4672882613352 0.422040350032524 223695117.534571 446.746138778999 223724749.618796
3 atacseq_8000.dot 2223941232 1.12817955889693 0.276946004270582 36 1.38272061098678 0.335919493504428 45.6165886959999 88314535.6118578 1.49343754032778 1.3279090498139 36 8.08150307921832 0.454823126675419 121562709.220488 61.3442337270004 121565662.341417
3 chipseq_200.dot 41366257414 1.36830357142857 1.09423483539769 16 4.18633480380317 0.0169650725923244 0.052901677 37572674.3847562 1.62457482993197 1.52049349150722 23 6.01891515614684 1.31327655208808 66901271.3271472 0.008280819 66848357.0762637
3 eager_200.dot 19132169434 2.72007722007722 1.76014445071438 13 93.8055510281128 25.6728778235433 0.129386963 9179702.59939688 2.54440154440154 1.80489514487192 17 5.19012913711438 5.19012913711438 10948738.7552636 0.020397781 10161401.0658659
3 chipseq_25000.dot 4807293396 1.13649381357713 0.512863397740905 36 3.3868594200799 0.34497857185064 1228.46632966399 835657993.049559 1.843489322656 2.30734187396149 36 32.1311079179409 0.358101677389925 722515080.395125 1892.07384402602 722449367.842146
3 atacseq_4000.dot 2223941232 1.16414518055954 0.205177103398961 36 1.67573090179294 0.294075935756072 9.00449296099999 41305194.5565093 1.52592884375973 1.34243762321232 36 5.57664286535211 0.399582446140718 60400112.873562 5.97445676799997 60533189.5664186
3 chipseq_10000.dot 41366257414 1.09610751351823 1.15384513509862 36 9.36880641868553 0.019426787419866 104.297146745 2307592645.67811 1.44038668098819 1.3425458697629 36 8.72286095868212 0.274852544520898 3027747234.03312 139.225455908001 3027639962.19171
3 chipseq_4000.dot 4605965334 1.11103941263139 0.436772772174112 36 2.40537458701535 0.362323070410751 6.94221936499999 132287899.239505 1.94673742138365 2.06401659920874 36 4.36545191906345 0.238425356618289 126970015.897125 5.67171720899997 127192989.625954
3 atacseq_10000.dot 2223941232 1.12406169644796 0.304934642997976 36 1.23407167535868 0.33724490069506 99.237941201 111775755.542029 1.50596723606978 1.29604206974388 36 7.19519210992171 0.376326566581743 140293833.701321 160.091884338999 140325991.116334
3 chipseq_25000.dot 3793245764 1.12594643323808 0.333258371999427 36 1.53250831960542 0.364421393043563 1239.723705525 730996122.56223 1.91570737404072 1.92771798678833 36 8.04984945223904 0.202007313715688 853146608.756479 1865.46252796897 852997385.027919
3 methylseq_25000.dot 17027257018 1.56044205168065 1.96197809617824 36 17.9925371988453 0.109077918742859 1937.329368506 1990099786.98169 2.83333333333333 2.10855528863737 36 0.536550595321132 0.536550595321132 1112249795.60597 1825.05512224694 1112250439.59004
3 eager_30000.dot 19132169434 1.21925881440546 1.11929504323291 36 25.0029791998426 0.149686070831156 2760.859165952 1018835128.0524 2.56162323524531 2.43520784324374 36 818.070576107574 0.34700961111987 1381092737.71896 3121.77531648206 1380211340.25545
3 eager_2000.dot 8330435694 1.49169536442263 1.39801962280802 36 112.669578129574 0.37103288338488 3.9054528 46526866.5091201 2.74160914160914 2.54358222540153 36 31.9145987248898 0.359763368994066 40618610.5369073 1.178247516 40371866.20695
3 chipseq_30000.dot 5058052541 1.16445228562096 0.627239758076198 36 3.14782004299418 0.411849521138656 2113.197753293 1135952450.67231 1.83673894912428 2.28708566546262 36 16.2004060277529 0.35815522699542 1044738729.47207 2743.99219160277 1044972698.35818
3 methylseq_4000.dot 11897958606 1.56570856570857 1.96926182229762 36 13.0752982135145 0.0876324722518038 10.358672937 244935182.425047 2.83333333333333 2.08564581295523 36 0.333181594323728 0.333181594323728 155332566.137187 5.662825504 155331171.821045
3 chipseq_4000.dot 4807293396 1.1567378507237 0.519003238963664 36 3.74207768360727 0.374715948823494 7.45483434800001 126022334.994307 1.84270178197065 2.31895459885016 36 8.568137776171 0.348058233680418 115304484.884877 5.81150921899995 115438108.799628
3 eager_200.dot 14754556884 2.81707421707422 1.79768758608626 13 92.6536001371412 32.9950919988951 0.136250141 8725817.48966246 2.82231582231582 2.50193959954929 22 140.77471915168 11.0443886403186 6723186.47844202 0.021482583 6914647.6366192
3 methylseq_15000.dot 22500260922 1.13513138553173 1.27680398339305 36 18.6637296241207 0.000424084037060791 462.247001648002 713331283.446465 2.73543914496677 1.57361828535018 36 127.75437102843 0.58407096492847 1349991112.0088 517.114603221006 1349989736.18453
3 chipseq_20000.dot 32978181418 1.21874684165437 1.51344976619888 36 13.015789066068 0.031457470523773 726.590492725004 4778612408.62996 2.1505788485607 2.56802027586152 36 72.4721210384016 0.402638695702596 6505896250.11239 945.548689599016 6505973904.34222
3 methylseq_2000.dot 6273818718 1.32730126856633 1.29139537084992 36 18.0154261743632 0.11290014618584 2.348394961 37475960.478238 2.27462229871868 1.68049271227142 36 27.0356755938156 4.71899291702991 63373144.2603178 0.943091362000005 63372673.1045956
3 methylseq_1000.dot 17027257018 1.62268120099445 2.01706925375468 36 12.4248530367124 0.107857636150711 0.659972382999999 79576693.0480222 2.83333333333333 2.05640850168434 36 0.204740050420655 0.204740050420655 46726978.1293654 0.166575579 46726455.2852232
3 eager_25000.dot 19100037384 1.20730273520273 1.12682710632522 36 26.859157966587 0.151120207453823 1516.96286147002 832899552.208215 2.55077445502978 2.41645944800707 36 777.607267535896 0.313883787996444 1153069268.66953 2446.77203336513 1151742083.97193
3 chipseq_8000.dot 4605965334 1.14255273527413 0.392094956578918 36 2.09394007602054 0.384729917640366 45.8681681410001 263659050.826742 1.95480668756531 2.07981578405657 36 5.01721894597 0.240725765146926 249976426.936152 58.2723974819999 249980193.94304
3 atacseq_2000.dot 2223941232 1.18651634993547 0.356871141482354 36 2.00556130881246 0.244522662031806 2.071211227 17626998.4516294 1.48946208112875 1.32225636680546 36 3.31200312863352 0.377162099841375 30285844.4970516 0.878523233999999 30322010.1704028
3 methylseq_200.dot 6273818718 1.89434523809524 1.77071648886985 28 1.73078804965927 0.0538744278371671 0.083217826 3331838.79610879 2.51388888888889 1.73160727481583 36 16.5512436175316 14.7081325961997 5237054.83538932 0.010350144 5106929.05435823
3 atacseq_8000.dot 11187378708 1.13029713989184 0.719933251526186 36 5.31553623197653 0.142240920586304 50.9209716309999 239947905.56994 1.51929813524326 1.485487094184 36 22.8372303447825 0.98406399246469 355794810.136155 60.8540700970004 355754329.23333
3 methylseq 8885797810 2.83333333333333 1.58678727108774 4 110.940554128507 110.940554128507 0.003216125 1428304.83470893 2.83333333333333 1.95833591229611 5 313.48511941899 313.48511941899 1430004.56866673 0.000375576 1429773.65782156
3 methylseq_10000.dot 22500260922 1.13158914359396 1.2747130991006 36 18.3403170497362 0.00024723756255773 149.796748458 474950551.71056 2.73753310848149 1.59091314530304 36 75.4784514826983 0.698272717449273 917104677.561637 196.194582694001 917107277.780401
3 methylseq_1000.dot 6761426956 1.4033435328616 1.86350837679089 36 27.0340339975827 0.104525792126685 0.710273411 25286324.2025269 2.83333333333333 2.16453923446828 36 0.536567810322615 0.536567810322615 23128422.0370298 0.171597558999999 23126975.891104
3 chipseq_2000.dot 3793245764 1.11444732746157 0.413610291441991 36 2.33058096863308 0.32507695626594 1.754224902 57212323.8238758 1.9349947257384 1.98465426825086 36 1.99803740207784 0.184791472673509 64603308.4749117 0.915891491000006 64655619.901173
3 methylseq_25000.dot 22500260922 1.14914576808483 1.27670537016715 36 18.5836202992941 1.44778851073854e-05 1985.622869326 1186402412.00712 2.7377447058196 1.57422641826154 36 346.371351648809 0.609316202024633 2276290934.79235 1854.80868371399 2276292502.67001
3 chipseq_30000.dot 3793245764 1.11555595849799 0.320787012999192 36 1.48057216128325 0.371745867239056 2139.50805878199 871906312.890615 1.90284438420907 1.94615757263533 36 4.92938429334533 0.19824108784704 1026303170.11529 2727.99682919385 1026330570.87648
3 methylseq_1000.dot 8885797810 1.47102696500287 1.90590382855475 36 14.007073872043 0.108244299886923 0.677554984 33519754.6347067 2.83333333333333 2.1348575662418 36 0.833268698356489 0.833268698356489 29103422.9829694 0.175547386999999 29104016.3281604
3 eager 19132169434 2.84684684684685 2.52532535016059 8 136.210563044457 136.244059591778 0.037444772 7584886.64383641 2.91891891891892 2.46215762368677 8 11.4351148185842 11.4351148185842 5905385.09374562 0.006038168 6080701.9098861
3 methylseq_10000.dot 17027257018 1.55261628460908 1.96425356214861 36 16.282757318437 0.110116826508109 137.47246666 799147521.467553 2.83333333333333 2.11298138492752 36 0.641069362109949 0.641069362109949 434674290.454066 155.540697393002 434300690.951837
3 eager_200.dot 8330435694 2.77447447447447 1.87507109180973 14 88.1485178320239 17.3845917943287 0.137388893 5053138.86309023 2.81552981552982 2.20291598264988 18 32.7293260106646 20.3355942304439 5197267.50408751 0.021188535 5422728.99775087
3 chipseq_10000.dot 4807293396 1.15193352752094 0.525492894865984 36 3.75165504623486 0.370418832255938 97.41165275 320123947.250101 1.84032999164578 2.28147318354716 36 13.8704399508185 0.346707365489303 290007291.977499 153.929485737001 289713990.892271
