algo_nr wf_name inp_size avg_spread_dyn cv_proc_load_dyn num_used_procs_dyn idle_to_work_dyn idle_to_work_30s_dyn dur_alg1 ms_1 avg_spread_stat cv_proc_load_stat num_used_procs_stat idle_to_work_stat idle_to_work_30s_stat ms_perc dur_alg2 ms_2
3 atacseq_30000.dot 14091675276 1.17759526895007 1.1310789824095 36 80.1045966552359 0.710799692386903 1944.88193967 14466911592.4466 2.2739669122959 2.27870046949148 36 61.9333913637969 0.445577664163602 2346774080.06482 2253.76031467134 2346753202.38877
3 chipseq_15000.dot 41366257414 1.12656896525843 1.42167254943028 36 47.5496682210333 0.0608487639657098 343.610687158999 24205489413.2407 2.13426892042293 1.45359860887585 36 0.103131274283155 0.103110387966928 13428161265.3508 453.300378894002 13429763675.1526
3 methylseq_15000.dot 6761426956 1.24675719411508 1.80408985425253 36 223.789313408768 2.0322054506173 440.834277539002 2944975062.26776 2.83333333333333 2.08688719035504 36 0.420323389664404 0.420323389664404 322460827.683843 482.608183701009 322460795.013271
3 atacseq_15000.dot 3908761308 1.15949038275985 0.56555068206153 36 5.80191408102366 1.14772195799477 318.452109093997 2216464818.31851 2.04348596643518 1.75037703782694 36 11.3176281953345 0.135703374191677 283223512.153041 433.754052437005 283321275.936325
3 eager 19075314980 2.94594594594595 2.59700284820084 8 19.3078951867159 19.2661604466355 0.040079743 29004232.7398428 2.61969111969112 2.48360258842468 9 755.656961848096 755.656961848096 19052574.9184358 0.005072034 18695192.1442084
3 eager_1000.dot 25705994498 1.93669854919855 1.74311856491068 36 576.952475692595 0.676470873451613 1.109545231 298136871.91836 2.6294481981982 1.56295729499885 36 25.4188982674189 0.520826232854158 99970648.9192352 0.24378178 99968955.224563
3 eager_20000.dot 8330435694 1.27998402234442 1.10091292093011 36 167.315075968481 2.23211775015259 897.613042202999 3534987733.65645 2.80664138356445 2.74079177533139 36 179.352659085562 1.08553921280303 494592977.592602 1154.88301345304 494320202.009409
3 eager_25000.dot 14754556884 1.22839481326733 1.3211700434361 36 75.3025063572513 0.477857210463267 1431.482241381 4068881975.02433 2.58644297793235 1.73313679930475 36 927.719945516396 0.681208382089947 1668239432.86448 1807.19282447702 1668539707.08381
3 methylseq_1000.dot 110641579976 1.33194683495888 2.20558129286617 36 2788.53601593832 0.00769666650942095 0.674691295999999 2736667211.33078 1.68540829986613 2.75763056490762 36 813.591242905524 776.364063997507 4224932493.59844 0.17337884 4220012059.1643
3 chipseq_200.dot 5058052541 2.42559523809524 1.19719419141983 14 0.967086838335214 0.967086838335214 0.060266345 26380028.9281184 2.46428571428571 1.43219123928744 16 0.921361371624562 0.623655037454159 5301762.88626133 0.00991375899999998 5358685.96440151
3 atacseq_30000.dot 11809629756 1.14943534191317 1.14391239040951 36 66.5848038711615 0.545774345867311 1925.84069193201 7689716668.43048 2.05029800606849 1.69377902763036 36 103.126413834101 0.751865629826317 2172441933.64461 2273.1216509237 2172533913.88243
3 methylseq_1000.dot 6273818718 2.06761968508956 1.65992784069526 36 68.3723769827778 1.82046385924379 0.708585872999999 119067290.657504 2.09131765155862 1.8173013905073 36 31.0985305612854 3.47425504300642 45058993.4276688 0.165896608000001 43864256.4129743
3 chipseq_4000.dot 41366257414 1.11653954666926 1.41209540521108 36 31.6522778631728 0.0584288920677799 6.88032421999999 6316886097.82201 2.13639937106918 1.45516304369996 36 16.3538813719124 0.123947336166151 3691526960.37812 5.62297679300002 3693565492.77115
3 atacseq_2000.dot 14091675276 1.19013304233893 1.20888605687684 36 85.5668120794838 0.69948014334365 1.825362474 990472943.550683 2.26252723311547 2.2732427539493 36 3.43522200410598 0.281691826466198 155563007.407805 0.969314175999995 155688407.369926
3 atacseq_1000.dot 11809629756 1.44692001517002 1.41906415453286 36 46.3241205802384 0.742873137756332 0.569231826999999 199138409.923994 2.002 2.32350820315886 36 0.248011357967817 0.248011357967817 39627600.1561442 0.174196484999999 39616774.7024941
3 methylseq_200.dot 17027257018 2.08382936507937 1.80426504690763 28 82.9690082642743 2.35178429925945 0.083635571 115805051.70934 2.83333333333333 2.06134335264029 30 0.17050028336572 0.17050028336572 11032380.9330221 0.010279323 11030007.9565243
3 methylseq_30000.dot 110641579976 1.1300525501206 2.19497580852603 36 268.816502178263 0.00106067285871379 2513.46134223799 76295079214.3261 1.67622604597394 2.77521310519005 36 123.861593988685 37.3772042102522 119151685271.041 2459.33661450396 119151686690.357
3 methylseq_8000.dot 110641579976 1.14238444794 2.19515583832853 36 270.11766279849 0.00257166972399061 69.4573697570002 20671273401.7888 1.67484150817484 2.77030219936202 36 82.7477664409212 10.4233449543483 32136066584.9395 87.2041169720008 32136069585.4867
3 methylseq_20000.dot 6761426956 1.23475660105313 1.80019729295026 36 283.660634605472 2.03109864832472 925.369600916002 3922717164.13747 2.83333333333333 2.11391160060495 36 0.774026357311026 0.774026357311026 434065966.365305 908.718618486016 434063829.394832
3 atacseq_8000.dot 3908761308 1.16762007513981 0.562973520664821 36 6.61728455539912 1.18318967765038 47.5315341300001 1168322017.991 1.95634146341463 1.78812088651838 36 4.63802925560856 0.163056721692841 158980334.479279 63.2957148040015 158986874.952142
3 methylseq_8000.dot 17027257018 1.41787819565597 1.95285972791248 36 270.075582357261 1.59975823536725 66.4007837650003 4076515453.07507 2.83333333333333 2.09871622722716 36 0.517518958144044 0.517518958144044 349537853.943551 68.9243659979996 349538843.703508
3 atacseq_10000.dot 14091675276 1.18400396107629 1.15005480398527 36 87.5492116316617 0.675962583864582 92.3548268699998 4862905418.186 2.27571614583333 2.27727311275604 36 0.324661846651222 0.324661846651222 799304685.195032 127.510030214001 799259300.808956
3 atacseq_20000.dot 11809629756 1.15047889020307 1.13437519412369 36 58.1997312192436 0.552721072897574 698.502823261996 5088569807.19196 2.04660644531251 1.70850267675293 36 44.5714598121532 0.774222737622888 1474725095.98484 868.934030164012 1474790968.45538
3 atacseq_30000.dot 3908761308 1.15621402805629 0.569699808460974 36 5.26540164238828 1.08930490403451 1904.74602835201 4528889458.54901 1.97917930934837 1.6780499150311 36 9.01687399086595 0.149725663245116 582491342.015698 2302.15071198243 582600075.87594
3 eager_2000.dot 25705994498 1.44975102140877 1.05626448937415 36 431.091715068106 0.958855836788446 3.281956409 653821674.804082 2.55464295464295 1.65598776475863 36 106.794352571844 0.88382044552056 215190921.491757 1.168928068 214442918.841973
3 eager_1000.dot 14754556884 2.15790299227799 2.05053850098042 36 429.575148092185 0.454546114083403 1.391015352 177604511.708568 2.72791184041184 2.3322002542134 36 56.9767842852228 0.833374720354001 74284001.96281 0.246866934000001 74245177.4836684
3 atacseq_30000.dot 11187378708 1.14723758844013 1.1168765798552 36 47.6438622025717 0.557322512640531 1869.67135304099 7419746143.08039 2.1374403987863 1.66377404080038 36 53.3318017783885 0.652567340235577 1957220111.6478 2260.29992037544 1957218754.76773
3 methylseq_10000.dot 8885797810 1.21914956458774 1.81224665093839 36 293.026750182057 2.04075428259183 149.516417546 2572560914.08791 2.83333333333333 2.09076928474957 36 0.623063069397376 0.623063069397376 278725986.052723 173.690021166 278276680.506401
3 atacseq_4000.dot 11809629756 1.17101966614113 1.16879629717283 36 57.8416684550541 0.571252011181254 8.40748139999998 1001293896.67774 2.04955065359477 1.59002625877452 36 20.320551224101 0.541642064905231 248770732.964547 5.924604735 248772849.819258
3 atacseq_1000.dot 14091675276 1.26684165834166 1.4571269690005 36 82.6640746949522 0.694439325482925 0.507964266 482174154.059605 2.25611111111111 2.2565352573973 36 0.186455772466636 0.186455772466636 87326754.3171078 0.172122668999999 86162619.2022841
3 methylseq_4000.dot 6273818718 1.31015936571492 1.68203092990219 36 120.150209006052 2.02517736201178 9.74344315600002 471604567.205046 2.12236045569379 1.7730619878186 36 96.4225043426558 23.2887989933143 163170830.311116 5.68222398600005 163167445.406898
3 chipseq_1000.dot 4605965334 1.32460074647575 1.03491902212401 36 47.8939380579511 1.27267124494163 0.628984418 227136450.561485 2.8125 1.92138866674171 36 0.00294922402934319 0.00294922402934319 18587176.9645339 0.185371938999998 19428067.3707194
3 atacseq_200.dot 11809629756 1.81944444444444 1.45007096288209 17 0.600549791225647 0.601627142413615 0.071465086 8008736.61119687 2.04305555555556 1.48003840714264 18 3.22597889100266 2.71803320880334 9216321.87691034 0.012852957 9217255.10600329
3 eager_8000.dot 19075314980 1.33556971056454 1.29453221704763 36 181.306767158863 0.377787838523887 73.3903069000001 1863560642.93026 2.1331855665189 2.76004507472204 36 2309.88683975792 0.61749805739322 1350161474.37367 102.207503211001 1350182935.11159
3 methylseq_10000.dot 110641579976 1.18372110749063 2.19512303997126 36 269.439952255287 0.00153154000039312 160.922122728 25699960036.4021 1.67620381485928 2.77936150036158 36 1957.40596672862 746.193321366501 40313865656.0699 199.939510077002 40313865740.6483
3 methylseq_2000.dot 22500260922 1.50098011091987 1.37268997727015 36 58.5699060579546 0.0601047747517611 2.245493687 302364207.499813 2.70046854082999 1.46600330346249 36 10.5995127497156 0.759538882287716 168174362.178674 1.055514655 168173435.758593
3 chipseq_200.dot 32978181418 2.70535714285714 1.24989609442308 15 0.0864734171212384 0.0864734171212384 0.058485262 206051136.599969 2.73214285714286 1.29125186902199 14 0.190461441438287 0.190461441438287 235129529.304291 0.008640982 235645335.314103
3 chipseq_2000.dot 4605965334 1.21562548738182 0.885585728483553 36 25.6321198837875 1.68266842016896 1.69433213 528452051.607197 2.8125 1.91771195564971 36 0.00135992402511438 0.00135992402511438 37125260.1458199 0.897584475000003 37791888.3150654
3 methylseq_30000.dot 8885797810 1.25322615818815 1.81588883728973 36 297.777923179602 2.05652947892644 2411.93027963798 7748581939.50878 2.83333333333333 2.10410748071272 36 0.607498516811267 0.607498516811267 847561203.66587 2322.01388022876 847225777.184081
3 eager_20000.dot 19075314980 1.25000991482804 1.29841828139525 36 119.957008082542 0.392668573070904 829.077605480997 4562975235.75785 2.14345941653633 2.72212360975201 36 7440.43203132237 0.637836849145956 3349403437.93239 1102.95460659401 3349420163.18497
3 atacseq_8000.dot 11809629756 1.18451976523265 1.14516142281257 36 61.9410336241308 0.557984337180349 50.9047693639999 2045377195.6972 2.06663956639566 1.60536003104971 36 24.8883727873064 0.495774612269461 466164611.365036 55.3924228780016 466315433.109051
3 eager_30000.dot 19100037384 1.22725783637537 1.2634210653713 36 113.303244034865 0.391761470299236 2151.915115609 6860358092.30111 2.20282833963937 2.77048769961203 36 10194.6782695593 0.665060786638086 5287690006.457 2763.18833668218 5287526127.01243
3 chipseq_200.dot 4807293396 2.43303571428571 1.21399456120169 14 1.98334433758861 1.98334433758861 0.062773301 23911480.1366222 2.46428571428571 1.25364777573029 14 0.357166908809224 0.357166908809224 4016779.93873379 0.00994025700000001 3697077.67023139
3 chipseq_200.dot 3793245764 2.53125 1.45808597937266 14 2.55807136062829 2.55807136062829 0.070170579 6085238.30152264 2.8125 1.16715560756562 15 0 0 5616791.1 0.01016848 5234824.06112761
3 eager_8000.dot 19132169434 1.32208789078757 1.32394270180971 36 275.953457160508 0.372046095016172 72.7530416890001 1829588280.15725 2.18824894158228 2.74739110250746 36 2142.83001276043 0.64691609557277 1423705390.82208 99.5439744620011 1423698230.52821
3 atacseq_10000.dot 11187378708 1.18019262672943 1.1350993488077 36 51.035675318148 0.596657535968106 112.965426445 2472131635.69447 2.13172200520833 1.68346422264888 36 41.4394746824458 0.747083282724322 697946557.556533 148.524409102001 697968961.128379
3 chipseq_20000.dot 4807293396 1.1759864887407 1.0038929435327 36 31.6032108998322 0.823222322968176 735.659934978 5435049756.70208 2.5008604505632 2.23018305754667 36 23.0859872040731 0.143696557303121 415998514.884643 886.820674104018 416219773.093658
3 chipseq_10000.dot 5058052541 1.25140800093808 0.922497045561031 36 27.8895174212483 1.48502268899393 97.0447575280001 3031273374.5339 2.49663220551378 2.2124879330878 36 7.24263020920047 0.155144295642338 259374274.290726 138.619459484001 259536210.239027
3 atacseq_4000.dot 11187378708 1.16606956156588 1.14413287189393 36 47.2784515014065 0.617431031873851 8.34248157299998 960657231.232293 2.19513888888889 1.62263411878515 36 11.4582495711205 0.518541544174796 240538644.863826 5.62559323099998 240222637.342082
3 chipseq_4000.dot 32978181418 1.23695751968157 1.76155290735292 36 42.8006001803418 0.0924991001844753 6.55775576799999 7161604562.23436 2.8125 2.25623869235626 36 0.0332742666339483 0.0332742666339483 3687657974.54326 5.26788407999996 3696214430.14643
3 eager_4000.dot 19075314980 1.54245829272168 1.32243944362072 36 405.742617823392 0.335731696292458 12.502700626 889155950.8981 2.14499510171152 2.84070397912629 36 1205.99807460736 0.561992399398086 587170101.425089 7.63296661500001 587145003.348754
3 methylseq_4000.dot 17027257018 1.41839855728745 1.95474217741234 36 230.183569480735 1.61399869449266 10.799555299 2055748885.41451 2.83333333333333 2.11975991265435 36 0.698147899803464 0.698147899803464 177785938.88258 5.89644669999998 177787267.264125
3 chipseq_1000.dot 41366257414 1.18497221261644 1.40230207124147 36 30.049997982452 0.0581226636309018 0.47188589 1483060520.79614 2.13434829059829 1.43870566377682 36 2.232662203585 0.0992742369951129 955891504.823517 0.161580782999998 952332605.373363
3 atacseq_10000.dot 3908761308 1.16586311889981 0.525495649980001 36 6.54020602068373 1.42946029989351 87.7092564809998 1460481915.96886 2.00844726562499 1.71056298521123 36 8.24163353533441 0.152177542499606 195427478.889964 139.326561859001 195460106.305289
3 eager_1000.dot 19100037384 2.00064094126594 1.54820248269026 36 1008.36907700016 0.404178005797469 1.242171544 253055495.256283 2.13681628056628 2.65512364457422 36 172.017146397896 0.597641943595424 161515416.638893 0.219798396999999 161520582.264272
3 eager_25000.dot 25705994498 1.22337161753207 1.03051694646682 36 161.950372307094 1.11043388565388 1502.98924343599 8295636249.64621 2.50920221132988 1.72610474612458 36 779.182911594757 1.29762428307956 2671796297.2126 1853.46735016903 2671801213.61285
3 chipseq_25000.dot 41366257414 1.11825060783393 1.41628868817303 36 56.74701438021 0.0610995301060743 1234.764604813 40554323089.3165 2.25776818485152 1.41985240468279 36 12.9351340725333 0.0524710781292474 20458843099.7812 1416.57383384004 20459974445.2373
3 methylseq_15000.dot 11897958606 1.25929420785306 1.95754219617958 36 133.022613802063 1.33835376372527 444.453408323999 5428952683.44809 2.83333333333333 2.09779463555124 36 0.941217326540795 0.941217326540795 550311794.919066 474.380214579999 550312217.26052
3 atacseq_30000.dot 2223941232 1.1622339387992 0.412107380904363 36 4.15096812152617 0.802920719788568 1917.70759759599 2794165280.17958 1.77707804404814 1.65178844304195 36 54.3097279628583 1.28109929711362 752016318.050428 2334.24280685138 751955463.410505
3 methylseq_1000.dot 11897958606 1.46783961241792 2.00516391093656 36 257.447604621641 1.34587675442775 0.752975646000001 386411222.886538 2.83333333333333 2.06185790666547 36 0.26684573300049 0.26684573300049 35960757.7739052 0.170703866999999 35960807.6088079
3 atacseq_2000.dot 3908761308 1.29848999947039 0.887316526360039 36 41.3635650343408 1.93290434739732 2.054544274 263066741.728423 1.94234749455338 1.88440370879998 36 2.02819382767572 0.172147596184968 39879296.8508939 0.930766024 39940854.4575076
3 methylseq 11897958606 2.83333333333333 1.58665407757816 4 74.3367031721769 74.3367031721769 0.003149472 1343123.90449647 2.83333333333333 1.89920524551497 5 855.248279254255 855.248279254255 1840824.39432532 0.000373682 1344907.22351238
3 chipseq_25000.dot 5058052541 1.20846392721392 0.86093436292517 36 23.1890788419859 1.34360712200608 1206.462341394 7602828155.81706 2.49781031031031 2.20900725656635 36 7.69103210405588 0.157278774019799 652911413.224096 1411.79706539508 652953507.435563
3 methylseq_15000.dot 110641579976 1.14150050198891 2.19484439267656 36 267.679018037549 0.00158553294396865 467.023357889998 38400217652.4346 1.67618539275865 2.77709862309782 36 42.4803727947241 18.8397037004075 58519328133.0453 527.889303594999 58518713140.7651
3 methylseq_15000.dot 17027257018 1.42359072443141 1.94798589272037 36 229.332115749268 1.60602990188752 450.395145682 7670359832.15844 2.83333333333333 2.08079023126863 36 0.506613504432428 0.506613504432428 666901949.051609 477.189665085006 666899293.648435
3 eager 14754556884 2.88648648648649 2.63345813591841 8 755.261641568458 755.173984056816 0.038776118 9455265.83043301 2.91351351351351 2.60960974055937 8 48.6451767057364 48.6451767057364 6058571.01999394 0.00656809 4267942.37936945
3 chipseq_2000.dot 32978181418 1.24310519385678 1.78722192390457 36 59.5753423456908 0.0886473148728488 1.533918322 3487848064.82013 2.80537974683544 2.25625250816191 36 0.02829263419603 0.02829263419603 1776499275.99351 0.843787972000008 1785754937.14653
3 eager_2000.dot 19100037384 1.68630195341425 1.38692338135334 36 747.396389516177 0.328212330366221 3.641097907 475011831.44008 2.14063024063024 2.65238686732955 36 767.667924671489 0.502631546112726 320066490.82179 1.12228136 320024313.076088
3 atacseq_20000.dot 14091675276 1.17263466621555 1.13524691350931 36 80.3191124372288 0.709523807829245 699.088952178003 9543009344.8553 2.2694769965278 2.24422790989888 36 89.3740473186842 0.215947675950481 1566886844.68445 842.02527340803 1567627812.5455
3 atacseq_20000.dot 2223941232 1.17198127427977 0.403843845569072 36 4.53729002963969 0.851933969044932 697.013437449992 1828902306.72648 1.75323195684524 1.66947096000361 36 15.0994419689338 1.24771194183696 512922977.556753 886.10773289402 512969867.020055
3 chipseq_2000.dot 5058052541 1.29737002185578 1.04362017867217 36 73.6846678328386 1.97347441680954 1.869057171 560730876.286136 2.5 2.27108148350492 36 0.189487812236717 0.189487812236717 55229745.1015013 0.931633471000002 55045447.9843793
3 methylseq_20000.dot 11897958606 1.25990554952141 1.95851882495105 36 209.991825828811 1.33471347569419 929.934260597 7223027886.908 2.83333333333333 2.10471019280992 36 0.685685566881698 0.685685566881698 738219755.651849 919.264355236005 738221617.919086
3 atacseq_25000.dot 14091675276 1.17839442808221 1.14238779083046 36 77.739596712034 0.692465386238259 1170.19050691999 11997516896.6872 2.27074652777779 2.26615238819515 36 7.00084962622087 0.282769840175851 1963295783.02975 1437.148609793 1963147055.08287
3 atacseq_4000.dot 14091675276 1.17844047405935 1.18636245035842 36 102.707933892729 0.695532925634473 6.527051268 1973968944.37132 2.24891067538127 2.31439551325802 36 2.14392635300171 0.479551645514059 325259624.136034 5.34095750300003 325249028.118919
3 eager_200.dot 25705994498 2.90510510510511 1.92267242798011 14 142.712230324645 35.8770284452707 0.13018829 26383416.8630466 2.83740883740884 2.02425285731502 18 310.709698645643 290.028667980602 30281820.1262137 0.021915445 30402516.3726659
3 chipseq_15000.dot 4605965334 1.17356513999355 0.778546161031837 36 21.147280430356 1.23844949314484 337.829854817003 4270233902.73025 2.8125 1.89365705250835 36 0.000858891387950692 0.000858891387950692 266487296.092215 414.741314070001 274018824.024744
3 atacseq_15000.dot 14091675276 1.18282191506905 1.13811974643978 36 80.9913818757501 0.706322900117218 332.845303924001 7155317033.70652 2.26164641203704 2.2815615656869 36 4.63300560084426 0.429928748266237 1198404994.42133 410.002769747 1198343284.48852
3 methylseq_200.dot 110641579976 2.45337301587302 1.98269659258087 28 36.6584452967672 0.0228599664922148 0.084845496 590668861.831017 1.67708333333333 2.58800034113182 33 1288.38505462748 1288.38505462748 1011363974.99402 0.00997293399999998 1009195437.63136
3 methylseq 6273818718 2.83333333333333 1.58020503685694 4 66.6560111856437 66.6560111856437 0.003196856 1035418.86286766 2.83333333333333 1.76387370151591 5 138.449336424818 138.449336424818 1036973.12291404 0.000389509 1036938.35439736
3 atacseq_15000.dot 11187378708 1.17230257611595 1.12508385699376 36 46.4069786925814 0.566311812585908 344.741048117998 3732433020.45864 2.14929108796296 1.65549937373495 36 25.8108708658233 0.663098332720922 958565433.467116 437.805724374006 958523457.626004
3 eager 25705994498 2.91351351351351 2.63959018026181 8 1053.18807397636 1053.22058602672 0.037581661 29856911.4193451 2.81081081081081 2.46004127105708 10 1253.36264339574 1253.36264339574 31290268.5865411 0.005334279 31326393.3897387
3 methylseq_4000.dot 8885797810 1.19046030157141 1.80797856150588 36 277.900140454007 2.01735723589692 12.468128959 1024281967.60155 2.83333333333333 2.08979846171869 36 0.286967572247088 0.286967572247088 114858252.211374 6.07546602299994 114857897.262839
3 methylseq_20000.dot 110641579976 1.17531774614611 2.19508107472833 36 269.571120074368 0.00110232193752 946.024993581 50890512567.3486 1.67847138855542 2.7792508041433 36 1272.57567427803 761.104501401446 81381742058.573 978.205615206014 81378348934.7378
3 chipseq_2000.dot 41366257414 1.14810216155153 1.41363845552571 36 42.33450491571 0.0582412703636285 1.642778926 3105312148.39047 2.11168248945148 1.45902325576861 36 2.56549668749811 0.136785573378908 1966404539.25612 0.876878875000004 1965367149.87984
3 chipseq_15000.dot 32978181418 1.2367274402698 1.7757862585906 36 36.6432295600947 0.0941194544950237 338.617219151998 28163556259.5881 2.81156093489149 2.23798210677741 36 0.0162893526918465 0.0162893526918465 12896703022.378 456.379972178996 12906642293.5936
3 chipseq_8000.dot 5058052541 1.24586922025206 0.916398445418128 36 26.0324661582959 1.51690021526046 40.0370777630001 2414567753.89977 2.49608150470219 2.21330845738832 36 3.84242679740099 0.159739667001814 211904366.183345 60.8260103349986 212075091.683674
3 methylseq_8000.dot 8885797810 1.2067801928913 1.8098302304167 36 290.710027881203 2.03246913166274 72.7640678609996 2051230547.18542 2.83333333333333 2.11697199081549 36 0.517128223211494 0.517128223211494 228755536.239855 76.1796242590013 228725070.87675
3 chipseq_8000.dot 41366257414 1.12765716845851 1.42464014214973 36 36.9534664082627 0.060873683433182 47.1920214440004 12817788417.9163 2.197328892372 1.43721928134147 36 0.0804173874373546 0.0803882506274126 6815378664.4775 66.2437215699992 6807373273.58815
3 methylseq_8000.dot 6273818718 1.24518566185233 1.6947059576056 36 125.170723836405 2.09864195628973 61.08899517 960201179.465561 2.07682682682682 1.80384314896681 36 116.167626165619 7.67248258951018 349041557.919126 77.8210294590016 347888978.238976
3 eager_15000.dot 19100037384 1.25496960329183 1.30278917788946 36 149.504299713425 0.396835153378755 437.817750607998 3461020736.98014 2.17530445365091 2.80207804542056 36 2671.7094657556 0.660039262594057 2554551710.03423 599.235511991003 2554542780.59557
3 chipseq_30000.dot 4807293396 1.17145548623603 0.938063724944947 36 28.3746593706253 0.875485710984038 1931.93157025899 8162923981.22487 2.50005212677231 2.24440384652603 36 8.29828801246133 0.154080436295931 639026930.617206 2286.26423283551 639003511.536572
3 methylseq_30000.dot 6761426956 1.20361848443081 1.79795886523341 36 285.665242004865 2.03540858203654 2522.48131116501 5891290890.54783 2.83333333333333 2.0953895410551 36 0.688523863362788 0.688523863362788 662352492.52987 2424.77499099572 662195980.265605
3 chipseq_1000.dot 32978181418 1.36620204048089 1.96287191461314 36 109.384885210145 0.0921556828828224 0.450959694 1687697048.21434 2.8125 2.25323098045943 36 0.0265483366820158 0.0265483366820158 944734502.714585 0.160418305 942531468.759459
3 chipseq_30000.dot 4605965334 1.16792244366003 0.721160632355487 36 22.1055813694881 1.29047802039816 1917.329285826 8998417980.41042 2.8125 1.88950540662971 36 0.000707253770176501 0.000707253770176501 533435279.781272 2181.32534295502 540752913.854722
3 methylseq_10000.dot 6273818718 1.26752129423198 1.69483722694596 36 127.754463045479 2.10265555081061 149.450182702 1196424875.67914 2.06567388860306 1.82936080327127 36 155.561395321862 12.3712758399896 449796161.879233 171.865132077002 449789519.602416
3 methylseq_25000.dot 6761426956 1.23702014544551 1.79920111715403 36 284.914276940382 2.03568940633027 1576.33854497001 4912832583.58454 2.83333333333333 2.08764399879338 36 0.481958003563471 0.481958003563471 541369579.14705 1505.06635455398 541368862.313085
3 chipseq_10000.dot 4605965334 1.13884250409157 0.789424570038818 36 18.5143173219854 1.38993155297629 95.7509665340001 2811249129.44854 2.8125 1.89569150937545 36 0.000482123269065475 0.000482123269065475 177841065.670837 134.045691642 179229614.726793
3 methylseq 22500260922 2.83333333333333 1.62250932849562 4 1434.24674872561 1434.24674872561 0.003646789 3760385.49462117 2.83333333333333 1.95532389652284 5 446.534343260902 446.534343260902 3880340.31511479 0.000379267 3650778.31061181
3 methylseq 110641579976 1.83333333333333 1.71965084240458 4 25825.8853863947 25825.8853863947 0.003295417 223168759.117207 1.66666666666667 2.2123446380048 6 20151.9726027126 20151.9726027126 206492768.570836 0.000357719 206493027.347264
3 eager_25000.dot 8330435694 1.24844622755495 1.04139482397006 36 78.03147123247 1.96817279547168 1477.10466412399 4413361134.77381 2.80399122526784 2.79039453290649 36 253.028433202834 1.06120747070657 590349609.492523 1872.957620835 590362971.053382
3 chipseq_20000.dot 41366257414 1.11922007123038 1.41987131777381 36 61.4396422435175 0.0607682502170781 728.259173423001 32346965279.8259 2.26096422611598 1.41563194432094 36 22.6730530404809 0.0490243114745544 16324936962.7723 940.340460267017 16324322142.949
3 chipseq_20000.dot 5058052541 1.22109188397125 0.891878308950837 36 29.6215664591039 1.45594151363648 700.537843658003 5900736781.06726 2.49714486858573 2.21169259939666 36 9.40222571824914 0.155338135204453 517990215.342152 864.849524895994 517849112.565053
3 chipseq_8000.dot 32978181418 1.23694490593002 1.77221153448542 36 35.927056406641 0.0927842196856174 43.7485024429997 14791684876.3252 2.81073667711599 2.26608849904301 36 0.0316609772824944 0.0316609772824944 7219658520.33331 58.063503356999 7244914023.72983
3 atacseq_25000.dot 11187378708 1.1423872351713 1.10181891510058 36 50.145093641651 0.580414897876349 1251.489964836 6149336262.30456 2.14034257192463 1.71154721052523 36 34.0281110637297 0.782123394816317 1852002257.65502 1483.753400655 1851961733.04322
3 atacseq_25000.dot 3908761308 1.15889127003299 0.527966383455616 36 5.41954896087781 1.04935306486033 1242.96023258002 3772932034.03471 2.09046223958336 1.69689267307458 36 8.82938011275217 0.126884018057047 463798372.441331 1455.95739203197 463796369.720395
3 chipseq_4000.dot 5058052541 1.2371441778871 0.993388301645709 36 30.2097923474586 1.99690166713126 7.01745879899998 1190626545.38383 2.49705188679245 2.22052961306515 36 1.83249520900836 0.163107805901529 103998125.97295 5.30717583499998 103978755.776351
3 eager 8330435694 2.88648648648649 2.62643260908318 8 448.504599519324 448.549850563139 0.038208748 3723906.89846043 2.91891891891892 2.608360111479 8 50.1369743133513 50.1369743133513 3085985.01075829 0.006135072 3066916.61565106
3 eager_15000.dot 14754556884 1.24019667921452 1.33690999266546 36 63.8647840419555 0.50396210967287 431.852375006998 2533947867.28842 2.62336008674591 1.71372700969159 36 436.108545934457 0.790846728214255 941652361.578258 582.077059812017 941683969.307295
3 chipseq_15000.dot 4807293396 1.18800767436514 0.945525448412679 36 31.2221775556286 0.846937681281745 355.496886074002 4045194585.15711 2.50365191986644 2.24903917922375 36 49.9017943897183 0.16417828898398 332712300.36711 447.637053463003 332867852.39198
3 eager_4000.dot 25705994498 1.29638544388326 1.00770838438341 36 269.959575146202 0.921844731543568 12.347148756 1403041365.70419 2.57268291745904 1.70512928326559 36 118.287937086961 0.706998512590468 395255803.64547 7.33608117599995 394545558.978197
3 eager_8000.dot 19100037384 1.35603213032521 1.31411620434284 36 179.463050734119 0.370259440308008 66.0989992609998 1833635161.98275 2.15448704115371 2.83593012120649 36 4457.65237771523 0.805594220150842 1320949429.31497 104.345375954 1321228105.49469
3 methylseq_4000.dot 110641579976 1.17761809428476 2.19575876642265 36 273.14005650063 0.00105142639067048 11.983054428 10205785617.5971 1.67784451117784 2.78037903561764 36 10292.5189101059 808.172424969894 16499080482.4267 6.07634716200001 16499080440.681
3 atacseq_200.dot 14091675276 2.31944444444444 1.55387455483917 17 6.70653499478194 2.58676931679752 0.073572104 23515701.1394632 2.21388888888889 1.52847634563272 18 8.9085262760164 8.9085262760164 24319983.5155269 0.012884102 23953751.0198212
3 chipseq_25000.dot 32978181418 1.24051175092839 1.77633949052612 36 37.2037366504933 0.098160242352845 1219.36872799101 47343407733.9098 2.8125 2.37968039507671 36 48.2550112243667 0.116767267930858 26078837800.5089 1478.79430663605 26087320580.255
3 eager_10000.dot 19100037384 1.33380109217761 1.29445614899423 36 162.018885607666 0.373223058815878 147.139295487 2322501557.10198 2.15902095132865 2.76425525096162 36 1868.17392071677 0.701640041082875 1731605335.82946 214.258638614999 1731612595.28393
3 methylseq_30000.dot 11897958606 1.25349663674994 1.95740018755114 36 132.559813672378 1.33552796593295 2429.09977590899 10839995438.6582 2.83333333333333 2.10105379434183 36 0.577081556361341 0.577081556361341 1104631039.54228 2337.66059187978 1104630575.09459
3 atacseq_25000.dot 11809629756 1.14534019978183 1.13891454457329 36 61.8664246951829 0.556973327101804 1207.42666577802 6351094510.18917 2.05319878472224 1.67929515030011 36 119.634836134541 0.707385447081721 1729792986.76711 1475.37060407701 1728823948.23883
3 eager_30000.dot 19075314980 1.23356124624464 1.2627865386388 36 114.852986673776 0.389348487065281 2188.82600039403 6798213667.96947 2.14523899346735 2.75194621590422 36 16206.6276181078 0.647893856846622 5198210441.98242 2783.02735036505 5197091926.37807
3 methylseq_25000.dot 11897958606 1.25579013277047 1.95876175137531 36 110.642905405046 1.33622933152127 1561.49852258199 9039211351.09198 2.83333333333333 2.12328634689658 36 1.04445651787715 1.04445651787715 926819665.911984 1460.74966897002 926791053.357233
3 eager_15000.dot 19132169434 1.25828509395649 1.27207168957153 36 103.655290372759 0.385760516831181 433.146664571001 3466085890.8681 2.18618528027976 2.76503637386805 36 9958.15921839213 0.717309871509768 2909611258.0339 593.235585071007 2909604749.6195
3 methylseq_30000.dot 22500260922 1.21887591015241 1.3799373111754 36 59.0871724569162 0.0562422604832587 2575.33032262899 4478543144.3741 2.68093904228358 1.51140481252919 36 93.5505538216451 3.06263552183357 2602155228.16677 2492.04673875695 2598284188.71308
3 atacseq_2000.dot 11187378708 1.30770844986531 1.29545384938924 36 96.4493717748113 0.618805157115063 2.172436476 461359567.600486 2.11097494553377 1.48603665335946 36 19.2035047165748 0.453671407003788 108302976.457197 0.874940269 108308444.433077
3 methylseq_10000.dot 11897958606 1.25847799437235 1.96063879596691 36 266.72363475648 1.33523625084204 146.335337965 3613191071.36534 2.83333333333333 2.14148368745787 36 0.990451283139953 0.990451283139953 383537296.562082 154.909453859 383536323.718403
3 chipseq_25000.dot 4605965334 1.16386034094366 0.784517753628379 36 18.9737651064588 1.33675822359531 1205.01714022601 7241014939.90903 2.8125 1.89642942656792 36 0.000173222378683704 0.000173222378683704 443222649.894389 1403.095983832 453952062.075915
3 methylseq_30000.dot 6273818718 1.25695992682787 1.70321103286395 36 132.099644789224 2.1369088218481 2320.80778278501 3624427694.34416 2.08476088848233 1.78919359800767 36 203.085948312502 12.0886573658475 1278018929.20173 2417.06459686908 1277651150.57313
3 eager_30000.dot 8330435694 1.28552175973365 0.90995568611549 36 58.5664111464863 2.03051910119499 2189.48656343698 5323802735.25144 2.80144052939331 2.80419747215625 36 355.926845548153 1.47186076686222 736585819.832577 2797.41726313213 736560720.655573
3 chipseq_200.dot 4605965334 2.72321428571429 1.50494926418554 14 4.22743761342467 4.22743761342467 0.071760363 5410986.92665538 2.8125 1.57148376290962 18 0.785460143465084 0.785460143465084 5307813.72916667 0.009957185 5809307.77321699
3 methylseq_15000.dot 6273818718 1.26681027361573 1.70032742387587 36 132.965790808649 2.12707387831642 434.640345559999 1806549197.41751 2.08606885508409 1.78870653697725 36 243.63054773818 13.0951211459757 647154468.322965 506.068268551007 647024285.617855
3 methylseq_2000.dot 11897958606 1.35178013641869 1.98779587438977 36 153.342436521132 1.34798981883458 2.336505247 727204008.397018 2.83333333333333 2.09140960737876 36 0.310426054763262 0.310426054763262 73766484.7666273 0.922483685000005 73029750.5694075
3 atacseq_200.dot 3908761308 1.69083333333333 1.66892349432396 16 3.43940442420776 1.62483506760108 0.080069734 5289637.41968248 2.06472222222222 1.3529740576861 18 0.439899893782937 0.439899893782937 5653412.58722932 0.012855765 5642438.01991688
3 eager_8000.dot 8330435694 1.34331964851056 1.17787670691729 36 236.160818049332 2.33197032056047 72.4623755059999 1392548644.22777 2.80903188903189 2.8528076656924 36 129.176639309734 1.53843044646651 185074438.861119 105.409764761 185178106.226567
3 atacseq_200.dot 2223941232 1.68416666666667 1.76956015865938 16 4.3611138113757 3.89983700284848 0.082949706 4063326.79073835 1.80166666666667 1.8972612355465 21 8.55210370296741 4.70925176225375 9797084.06761158 0.012354087 9801146.19518759
3 chipseq_2000.dot 4807293396 1.30900540651332 0.976067361477301 36 81.9649892743317 1.42546297757105 1.927344622 471859545.701246 2.5 2.23159872152199 36 0.140182062276368 0.140182062276368 43831383.1665268 1.126214376 44037915.515551
3 eager_20000.dot 19100037384 1.26003057144633 1.29593016717027 36 105.580170531381 0.382285523060271 839.950527515002 4556672925.94531 2.16995108148953 2.81529540884772 36 4394.06099607917 0.711287448193081 3476085965.93308 1114.66326986302 3473500511.16515
3 eager_10000.dot 19075314980 1.32638482075618 1.29251750327292 36 173.057033411571 0.372375850146126 138.156560685 2309983991.57849 2.12721298105914 2.73212937471821 36 5196.03986472552 0.622157217400363 1696844651.30249 209.119613001 1695544494.36505
3 methylseq_25000.dot 6273818718 1.26767711405255 1.70264938278041 36 132.809701658906 2.13637328826604 1524.8064652 3016464875.53308 2.06834236334953 1.7967528802132 36 304.009342087339 13.1729586433936 1098936241.46587 1525.53316348206 1098937507.1573
3 eager_10000.dot 8330435694 1.30441373425232 1.09488528152148 36 259.027518650367 1.94427957391987 148.055128721999 1706106309.70948 2.80737322275784 2.73106702116659 36 191.113576039209 0.878212293482829 239851058.81398 212.821408529001 239871356.140975
3 methylseq_200.dot 8885797810 2.90277777777778 1.83169091575001 28 2.19355970732927 0.9629599086717 0.0890135539999999 62718934.3413688 2.83333333333333 2.04326532133737 31 0.213179136261391 0.213179136261391 7912146.48465221 0.00980024600000002 7911026.42007527
3 chipseq 32978181418 2.8125 1.72683683885847 4 0.0360112652944728 0.0360112652944728 0.006448246 83759812.3235809 2.25 1.71993215408336 4 63.8841077486347 63.8841077486347 88315760.1220007 0.000725367 76596519.8160436
3 methylseq_2000.dot 6761426956 2.34413049021483 1.88117472501588 36 110.306959615027 1.92959584013111 2.865219385 383567856.018415 2.83333333333333 2.07890622441737 36 0.400780565057714 0.400780565057714 44819931.2714947 0.909361883 44819849.9033262
3 atacseq_20000.dot 3908761308 1.15270357841516 0.590459330568324 36 5.57499475823541 1.11826432055429 708.956253811994 3006249890.03467 2.01436360677085 1.75705929805339 36 6.59604408842812 0.160682036170236 384872140.305374 903.527458812009 384897084.287503
3 atacseq_1000.dot 11187378708 1.58369312169312 1.33519845349059 36 49.5192587898547 0.612147523014186 0.586396715 181881702.940927 2.22472222222222 2.36243691756069 36 5.36150864712419 0.310835364277504 36996494.3891173 0.197050545999999 37008472.8564696
3 eager 19100037384 2.94594594594595 2.59534724750512 8 21.5120957677496 21.528151096364 0.039738408 33573800.2959683 2.56563706563707 2.6635957216475 9 167.39057661886 167.39057661886 18742243.331639 0.005110799 18041484.7791998
3 chipseq_10000.dot 32978181418 1.23623392584859 1.76698814174334 36 38.8876731807372 0.0971306321602055 102.502372843 18605889984.877 2.81109022556391 2.37059089599345 36 0.109395145297296 0.109395145297296 10420452482.5664 145.412279294 10431485142.722
3 methylseq_2000.dot 110641579976 1.40857875948237 2.20051266008805 36 325.116502636449 0.00534620333837499 2.053303729 5329183536.0629 1.67536813922356 2.7669277589773 36 743.121341972465 743.121341972465 7686327608.31498 0.914532548000004 7685414270.16985
3 chipseq_8000.dot 3793245764 1.15042089571871 0.589472912528004 36 7.30966314152792 2.07652642328286 43.0825369769999 1815634043.22385 2.8125 1.8536391326162 36 0 0 149318347.113124 55.7024386619987 152259729.665492
3 eager_25000.dot 19132169434 1.2289919445739 1.26484807621774 36 123.926636506571 0.395684112857025 1424.103275628 5732938630.17396 2.17040917679214 2.71121094033874 36 4186.81091126469 0.654092989957325 4793956047.67366 1822.92724311007 4793675662.87648
3 eager_4000.dot 19132169434 1.56011474584785 1.28233246453393 36 272.010456346925 0.359776067768564 11.986338908 908544788.351222 2.16097347589885 2.81034076651303 36 609.659286558178 0.865723046359006 769367111.757645 7.45043919899999 769348448.362711
3 chipseq_1000.dot 4807293396 1.60901251526251 1.06665838095734 36 49.5875183961487 1.55267721561763 0.586232763 187884925.065661 2.49358974358974 2.25115374889585 36 0.131991233929205 0.131991233929205 20887087.4882027 0.278996154000001 20758273.6310563
3 eager_15000.dot 19075314980 1.25991301398169 1.33310599502077 36 130.964966925549 0.407450060605927 449.078673499999 3529574257.68117 2.14336987053522 2.72604013339974 36 6143.37068136829 0.564505869826601 2495888266.89688 590.101509753016 2494671290.36155
3 methylseq_200.dot 6761426956 2.70684523809524 1.8280155069538 28 2.87160928000007 1.40734103816936 0.086863111 37388966.7834901 2.83333333333333 2.00626753140662 30 0.214005605345321 0.214005605345321 5534372.54019728 0.010083919 5534571.18483161
3 methylseq 17027257018 2.83333333333333 1.58974108336956 4 1162.90818526207 1162.90818526207 0.00362947 3363930.5146356 2.83333333333333 1.82114236141855 5 852.830766584811 852.830766584811 3366380.08635993 0.00037994 3365385.72357146
3 eager_1000.dot 8330435694 1.98997893997894 1.90148834677929 36 1606.5583167542 2.51094715198129 1.32637274 135999887.814114 2.82292471042471 2.90976457361082 36 66.9808006378085 11.7376352362315 24137121.2528296 0.28235707 24391248.0142232
3 chipseq_4000.dot 3793245764 1.15287218677549 0.643689466627362 36 8.86467000946764 2.10393259819934 6.746534772 908622897.022758 2.8125 1.85417166423976 36 0.0032701068953212 0.0032701068953212 75842505.8305097 5.35789979200003 81521948.7531364
3 methylseq_200.dot 11897958606 1.88913690476191 1.80809013622711 28 64.1610030259759 1.95831041812502 0.083315559 91817603.2316924 2.83333333333333 1.93183148677287 31 0.137064541238617 0.137064541238617 9416450.8534179 0.010278048 9077246.45584046
3 atacseq_1000.dot 3908761308 1.62385846560847 1.395365190155 36 14.6843247224048 1.96203531282213 0.61345663 93066868.4229144 1.99044444444444 1.84618935088382 36 0.521408149109939 0.135972876182143 19599336.5662628 0.171997885999998 19627404.0969071
3 chipseq_1000.dot 3793245764 1.3354908979909 1.10377068102805 36 41.3136678821294 1.38638476955238 0.675468028 198171186.91658 2.8125 1.92523081546976 36 0.949787881292113 0 19658768.85 0.169704863999998 22307557.3881281
3 atacseq_2000.dot 11809629756 1.21951813845196 1.3102811250809 36 109.717157549253 0.583122640492864 2.126039525 496077966.434521 1.98251633986928 1.57053436489091 36 11.9565920611151 0.601598561978177 135077360.910618 0.91707304 135270193.301624
3 eager_4000.dot 8330435694 1.44570537033224 1.06031326548601 36 401.080727560135 2.50446144163026 12.811948192 613290284.362477 2.81303328915269 2.66632817266585 36 95.7217280133466 1.4393911020571 98241115.0866428 7.56832029299996 98290720.5944027
3 methylseq_200.dot 22500260922 2.18576388888889 1.87216964895907 29 5.98282888233899 0.24221884224669 0.085329567 46376681.6293741 2.83333333333333 2.23997084475944 35 0.142017930560769 0.142017930560769 17071629.4379972 0.0103172 17071187.2076049
3 eager_4000.dot 14754556884 1.49690350107383 1.3690933649354 36 211.942277079747 0.447512434892054 12.120331418 660447019.770519 2.68010910697478 1.68120151399842 36 98.1599885277141 1.35070252735231 247907350.247299 7.29276508199999 247920907.384584
3 methylseq 6761426956 2.83333333333333 1.58240908899681 4 83.06092082356 83.06092082356 0.003224646 1382429.00628069 2.83333333333333 1.82384808793136 5 344.622676825176 344.622676825176 1384532.80270964 0.000378153 1385688.51272378
3 eager_200.dot 19100037384 2.91231231231231 1.75309154056058 12 65.3533783584246 65.3362197861706 0.132601273 33330700.8107997 2.25546975546976 2.12688249369045 19 431.274142205046 230.512037346425 34169727.7169355 0.018543719 33249165.6132069
3 methylseq_20000.dot 8885797810 1.23940687386067 1.81864838768191 36 299.406105811124 2.05300792260714 915.660394684999 5162080706.59939 2.83333333333333 2.11911766907154 36 0.691891827073604 0.691891827073604 569433164.142083 906.702147371017 569434578.802904
3 atacseq_25000.dot 2223941232 1.15163291711947 0.413237185119596 36 4.09959645180353 0.797737682380413 1202.217985694 2306010226.78905 1.78103019593254 1.68539071111268 36 23.2919276298827 1.37163825169071 665528375.857291 1473.88286054805 665541611.279664
3 eager_20000.dot 25705994498 1.23897534355841 1.04750383594333 36 176.509478741145 1.14296407370711 875.053015807997 6707859541.25861 2.50279034894421 1.72887962805038 36 585.724167462174 0.89088927231222 2199058794.81203 1098.23296307698 2199135330.61357
3 eager_25000.dot 19075314980 1.23054542085566 1.26051886280396 36 109.538074923393 0.389009677173623 1453.09599445203 5669277627.32678 2.14144171803745 2.74653259451562 36 9704.51652423475 0.638692851160494 4313019662.50511 1836.82576741404 4313004187.40718
3 chipseq_15000.dot 5058052541 1.20625473927851 0.8482879681851 36 24.9469752943923 1.39197176951626 336.452235347001 4540883570.42562 2.49775667779633 2.21440591088864 36 6.69585243770736 0.1552229511648 388820321.604668 429.949097599003 388835496.77803
3 chipseq_1000.dot 5058052541 1.35023656898657 0.991495783028969 36 70.9490234099902 1.40643511611067 0.62227608 246168529.776834 2.5 2.24930945408434 36 0.1727591501024 0.1727591501024 27721962.9805551 0.166791719999999 27952576.7539429
3 atacseq_15000.dot 11809629756 1.16049384503207 1.14897010486616 36 58.0635852328285 0.540736250801382 345.021968305996 3854323166.77687 2.05105613425926 1.68370328065676 36 66.1177787004985 0.736246873378325 1037377207.46554 451.583990369009 1037372517.79472
3 methylseq_2000.dot 8885797810 1.8737728692548 1.88584001406874 36 91.3243998050911 1.95799337329858 3.162656795 504437757.763664 2.83333333333333 2.12866892841003 36 3.54152946225408 3.54152946225408 55211773.2202781 0.900862721000001 55212228.5603059
3 chipseq 41366257414 1.76041666666667 1.16219098342642 4 42.9098808982508 42.9098808982508 0.005629252 102191773.535469 1.8125 1.42601187726435 5 0.445573454575803 0.445573454575803 87651779.4036637 0.000706344 87799770.919657
3 methylseq_15000.dot 8885797810 1.24708867623199 1.8196561694839 36 175.777122187432 2.05341903334245 453.874279092 3873217444.7936 2.83333333333333 2.10285184582181 36 0.827753286302949 0.827753286302949 420093266.409754 482.678238269002 420075590.070949
3 methylseq_30000.dot 17027257018 1.18297160133897 1.93663499873796 36 352.658418242373 1.60235648601805 2273.70702354301 15314021518.0916 2.83333333333333 2.09116980216389 36 0.458396022175841 0.458396022175841 1328029693.93314 2412.60404733343 1327409596.60367
3 eager_2000.dot 19075314980 1.82849745122472 1.354627631372 36 740.537461219367 0.369151565033657 3.57451725 470325880.249739 2.19265629265629 2.80157654597318 36 347.700872167887 0.576939381959824 298220341.244168 1.098999144 298147704.73345
3 eager_2000.dot 19132169434 1.91897395533759 1.3748167464079 36 978.302227032262 0.350863808202656 3.68741304900001 455284279.70668 2.17280208189299 2.75139161726005 36 601.124536012725 0.700630736516521 358193550.988996 1.13936529000001 358618733.622755
3 chipseq_20000.dot 4605965334 1.15974705050893 0.779568865031223 36 19.373135864626 1.16309296011357 713.338503622006 5835122005.17062 2.8125 1.89544013536248 36 0.000429919365353141 0.000429919365353141 355623519.85417 854.450882965018 362456994.677354
3 atacseq_200.dot 11187378708 1.77916666666667 1.39988609859945 17 2.32980356307269 0.377375940117428 0.072296041 6860478.06691692 2.21388888888889 1.81369940791399 18 5.63685121206993 4.4235569329065 9036449.24382753 0.01301515 9040364.83286509
3 chipseq_15000.dot 3793245764 1.18938139628873 0.508285902069968 36 6.1757870653038 1.71585673337675 337.685265109 3456523971.42622 2.8125 1.8384210331611 36 0.000462298142489971 0.000462298142489971 280904959.732583 440.041006023003 285474131.362512
3 atacseq_8000.dot 14091675276 1.177750506939 1.15416875193045 36 97.4516230357099 0.712598839200088 42.3193806789999 3870049300.14038 2.2740514905149 2.26919657828213 36 50.5830643805399 0.288903322795571 639896172.292547 55.6978991849992 640010163.770808
3 eager_10000.dot 19132169434 1.31405455821249 1.3080123520242 36 160.149012036958 0.38811898219288 137.656495488999 2298924065.29303 2.15353634584404 2.89033836990471 36 1415.9041759995 0.847550323233841 1911547681.02867 207.883167794 1910845817.8647
3 methylseq_8000.dot 11897958606 1.26063364952254 1.9593884352494 36 222.0693099482 1.33303119741219 70.7688658509998 2884573330.21586 2.83333333333333 2.10530379584013 36 0.489893769059767 0.489893769059767 292613727.227525 81.098618324001 291932894.913121
3 eager_15000.dot 25705994498 1.25293771734926 1.04583669657985 36 190.590834456978 1.11540209178984 458.433849799 5108851261.44558 2.50448778362165 1.71481493289784 36 405.658361412821 0.836969542398981 1591449156.40979 570.795084125016 1592568086.08886
3 eager_1000.dot 19075314980 2.03920527670528 1.59885936752269 36 488.021713399416 0.331090141409632 1.326244083 230597709.357374 2.15576737451737 2.84255831019466 36 130.46881341679 0.749006191717584 157140780.90487 0.231686325 156993767.746562
3 eager_30000.dot 25705994498 1.24705231667003 1.03670033071106 36 168.004594186137 1.11548154591665 2341.71469029001 10176221945.1088 2.51265416147306 1.72866357301512 36 555.594816781738 0.840154907184295 3228103516.24046 2772.86665390718 3232721965.9363
3 eager_10000.dot 25705994498 1.26959902880174 1.06003646920985 36 223.048022880461 1.14118296754914 150.37491218 3451956106.76282 2.50912704758858 1.71619249391283 36 499.075940907666 0.808649261537039 1086801478.90614 213.498800424003 1086906624.22104
3 chipseq_20000.dot 3793245764 1.16292022407087 0.543835312211922 36 6.56650195862163 1.77536723850572 730.169653857001 4673127587.29155 2.8125 1.84765445889434 36 9.31240927799049e-05 9.31240927799049e-05 376407442.382932 876.052430830003 382770153.52141
3 chipseq 5058052541 2.375 1.61392632252785 4 6.1485606237502 6.1485606237502 0.006511869 2250848.20175124 2.25 1.84104838432354 5 30.2477663737791 30.2477663737791 2347969.14761773 0.000908072 2180701.91521653
3 chipseq_30000.dot 41366257414 1.11778131428621 1.41111945434568 36 42.6596139975011 0.0607876288093058 1950.877782371 48744967443.1058 2.16023769808173 1.4482748013306 36 7.04895105027031 0.0945049485176336 26257929348.4883 2375.40734715111 26253166191.0465
3 eager_8000.dot 14754556884 1.32083104836458 1.33520791700156 36 93.751712014136 0.500667975738642 71.5927055580003 1358502418.62258 2.61200152533485 1.70588103845424 36 312.88512101272 0.671601885316846 509253330.497887 98.412978950001 507740639.332555
3 chipseq_30000.dot 32978181418 1.23555912654898 1.77914901698396 36 35.6233689406208 0.0959141625864508 1916.84281795 56921947275.0908 2.8125 2.24223209933705 36 0.0172452712853386 0.0172452712853386 25824983690.0561 2307.30749158041 25848222355.3984
3 methylseq_25000.dot 110641579976 1.14016718865498 2.19487872907692 36 267.959233960531 0.00123411243886103 1672.604384903 63767668016.4339 1.67658825412066 2.77370986136463 36 671.521717278524 30.9082083407226 99195942070.9553 1582.61373513108 99195504809.9655
3 eager_10000.dot 14754556884 1.30303907104426 1.34977486269917 36 89.4747494035607 0.504585465735527 136.475466253 1747414247.97814 2.60321902629595 1.71253785644313 36 403.113708702343 0.650028167245064 664594612.690204 214.397768488001 664579069.067075
3 eager_30000.dot 14754556884 1.21846783245787 1.32873008087406 36 57.001412343967 0.473006550349344 2173.99883204396 4854027079.07738 2.59763931535586 1.74267591466501 36 479.966999060509 0.803076611102077 2086887065.63386 2794.37706906121 2087375908.37648
3 methylseq_8000.dot 6761426956 1.20552099718766 1.79375997364245 36 276.53284927053 2.0107994416434 61.762238917 1559159328.26338 2.83333333333333 2.10272295739421 36 0.542680000700036 0.542680000700036 175014303.222365 67.0936778450004 175011913.651602
3 atacseq_10000.dot 11809629756 1.18248243192738 1.15927748974785 36 61.5839124813697 0.562839443710997 92.9911610900009 2550703702.0256 2.04454210069444 1.70010844034724 36 43.3078835599757 0.791538315061622 725568716.321283 147.691582427999 725567806.10553
3 eager_20000.dot 19132169434 1.25033385967999 1.26345052631655 36 120.567548935805 0.384197679575401 838.194481358997 4578576341.37726 2.17784667222536 2.71512360089178 36 3995.1917563741 0.673207954459908 3777364993.35435 1123.75152581198 3776713485.57115
3 eager_200.dot 19075314980 2.80255255255255 1.75417182101488 12 550.924178457485 413.750907472487 0.136561279 35262748.5978335 2.37945087945088 2.11272653660982 18 282.71583415446 212.862040611984 34032856.8995541 0.018731986 34036315.554999
3 eager_20000.dot 14754556884 1.22697977148949 1.34240796260547 36 76.3440258185608 0.520373270504359 831.63069884 3341145307.99933 2.6073880727727 1.74959637511188 36 740.051370767317 0.896659005093219 1403667045.60905 1113.12503339105 1404264428.35757
3 chipseq 4807293396 2.375 1.62500712267827 4 8.58955246229667 8.58955246229667 0.00652214 2226995.62980668 2.25 1.57408140438929 4 4.41429518890285 4.41429518890285 2251736.5217317 0.000912409 2299800.40284392
3 eager_15000.dot 8330435694 1.28130345470918 0.996509194792788 36 170.321774255736 1.76706572270608 439.256231816001 2555980946.37919 2.79692639771379 2.76740039708037 36 236.673583616848 0.734056762051473 368514433.150773 584.195242248011 368499295.604494
3 methylseq_10000.dot 6761426956 1.2149256528008 1.7947691829684 36 277.994780004755 2.01919585109613 153.302426698001 1955455279.68631 2.83333333333333 2.08764904642236 36 0.579965993439584 0.579965993439584 216342999.628132 169.500072953002 216059464.309063
3 methylseq_1000.dot 22500260922 1.58185121438133 1.37807449786678 36 42.1491887244723 0.0508527323582047 0.718230040000001 144960497.128024 2.74497991967871 1.43360568591779 36 5.61337425341013 0.272660853935711 82652676.2908418 0.173507489999999 82653461.217155
3 methylseq_8000.dot 22500260922 1.46624600791267 1.38240632492101 36 60.4763123826961 0.0597839425931256 74.3465267400002 1206708866.23111 2.68335001668335 1.49688962122058 36 30.578024107134 1.20838090353024 711596317.599192 80.4529063320013 711597610.747856
3 methylseq_25000.dot 8885797810 1.25293761287522 1.82098486147632 36 113.900418573542 2.05700417990545 1565.20796431098 6462411182.81325 2.83333333333333 2.12029938235284 36 0.70253223048256 0.70253223048256 715984072.118884 1445.27502454807 715982870.014227
3 atacseq_1000.dot 2223941232 1.5601164021164 1.24267664081214 36 3.74868823873871 0.166982262726844 0.652150624 11901630.3619808 1.76455555555556 1.7780246885324 36 7.18571360748829 1.50414312503472 34345818.273303 0.164503764000001 34357757.5208812
3 atacseq_4000.dot 3908761308 1.21215049088103 0.521961495199738 36 10.5840034599566 1.67473330890267 8.06820773499998 571017026.233844 1.97667483660131 1.89524801736113 36 2.05347561498371 0.160173921978906 77908709.7991596 5.80660532000001 77981195.0850135
3 chipseq_10000.dot 3793245764 1.15440138912884 0.594153293022285 36 7.43444872925989 2.02045603771678 101.451528706 2298256252.02167 2.8125 1.83752520517801 36 0.000226872155329337 0.000226872155329337 188162501.849998 132.808876584998 191274512.26832
3 eager_1000.dot 19132169434 2.0952582046332 1.54401632210387 36 541.319691912398 0.356200734934941 1.276716014 234482066.001954 2.22151705276705 2.77101615757897 36 181.708666916254 0.566174130704133 157253961.497212 0.222434034 157306594.289005
3 methylseq_20000.dot 17027257018 1.40729386992894 1.94879036627903 36 136.508965235674 1.60165665723977 922.673323175998 10205620791.6126 2.83333333333333 2.09564322826031 36 0.542867851477215 0.542867851477215 891231407.157473 883.196197135998 891230004.946134
3 eager_8000.dot 25705994498 1.26758050962382 1.02111361921598 36 218.767808504719 1.0836416820954 71.0181088929996 2843468044.86165 2.53986748653415 1.69596537079518 36 403.083119733398 0.849737737393306 827753197.363896 102.058803005002 827745053.78678
3 methylseq_2000.dot 17027257018 1.49141805316504 1.97667939222745 36 204.152065190768 1.61761686814193 2.461413553 1027513673.97929 2.83333333333333 2.11019285082654 36 0.928037714267104 0.928037714267104 88185112.9753863 0.892994569000001 86834087.2051306
3 methylseq_4000.dot 6761426956 1.1879617712951 1.77409949725894 36 264.089330471715 1.99794576132528 11.279604538 779907719.405278 2.83333333333333 2.1005471042886 36 0.661650057091029 0.661650057091029 89108688.2773412 5.96411664500001 89109031.120049
3 chipseq_8000.dot 4807293396 1.19992168228846 0.886331579146579 36 28.5284820212426 0.836109353846282 40.6765748969999 2149667597.62955 2.50146943573668 2.24363346254674 36 0.171267718823027 0.171267718823027 176842545.713914 58.1737979349991 176961003.703114
3 methylseq_20000.dot 6273818718 1.29684095860568 1.70100291916184 36 126.976481143626 2.13901071838632 865.036981941996 2413946548.0843 2.09296575773166 1.78573834879879 36 178.049060659519 12.1385400210217 834293013.454489 900.209942647014 834295533.200013
3 eager_4000.dot 19100037384 1.53909389102541 1.32148110514658 36 461.813101781501 0.335019120454247 12.322025257 912099415.152634 2.16238306536814 2.91635149171566 36 785.074957282935 0.770733364935342 666990972.540331 7.21109172000004 667081886.742507
3 methylseq_20000.dot 22500260922 1.49902103698626 1.38166298683115 36 60.4724773114054 0.0568711749604544 988.016206703002 2991512521.7632 2.68344004268374 1.49804918594808 36 35.2128973572855 1.72771591159743 1717300575.57165 1007.37576728001 1716821411.59363
3 eager_2000.dot 14754556884 1.65601566056112 1.41863005530532 36 800.510274517896 0.547704056663612 3.980142649 366416161.203086 2.54943254943255 1.67651948959636 36 119.273866781652 1.603830288494 131833948.470945 1.15317616000001 130878526.241907
3 atacseq_20000.dot 11187378708 1.15079945560219 1.11962816014687 36 46.9786472145206 0.569628559499543 691.932935067 4949354909.68372 2.16444769965279 1.64968971649034 36 40.5617879099108 0.568675610135494 1251810178.27677 890.294128377019 1251822567.56435
3 methylseq_4000.dot 22500260922 1.3241932408599 1.38141977512201 36 60.2433203449631 0.0566889133440381 10.752597081 594747410.352507 2.69252585919253 1.47018302717185 36 10.3347917926313 0.922123600354599 347618969.050521 6.13319014799996 347620788.988427
3 atacseq_15000.dot 2223941232 1.15925934698768 0.369497164901228 36 5.14330850597621 0.940961691868563 325.786234014 1356309450.50962 1.76942946015211 1.68043766043776 36 17.6837916933822 1.37829793166407 392086361.90972 437.429038826004 392012905.345944
3 atacseq_8000.dot 2223941232 1.16723972673669 0.420412466841242 36 7.17683453216142 1.45292063141948 43.983663894 704054038.618996 1.7552739063105 1.71495159765873 36 16.0485203438238 1.36530776471724 221576498.225869 59.0736194770007 221657574.158607
3 chipseq_200.dot 41366257414 1.94345238095238 1.2292784516104 16 9.78186553807375 0.153419826053095 0.051775637 271887175.742497 2.43303571428571 1.06292366520905 16 0.187923256782618 0.183979739800572 279500263.871531 0.00842233 282456630.600313
3 eager_200.dot 19132169434 2.91231231231231 1.75206835986161 12 353.692392221606 353.696144202811 0.132332536 32579465.6432323 2.3974688974689 1.94910818013412 18 191.50838025047 28.9702799426775 34796552.7558682 0.018985454 34477823.3012437
3 chipseq_25000.dot 4807293396 1.18070986820987 0.917587311975805 36 26.4969396031527 0.928094018659401 1224.689982801 6811257671.18442 2.50125125125125 2.23378101102284 36 39.0704138477016 0.151778534229204 533366447.303706 1515.4258771971 533709459.50741
3 atacseq_4000.dot 2223941232 1.22987788535474 0.482694346595901 36 17.1331298277222 2.10466420723578 9.13980327999997 334359281.748816 1.75537854030501 1.70909726044519 36 10.564140598383 1.30006892458471 110917043.024924 5.90082204800001 110947533.049591
3 chipseq_10000.dot 41366257414 1.11492972618443 1.38956608471547 36 49.2076500745428 0.0607569921851215 91.6400484710002 15942756896.4027 2.28323412698413 1.41861119577696 36 0.0509548418599919 0.0509548418599919 8228044823.96892 147.404953851999 8229573818.85838
3 chipseq_4000.dot 4605965334 1.19138025889205 0.904900906139979 36 18.3034441292559 1.73556810418514 6.50526026399999 1063240666.69814 2.8125 1.89297167650634 36 0.00271152044632042 0.00271152044632042 71699313.8066503 5.33840373299998 72515202.5095301
3 atacseq_10000.dot 2223941232 1.187728812247 0.390720226730535 36 6.54063274672919 1.37776176332551 92.398109664 889441038.61918 1.75490141369048 1.70887010688613 36 12.1399323592109 1.29026982961615 272449659.618772 150.643944715999 272372194.686353
3 chipseq_25000.dot 3793245764 1.14838215879882 0.502696550722371 36 6.38832169895469 1.81019311190632 1252.45345258103 5847057788.6077 2.8125 1.84212103222551 36 0 0 469002056.849985 1466.36600595803 474873536.882101
3 methylseq_25000.dot 17027257018 1.40813768298167 1.9472759722939 36 150.443085044226 1.60331847551956 1568.270734295 12771259154.6555 2.83333333333333 2.10051006072713 36 0.683928402506075 0.683928402506075 1107595323.7586 1459.67107311695 1107592412.56124
3 eager_30000.dot 19132169434 1.23431239562697 1.25446532671138 36 96.187459326094 0.381697133433585 2174.65830065099 6793568571.69008 2.202084882203 2.77448586064651 36 9635.81169196045 0.741792985491603 5714749522.77173 2755.26135957609 5714748112.34842
3 eager_2000.dot 8330435694 1.57121283030374 1.32253543528606 36 1019.78917685445 2.29426138884973 3.414710098 283965217.009087 2.81825201825202 2.84315898321301 36 52.821305237887 9.32945474664176 47486537.5281281 1.148544876 48138023.1015141
3 chipseq_30000.dot 5058052541 1.20360227328274 0.862924176662432 36 26.7737291087787 1.28235303192678 1911.93242349301 9203753626.45553 2.49856651376147 2.19654755418388 36 14.729683259922 0.149100111498738 770737169.121485 2236.01878555788 771064243.885805
3 methylseq_4000.dot 11897958606 1.25254222476445 1.96492963189612 36 272.213645100526 1.34446696201463 10.731838155 1454217840.00612 2.83333333333333 2.17294184589669 36 0.435974520152093 0.435974520152093 157188326.260761 6.018229037 156762940.743024
3 chipseq_4000.dot 4807293396 1.21051995698222 0.981843904543334 36 31.0183919795899 1.10252615473491 7.44039086500002 1029347386.3124 2.50393081761006 2.22925820459156 36 0.137798256885343 0.137798256885343 84145651.7251893 5.56299647299997 84389189.137393
3 eager_200.dot 14754556884 2.84024024024024 1.81737049307301 13 302.115813043338 154.106927103678 0.135105045 12550618.3339487 2.83783783783784 2.26385859395952 18 180.020891823501 111.871039641581 11656962.6958004 0.021742961 10946230.5321133
3 methylseq_15000.dot 22500260922 1.2936190222019 1.37771676648564 36 58.1545505206267 0.0567187372619635 454.706251708003 2244042506.13056 2.68125611600391 1.50067585359616 36 73.2054571886958 1.47016510572154 1316400420.9369 503.704669927001 1314995279.17876
3 chipseq_20000.dot 32978181418 1.23447380737743 1.78019832981666 36 36.5736183990539 0.0945994185208187 722.021294396003 37694734008.3612 2.81179599499374 2.35333774445565 36 45.749998873989 0.100843298205729 21109059106.1823 876.100744816 21100226852.8589
3 methylseq_2000.dot 6273818718 1.5332122139351 1.65610506182716 36 124.224617619603 1.92278951639916 2.347214325 232130888.879734 2.09672021419009 1.76581722681704 36 96.8147275875994 24.9780160473469 88273533.8082762 0.912687101000002 88273446.7920873
3 methylseq_1000.dot 17027257018 1.6382514183719 2.00626954647191 36 189.104676655347 1.61764937276211 0.765321266999999 520481915.897093 2.83333333333333 2.06169931424527 36 0.134266519823727 0.134266519823727 48486916.1361036 0.172490980999999 48487381.4907494
3 eager_25000.dot 19100037384 1.24403995586722 1.2868058147991 36 114.061693119614 0.388397216857465 1450.39155261302 5688361270.93032 2.1854935759191 2.75149341960451 36 6695.96716742877 0.678428614266273 4320971745.98201 1857.31890556303 4320942436.85063
3 chipseq_8000.dot 4605965334 1.17394170288959 0.810563421235794 36 16.3918519613748 1.52773993021726 42.7807906089999 2162740179.35576 2.8125 1.89208564668262 36 0.000843032164809581 0.000843032164809581 143310970.687501 56.3944567810021 148268406.166763
3 atacseq_2000.dot 2223941232 1.28931350058801 0.860044422744844 36 20.5443756631539 2.15254492405083 2.25586067 130983909.485793 1.79261982570806 1.7296961305044 36 6.7226711607904 1.43828476523686 53524626.5380243 0.938642756000005 53580883.8828338
3 methylseq_200.dot 6273818718 2.05406746031746 1.76917018726123 28 3.37195501103062 0.0445311669527214 0.091756223 3285905.80413185 2.42906746031746 1.73725625764054 34 4.91060503608317 0.659404589359904 7905064.16959864 0.010267869 7903192.72188396
3 atacseq_8000.dot 11187378708 1.17457000993587 1.14900080446597 36 51.3229922440924 0.58533243780136 52.3291523639998 1973091758.82471 2.15128726287263 1.64115397470435 36 18.1047225026644 0.604336225325007 492646424.604891 64.4488380729986 492663643.115318
3 methylseq 8885797810 2.83333333333333 1.58815195539342 4 179.825045495668 179.825045495668 0.003379884 1687893.07621787 2.83333333333333 1.96034138877771 5 356.474433287763 356.474433287763 1688698.39578179 0.000377745 1690287.29222738
3 methylseq_10000.dot 22500260922 1.27168010061168 1.3777116328123 36 57.3563234658363 0.0560450673194487 149.730085904 1491556067.98594 2.68654128317994 1.48982803948119 36 55.613304338744 2.1255373748132 856970307.137454 182.880185078004 856959546.519316
3 methylseq_1000.dot 6761426956 2.48919487473704 1.92465336445319 36 86.4291831358827 1.81497034765244 0.841568610999998 185519600.139145 2.83333333333333 2.11339187384163 36 0.346621582733914 0.346621582733914 23252557.8327208 0.168601645999999 23253540.2612121
3 chipseq_2000.dot 3793245764 1.20989749965225 0.701924310750891 36 14.821927615586 1.56340375489087 1.763345222 448176107.203303 2.8125 1.87866766910106 36 0.0027846896913105 0.0027846896913105 39277599.7205376 0.945222850000014 39703650.2747083
3 methylseq_25000.dot 22500260922 1.92008880150976 1.3819966224494 36 61.7698632626843 0.0563767768533213 1681.95896817302 3737509601.9691 2.68376273537099 1.49069018336149 36 124.365866165196 1.49427233779721 2136013219.8097 1593.66511761504 2132320449.23181
3 chipseq_30000.dot 3793245764 1.16150783901252 0.520069354344845 36 6.42111032738708 1.74385815525714 1917.27286904399 7040059603.18296 2.8125 1.84358081416303 36 0.000440254948815213 0.000440254948815213 564487505.549989 2216.64860850062 573468037.386752
3 methylseq_1000.dot 8885797810 1.97826225537069 1.92336392449173 36 166.584163384771 1.84112832041543 0.884518891 248693360.892025 2.83333333333333 2.17398574151772 36 0.302230495179194 0.302230495179194 30399777.4100433 0.175658391999999 30398629.0245259
3 eager 19132169434 2.88648648648649 2.63924075365666 8 1280.81062775281 1280.83133144057 0.038328593 31737433.9853028 2.54761904761905 2.57651321192138 9 582.96015314754 582.96015314754 18825639.0417769 0.005036027 18027226.361288
3 methylseq_10000.dot 17027257018 1.41181234398521 1.9470889701691 36 374.727156045018 1.60139759904082 150.654829403 5102770218.28351 2.83333333333333 2.11843044964952 36 0.601582208404347 0.601582208404347 438245757.1413 166.665497927002 438243126.020681
3 eager_200.dot 8330435694 2.72822822822823 1.72081481759083 12 133.633516779746 133.615088204585 0.138911143 8136904.18888328 2.85371085371085 2.37250080169007 18 77.6046635629975 61.7622556931347 5903995.08549219 0.021764945 5182424.42639144
3 chipseq_10000.dot 4807293396 1.18972339273092 0.948409681066066 36 27.5322309166443 0.932660838773334 83.0187610789993 2671694813.23359 2.49819862155388 2.24872859768124 36 0.144658662112537 0.144658662112537 204174062.429346 133.824412185001 204173342.116656
