algo_nr wf_name inp_size avg_spread_dyn cv_proc_load_dyn num_used_procs_dyn idle_to_work_dyn idle_to_work_30s_dyn dur_alg1 ms_1 avg_spread_stat cv_proc_load_stat num_used_procs_stat idle_to_work_stat idle_to_work_30s_stat ms_perc dur_alg2 ms_2
3 atacseq_30000.dot 14091675276 1.07810358588011 0.747696262544338 36 2.60629910515139 0.00988962394546359 2110.31237973102 718424295.746143 1.35304370411653 2.05558006120429 36 147.159682606191 0.572947727637588 2934223628.50908 2639.74538336809 2933584346.45109
3 chipseq_15000.dot 41366257414 1.0983420620837 0.866780230697651 36 3.69760117935153 0.0012758358137143 342.896210702 1453233153.95832 1.35449956276333 1.52528676205397 36 19.3459059333096 0.321030184959502 4520714978.07328 440.113241657994 4521236733.14043
3 methylseq_15000.dot 6761426956 1.12771381126067 1.79555194837199 36 20.3915011675781 1.38949519169993e-05 504.728523205999 223438481.542085 1.68067787563384 2.31512126435585 36 36.8155296671099 5.87517871749987 423088147.107422 545.948737374013 423089448.238311
3 atacseq_15000.dot 3908761308 1.08165751092518 0.181524537023742 36 0.333468874317439 0.0255045212377233 331.591422578995 96766014.1833611 1.44849528425375 1.47210793239018 36 22.5024946382598 0.326528198724047 500448494.68394 441.042661209998 500377158.431559
3 eager 19075314980 2.32792792792793 2.49954898767488 8 17.9744065174559 17.9386707844758 0.038183165 5304101.21607759 2.81981981981982 2.52998257220056 9 70.2233462119129 70.2233462119129 4799488.90530442 0.00581698 3311138.11653954
3 eager_1000.dot 25705994498 1.46341111028611 1.76971895155418 36 73.0889325308948 0.114744567931856 1.018935246 30967427.1353566 2.35098938223938 2.15777774116963 36 44.507947439961 0.475955901917825 43694337.2463164 0.233407683 43698478.0239906
3 eager_20000.dot 8330435694 1.23683868347253 0.89348560136545 36 8.91757216639778 0.0426860148787936 861.374065056995 114608665.842818 2.56074121651048 2.27186021873414 36 881.427536548986 0.195032780180029 347458136.877881 1444.66958322 347465834.087527
3 eager_25000.dot 14754556884 1.22691531872745 0.919361704881222 36 11.2874378864464 0.0140987680994329 1621.315182928 316465381.4715 2.08973385994664 1.7731040543946 36 537.445537321352 0.239689785398467 1003017101.17679 2315.03129739615 1003072812.13123
3 methylseq_1000.dot 110641579976 1.23325046216613 1.92396612871639 36 151.439151164511 0.00183655757187899 0.679943739 237880888.418368 1.68072289156627 2.36018084746469 36 105.525758196237 104.467004369398 468598659.835369 0.170584459999999 468599774.648793
3 chipseq_200.dot 5058052541 1.26541241496599 0.846285650423432 14 3.25825613300263 0.130419219920644 0.061207111 3408625.58300807 1.51339285714286 1.74844600634395 20 5.52485097367388 1.12365111199968 8491051.55878167 0.00933174299999999 8444206.58897586
3 atacseq_30000.dot 11809629756 1.09967838659608 0.649344283712223 36 2.18138284417382 0.0162867765989197 2231.217319117 334273652.43967 1.44168042740865 1.42361327465158 36 25.2013604036689 0.556838470102184 1368245912.37857 2664.36137853511 1368214978.77763
3 methylseq_1000.dot 6273818718 1.23763307197042 1.21018080323942 36 14.4435119485536 0.00547875058994223 0.689086177999999 12282876.9647815 1.61283228150698 1.64280626205912 36 13.2803116780144 1.13259533645262 35425055.4069933 0.168403790999999 35424589.2714562
3 chipseq_4000.dot 41366257414 1.0852777659971 0.839238404484482 36 3.52913829374673 0.00116532543403869 6.70715834599998 382606770.196321 1.35272536687631 1.51045572808486 36 7.11523028018444 0.321568794631296 1225153405.70248 5.58859662899998 1225148635.92233
3 atacseq_2000.dot 14091675276 1.07960571243443 0.798074592754139 36 3.44010427298236 0.0092502080853678 1.677343834 48639354.675928 1.35726346093993 2.21688355658991 36 20.8464493200344 0.708725008093807 223296189.981306 0.866916824000005 222751669.171424
3 atacseq_1000.dot 11809629756 1.17984354071854 0.931977194967603 36 3.55210258152528 0.0158803317181855 0.548740731 11256853.9056984 1.4668082010582 1.68808742051749 36 3.92429319318538 0.541053297590075 44750095.2578496 0.164224645999999 44318128.1160038
3 methylseq_200.dot 17027257018 1.77827380952381 1.76217998866325 28 3.92987068878105 0.0189291294470777 0.081467649 7727345.26799135 1.69791666666667 2.41327399769523 30 13.6376249414645 11.8741278145059 13153267.7906714 0.010130358 12747059.1278741
3 methylseq_30000.dot 110641579976 1.11287319160471 1.84823895848299 36 23.8221876160715 7.1471016123663e-06 3481.76598626996 6976361682.41881 1.68122804677426 2.34327703958924 36 215.468773047197 12.6192395431475 13041130621.4009 2681.21374616196 13041128691.3353
3 methylseq_8000.dot 110641579976 1.12018168962613 1.85157871475884 36 24.0258738583825 0.000260591885069816 69.853259919 1862944218.72883 1.67784451117784 2.35751965641971 36 91.6990880925446 80.6963929788057 3331105687.89935 86.5306517180008 3331108651.15574
3 methylseq_20000.dot 6761426956 1.13243789579327 1.79822721691215 36 20.5475024943768 1.13232583123537e-05 1237.278095339 298114258.146625 1.68153928237962 2.30884374403996 36 46.7372057770588 5.93948101567636 580591391.093206 1245.00849632904 580594543.308907
3 atacseq_8000.dot 3908761308 1.07687779328383 0.204460610433363 36 0.398024864505536 0.0242500710233215 47.2424662619999 52689776.2062726 1.44908746289844 1.49973653808248 36 16.6926062087216 0.316527443608543 258911066.361149 61.5184514189998 259153272.084018
3 methylseq_8000.dot 17027257018 1.44375526319971 1.87864018727775 36 9.02894489095907 0.000239435458963893 71.596553126 278347676.993108 1.68526860193527 2.35281214319911 36 12.8661596958926 3.16083315511656 455771662.073995 76.3687412860002 455773960.616284
3 atacseq_10000.dot 14091675276 1.08173610785917 0.781286102377944 36 3.00589714151104 0.010328348663256 100.785763855 240260849.010199 1.34643063822751 2.10187229920185 36 34.797250386357 0.616286262590352 967434136.760378 134.741007754001 967472597.948061
3 atacseq_20000.dot 11809629756 1.09799837980199 0.650708977689375 36 2.18902382809703 0.0172596243998593 682.56600750299 224755380.900511 1.43923559441138 1.54761018016164 36 13.856014451684 0.5319586809477 924113604.458918 999.823325260004 923632356.117358
3 atacseq_30000.dot 3908761308 1.08154601053802 0.138943795771567 36 0.273470128323377 0.0300628229191998 2166.54698159597 186812437.466841 1.43884064028733 1.48779898382508 36 20.5267367745036 0.351405778773621 1022839898.20973 2740.76732587008 1022982718.53979
3 eager_2000.dot 25705994498 1.40780935749975 1.35059619558849 36 30.8926100688086 0.119940300354261 2.99107403 54303720.8023418 2.39127640036731 2.0020649253008 36 72.5153039845933 1.58367798632311 101670347.049223 1.142548371 101694052.65655
3 eager_1000.dot 14754556884 1.41799710954123 1.76968471765053 36 85.0903296406137 0.0657057307232766 1.319905456 21685376.5975727 2.17606177606178 1.92693874899359 36 266.328924344972 0.374509749278258 52001089.3252829 0.242796028 52007816.5627536
3 atacseq_30000.dot 11187378708 1.08657658165232 0.655687443420645 36 2.15917913278869 0.0136600119774104 2158.073568338 365388487.417671 1.43221639110781 1.36208598630513 36 16.8451477206275 0.514129947138934 1532846741.38795 2709.93422173803 1532938133.46693
3 methylseq_10000.dot 8885797810 1.11923975939584 1.80442434471617 36 20.9171917316202 0.000316972624971186 170.471854764 193997658.82899 1.68160597572362 2.32493328185198 36 43.2510125042902 5.25389487126116 377094970.194865 187.937745892001 376903348.45116
3 atacseq_4000.dot 11809629756 1.11116127147341 0.702736080030834 36 2.4869231303037 0.0119237811688623 7.82287226600002 43947899.4560694 1.44645580454404 1.60968240090131 36 17.988295422019 0.595674702714476 189442877.076132 5.80240085899996 189380222.970225
3 atacseq_1000.dot 14091675276 1.08932174116733 0.897723609576963 36 2.40566034441857 0.0100572744195463 0.505683337 24744445.6007383 1.36474338624339 2.11072433025608 36 12.1772881644401 0.59336173644759 108774906.371758 0.165710498999999 108722113.986488
3 methylseq_4000.dot 6273818718 1.13925830592497 1.21274917178465 36 12.165516623218 0.00166972456752 11.525936988 46737675.0440607 1.60284093617427 1.66873415875461 36 63.399605083069 1.80039862253403 136991434.614916 6.14581141600001 136904507.035935
3 chipseq_1000.dot 4605965334 1.09075152945345 0.449373157481745 36 1.12481328027197 0.017377975279517 0.550514844 9915054.53832427 1.50667735042735 1.92584904860481 36 2.74922901714653 0.246105666943191 35492961.3919053 0.162183074 35417464.063961
3 atacseq_200.dot 11809629756 1.35259920634921 1.08871837378848 17 2.56959268153638 0.104669840409271 0.067998046 2994353.06198666 1.40506613756614 1.6331016913909 28 3.60257163126224 0.759674815113572 7363209.33674457 0.011273616 7310738.9415892
3 eager_8000.dot 19075314980 1.33538531084452 1.01261622231765 36 16.8154055032885 0.0303752894191967 67.1714432089998 117905434.38798 2.56520191186857 2.37845393896699 36 609.462042928243 0.429247257783838 300547951.73809 104.607684544001 300486840.505963
3 methylseq_10000.dot 110641579976 1.12564390835701 1.85028988057014 36 23.9709162938209 0.000434583055304255 154.227106042 2336763456.22398 1.68220621581966 2.34383469938559 36 125.108816766097 17.3869470733311 4361473962.78727 182.796676392003 4359124418.75792
3 methylseq_2000.dot 22500260922 1.23105118888251 1.21623633038833 36 12.5696810941012 0.00566229729412467 2.312213693 75170369.2674494 1.61531841652323 1.62286811949523 36 14.1871082066496 1.40062021981328 176590256.540984 0.920238683000002 176588514.319514
3 chipseq_200.dot 32978181418 1.29783163265306 1.09448104977678 16 8.12452874893946 0.0562997582693391 0.053240575 17954538.6939082 1.57844387755102 2.07328079120635 22 17.4653576151971 1.23348451992296 51390449.1428408 0.00906373499999999 52173529.7607185
3 chipseq_2000.dot 4605965334 1.08555032783672 0.349553199197218 36 0.741522906709501 0.0238558320151166 1.727965659 20198332.4610617 1.50259945750452 1.90147725369079 36 4.00493312587685 0.26812414228609 73594887.5785927 0.872613895000001 73509431.517844
3 methylseq_30000.dot 8885797810 1.12228065829509 1.81409731058966 36 21.5064941363194 1.02505597252918e-05 3594.77930358299 581677715.631981 1.68131697123294 2.31426753585791 36 71.5294424342851 3.74268247938334 1096368271.85717 2628.96772742108 1095405920.12943
3 eager_20000.dot 19075314980 1.23690918960353 0.983782456201999 36 12.7378744091606 0.0202371129403295 828.681990496 273514744.529964 2.5420289077094 2.38404740844664 36 361.862176962076 0.411865652158343 707619083.4594 1383.02315003501 707628859.052732
3 atacseq_8000.dot 11809629756 1.11541994451428 0.672064554745771 36 2.29672999795574 0.0160654623526316 48.169864883 89214100.062124 1.4483362369338 1.39753200182065 36 19.6166293940975 0.525470974755245 357182679.089322 61.1635825230005 357004406.792729
3 eager_30000.dot 19100037384 1.24110749397494 0.960862604679011 36 13.3472218137087 0.0213352342147891 2814.34429554903 413007883.671941 2.33777516021611 2.15142536452893 36 1292.24648856655 0.279173010012654 1198266619.7351 2997.22853477616 1198327083.45457
3 chipseq_200.dot 4807293396 1.38637329931973 0.825825530920841 14 1.11937220083534 0.039360200073121 0.061450751 2294599.44809024 1.57738095238095 1.48526662740692 18 5.73033433264788 0.578860973577311 4482460.21611228 0.009408363 4419307.31157411
3 chipseq_200.dot 3793245764 1.26594387755102 0.608356834521691 15 2.52942530040724 0.109346369842808 0.066670222 3365980.63609688 1.40922619047619 1.17985728589419 18 3.66708384686916 0.504443939269013 7822610.49830769 0.009429933 7959420.72645815
3 eager_8000.dot 19132169434 1.33723476591379 1.02503363070828 36 14.4097306218555 0.0324452933489606 66.6749313369997 123561517.023945 2.35935663935665 2.15449114214261 36 431.443810806141 0.302267690220757 331471890.992703 100.108224901001 331184626.311557
3 atacseq_10000.dot 11187378708 1.10211646032749 0.645330995175441 36 2.12611738688411 0.0128196148529308 98.0618608239996 120952621.755079 1.4348468760334 1.53592551063782 36 6.52369955693272 0.47584493374628 493714209.292186 142.179915027001 493868264.792076
3 chipseq_20000.dot 4807293396 1.09020426538415 0.388124407132932 36 0.904647816781193 0.0343357735190001 719.01380226099 168840763.187941 1.49885645747661 2.20517231714694 36 6.01137288357058 0.299166933489678 583667842.363082 1056.39566489501 583859183.929956
3 chipseq_10000.dot 5058052541 1.12829333365048 0.387879492764234 36 0.887084359808959 0.0351456277665793 91.6824295190008 99074717.2726047 1.49109194116243 2.13635519737943 36 14.8981280672434 0.283062046080388 355089543.391248 146.155149852998 355189056.364399
3 atacseq_4000.dot 11187378708 1.11998262167848 0.718821298342495 36 2.51257752841633 0.0132129621021838 7.72957222800003 47349897.9737789 1.45457613600996 1.56660702315176 36 5.04579535384415 0.488533426142421 185553252.188227 5.78355403000003 185625958.069415
3 chipseq_4000.dot 32978181418 1.14201436666059 1.05265240049706 36 5.05598277242809 0.00195869761040531 6.32926182799999 330492938.356259 1.47594246031746 2.35277753557987 36 26.2018469702612 0.411488984951355 1068756204.5435 5.31746512399997 1069443814.02388
3 eager_4000.dot 19075314980 1.40700200579597 1.04359824297984 36 19.7659751443797 0.0437965793278873 11.623303612 61700366.6161906 2.57409966663698 2.35642871956937 36 151.62347161488 0.409696220167475 143055908.485501 7.745922324 143046497.275844
3 methylseq_4000.dot 17027257018 1.47784689451356 1.87933713648354 36 8.00048983267786 0.000338364013943784 10.026868897 139550662.302809 1.68601935268602 2.30808843263349 36 9.28725887748001 2.24848571814141 225440288.482869 5.79182350899999 225154915.520864
3 chipseq_1000.dot 41366257414 1.09091856327433 0.824304189295229 36 3.65713526055361 0.00110574122305056 0.446545848 90893639.3205173 1.3511713980464 1.69795607016667 36 4.03874243002439 0.387302864619078 320964311.156843 0.166199675 322127637.312851
3 atacseq_10000.dot 3908761308 1.07998447644086 0.202391607113725 36 0.385371450673336 0.0242039120934753 90.8196926700006 66335749.0710139 1.43415088148975 1.50634479304884 36 14.8758058437335 0.335582689170082 343356918.586322 147.877857643003 343347263.044843
3 eager_1000.dot 19100037384 1.47641173578674 1.8543389528678 36 58.9161464519106 0.112156296563955 1.244635768 25881933.7078121 2.24931774306774 2.16385666325974 36 137.383292477112 0.358526982792575 43737404.46799 0.233392533 43748830.9895637
3 eager_25000.dot 25705994498 1.2917604742847 1.25869739895001 36 20.5750944561172 0.0406739847986956 1852.40251245602 540783329.550739 2.33726359683807 1.91000250193921 36 679.279017516704 0.386046581663217 1235934539.54084 2315.77836071215 1235954566.62364
3 chipseq_25000.dot 41366257414 1.08969117823283 0.927575718880445 36 4.12843819109673 0.00128460619781355 1338.34339616299 2442351598.49011 1.34128250274083 1.55709597516342 36 28.4116098818643 0.358827728188551 8225517161.24506 1879.02966635505 8224989006.51402
3 methylseq_15000.dot 11897958606 1.48573038324841 1.86627042937981 36 8.98529347124787 0.000133433336840266 429.732075738 431511864.496338 1.68223467663019 2.33650814924094 36 63.6748761786258 4.16386735602856 725603932.598972 448.680582476998 725604176.491569
3 atacseq_30000.dot 2223941232 1.07977447908389 0.0848727200174653 36 0.145016949765149 0.0253788939270731 2238.20866375603 109712364.507465 1.3191805725941 0.831617202860271 36 3.42861413013552 0.338967484012345 298750269.416564 2670.13623845115 298861689.722557
3 methylseq_1000.dot 11897958606 1.49638235481609 1.93921539463915 36 7.89041807802826 0.00219204640627875 0.65756348 29155904.2914393 1.68273092369478 2.39699132780382 36 9.24938399738745 7.01090607291658 48035563.5907239 0.175336247 48034866.8104704
3 atacseq_2000.dot 3908761308 1.10783973958354 0.248629214335852 36 0.460324189446747 0.0184280285124469 1.899993812 12814115.1143417 1.4601741622575 1.51192784470729 36 4.95747688204091 0.300159870982521 61078128.7325751 0.910883077 61216466.3807353
3 methylseq 11897958606 1.83333333333333 1.57391361213318 4 296.973440363311 296.973440363311 0.003377794 3308313.56104748 1.66666666666667 2.20921959244652 6 897.780686600984 897.780686600984 3310183.6007735 0.000369657 3309667.23544882
3 chipseq_25000.dot 5058052541 1.11643040288871 0.365075335657632 36 0.814194635905018 0.0351822652362625 1331.98941784201 250370392.309081 1.48911113494448 2.12823907316022 36 19.358758732032 0.273905209036132 865240796.144071 1932.20727421501 864983500.241843
3 methylseq_15000.dot 110641579976 1.11993616056869 1.84869493707354 36 23.8577352720802 0.000369407022686514 486.086810005999 3498124671.68084 1.6803220354061 2.35374574074333 36 99.2231333148631 11.4446978705594 6431098968.73567 549.756420780991 6426972190.64686
3 methylseq_15000.dot 17027257018 1.4590010632845 1.8717111359542 36 9.42407343179773 0.000194045313060048 439.642244113999 522057180.613088 1.68325771728494 2.34657514746765 36 42.6731608034291 9.9506524712497 888768975.650332 468.762866378001 888769311.682663
3 eager 14754556884 2.00225225225225 2.59529755028979 8 192.174830556582 192.192379977773 0.038250476 5651668.38624316 2.53603603603604 1.77870115120996 9 215.326031794671 215.326031794671 5883222.19004308 0.005757016 5688294.25183424
3 chipseq_2000.dot 32978181418 1.10882965926479 1.06014127311798 36 4.97770808551263 0.00229428922912316 1.588918007 163577110.130741 1.51077456298975 2.30143668081607 36 19.7444428139434 0.368119191559484 489743127.732895 0.913975659000006 489775431.489211
3 eager_2000.dot 19100037384 1.38176760200402 1.16231884784521 36 34.4999863103632 0.0719480644095094 3.27172096699999 36768150.8586599 2.35041995951087 2.15972277146353 36 167.282312064112 0.272469455099581 89492311.4573065 1.170704164 87063413.1822966
3 atacseq_20000.dot 14091675276 1.08185594902728 0.768495558363167 36 2.69143021579164 0.00956878243198486 696.650262852003 475674382.928344 1.34348758112186 2.00152423056037 36 83.7580946591627 0.565293211300506 2012879599.5322 971.401627267 2012972006.00401
3 atacseq_20000.dot 2223941232 1.07861256318932 0.0803947058319162 36 0.142684258078279 0.0247825867285299 717.719019372997 73003399.8024159 1.31552226708477 0.841143208146848 36 2.14370243276246 0.35706697146639 202672522.935477 987.978608813018 202706561.280621
3 chipseq_2000.dot 5058052541 1.13268258640094 0.474920981648556 36 1.15482643721475 0.0283464255657401 1.74960699 21171676.2084505 1.51294077757685 2.15775422453315 36 24.4791041267977 0.289162491937487 74224181.8053322 0.890286329 74198981.3640436
3 methylseq_20000.dot 11897958606 1.46218328601284 1.86737716822238 36 9.2352233559233 3.2218751264047e-05 899.329073192003 575338814.409065 1.68093904228358 2.32353933046914 36 35.5111607359863 9.75310582749738 968537748.051829 1130.72140231501 968537753.255635
3 atacseq_25000.dot 14091675276 1.08406659367107 0.757477929653499 36 2.61903709527469 0.00990206944731745 1189.11951410899 601487252.486424 1.34720077918321 2.09112896386356 36 97.403346523025 0.60699001894286 2493463411.55979 1938.66574992004 2492978398.69406
3 atacseq_4000.dot 14091675276 1.0854619934457 0.801129026868629 36 3.21369884981873 0.00868608084821865 6.58647812100001 96437796.452647 1.34912659508248 2.0856536171118 36 19.9878264663803 0.615054713122133 400024304.750798 5.34769584699999 397649098.404593
3 eager_200.dot 25705994498 1.89474474474474 1.23180387428782 12 109.765308601005 2.79595463129646 0.136807332 11426414.5945677 2.494851994852 1.92990141660998 19 30.1499941629577 5.09225569616485 14852281.4860027 0.019664458 14883357.0891877
3 chipseq_15000.dot 4605965334 1.11561276265469 0.31813552061937 36 0.667244311383848 0.0238075172290717 345.816352930002 152686342.244696 1.50631757293902 1.78353405562355 36 4.26283545060345 0.223782826381563 550727448.252157 427.748309535003 550730137.340076
3 atacseq_15000.dot 14091675276 1.08544235907038 0.774925806098987 36 2.9428179493075 0.0103186626386051 331.962234159 363231899.879888 1.3631732597553 2.03680056288966 36 46.9533273182738 0.556564841439617 1471032360.30153 419.129336344002 1471041323.56838
3 methylseq_200.dot 110641579976 1.79861111111111 1.75834634622615 28 3.55984133607903 0.0201691358211763 0.078613049 51859138.0952582 1.70833333333333 2.44192267496264 30 121.152809375356 117.866766627618 98065228.770071 0.01005807 98066110.532985
3 methylseq 6273818718 2.83333333333333 1.58225716446142 4 44.7558860228564 44.7558860228564 0.003321493 537589.940354013 1.83333333333333 1.9158922911445 5 8.4564558871109 8.4564558871109 991908.454552108 0.000364467 540241.260557681
3 atacseq_15000.dot 11187378708 1.10553730575702 0.637718695654281 36 2.04581349896641 0.0128645341169593 339.110078910998 179763552.266563 1.44377264867174 1.53286009780709 36 26.2804578006211 0.510604028852545 748616819.153085 447.681958413 748363087.177665
3 eager 25705994498 1.82689832689833 2.46274388237569 8 178.420769838733 178.436465700771 0.036867361 7272227.52856312 2.9009009009009 2.27325185967114 8 75.6107273004119 75.6107273004119 6821314.46122429 0.0052476 5187833.63187091
3 methylseq_4000.dot 8885797810 1.1450299505855 1.7908216024164 36 20.0677756600288 0.000813866150403361 11.869121219 77867149.0744134 1.68685352018685 2.33818188222686 36 47.808679440773 8.85498009257444 142206684.92775 6.10890621399998 142205133.243783
3 methylseq_20000.dot 110641579976 1.11868398152915 1.84782986857396 36 23.7881426248133 5.31867776921564e-05 1068.519688621 4652104440.04571 1.68180605575564 2.33573999540815 36 46.6012203014478 13.9965817786671 8515492637.99096 1321.82533059502 8515428821.27945
3 chipseq_2000.dot 41366257414 1.09020877592871 0.844835245354688 36 3.6197652899672 0.00117122710896992 1.515433976 188090294.703091 1.35175557564798 1.59778894708841 36 5.53472844028697 0.36722255394189 623783344.698665 0.866102120999996 623277527.723636
3 chipseq_15000.dot 32978181418 1.13504472537756 1.11714083415549 36 5.43064998534468 0.00215995250457349 351.203468306996 1264204935.12111 1.48725057635741 2.31307417113883 36 36.1811281320887 0.396753215493144 3860470360.46077 439.324314715002 3858121689.25993
3 chipseq_8000.dot 5058052541 1.1054644154174 0.392301617499077 36 0.905743408104657 0.0317749915032275 46.9780983940003 81598687.7702773 1.48332073816988 2.15055697817666 36 13.3473740252422 0.285027082610417 288110682.646924 60.6626387290004 288117683.391101
3 methylseq_8000.dot 8885797810 1.12295231739676 1.79947040790239 36 20.6561075219461 0.000503684084861016 71.5792719570002 155141683.419991 1.6825992659326 2.34555632537435 36 46.517538543402 4.04073380799 312366210.846653 83.4130584350006 312364604.50548
3 chipseq_8000.dot 41366257414 1.09975209612749 0.865897274701203 36 3.685423064619 0.00122955640034629 43.8402763890003 771415433.426965 1.3486854381251 1.5866650748551 36 17.2619911692396 0.345343358156386 2510656551.79802 56.7013633600004 2511146439.81045
3 methylseq_8000.dot 6273818718 1.1184875351542 1.20777564775693 36 11.7734027289444 0.000681602966178359 81.2613793950001 92915528.599721 1.6049621049621 1.66620825005054 36 50.3603154298882 1.54380101431143 261214293.778389 90.9618050350002 261126531.844639
3 eager_15000.dot 19100037384 1.26592378122267 1.03104171211417 36 16.202808487743 0.0266203403420865 433.161529772001 217859719.406452 2.36844716962827 2.12434013974116 36 605.193360799512 0.265053541143744 611911131.98503 576.721221184003 611820383.195737
3 chipseq_30000.dot 4807293396 1.09305427336077 0.387283587659015 36 0.903269795347549 0.0362250101461427 2187.20495205002 252006734.870832 1.50290296477224 2.1659739304208 36 32.3605112825958 0.286989229074985 887414488.128138 2661.15428248267 887394963.878162
3 methylseq_30000.dot 6761426956 1.34834304092006 1.78283953344217 36 20.5880253312956 1.3580892923673e-05 3297.52248449097 445711053.980282 1.68024987772887 2.31605673979746 36 18.7420683018625 3.47481249341032 818785713.405902 2426.698004306 818692441.916376
3 chipseq_1000.dot 32978181418 1.12505256495641 1.21924774650788 36 11.3022491364876 0.00327440932036479 0.453735926 80377143.227209 1.51472832722833 2.30273073896594 36 21.0354144672082 0.400453466149897 257077275.56978 0.163413475999999 257083046.829557
3 chipseq_30000.dot 4605965334 1.1081715190217 0.323248457903403 36 0.675137653767068 0.0233639442668892 2202.532041845 310226701.56421 1.49138543031892 1.80405868484653 36 8.13173633824278 0.226307731986099 1111335891.86965 2613.82887212228 1111346733.06038
3 methylseq_10000.dot 6273818718 1.12797023571335 1.21152814936898 36 12.0432736178935 0.000426394254407404 149.176365696 116411610.086996 1.60056403513785 1.63274503653317 36 77.1443192643549 1.15549296537633 326622951.605048 194.846074731003 326621454.295276
3 methylseq_25000.dot 6761426956 1.12940229166828 1.79349918380025 36 20.2646624635092 1.05594110216269e-05 2415.17409397899 372690388.521025 1.68082893262922 2.31731832970075 36 33.259664957885 4.34351291747518 696724927.14511 1775.58090425604 696723451.144634
3 chipseq_10000.dot 4605965334 1.11874230354024 0.317773099396494 36 0.649093839322834 0.0259564436437205 82.5970527130001 98244649.1405629 1.49247747344552 1.79522813904822 36 7.04271293747537 0.217722013212355 365321405.76507 145.678253910003 365344604.832191
3 methylseq 22500260922 2.83333333333333 1.58800554737188 4 178.473214901951 178.473214901951 0.003362779 2421893.17106465 1.83333333333333 1.98218773827387 5 223.733107830228 223.733107830228 2905304.06406976 0.000362002 2427052.41736592
3 methylseq 110641579976 2.83333333333333 1.59498239645514 4 1450.149805231 1450.149805231 0.003266765 16560245.0384517 1.66666666666667 2.20829534797384 6 7632.26271004481 7632.26271004481 17107214.3000286 0.000356414 17108460.9822615
3 eager_25000.dot 8330435694 1.1873537072371 0.823874691768989 36 7.17556630402638 0.041899239909509 1694.04526059401 141196057.770267 2.54850354637589 2.31041030716366 36 1791.56741337373 0.198291724296385 432676306.9721 2277.16321201816 432693522.659456
3 chipseq_20000.dot 41366257414 1.09178689609304 0.91390902097406 36 4.04786359924235 0.0013393356703896 737.547153706997 1950558610.48468 1.34228797902139 1.54110872315593 36 14.6990648151137 0.352120580782146 6515101661.31489 1043.72662271603 6515411317.47959
3 chipseq_20000.dot 5058052541 1.11883766395262 0.365945259351189 36 0.814961539706084 0.0333168684043514 718.466217487995 202395068.24229 1.48443180463675 2.12167007816735 36 15.1388701088441 0.279926042927975 720437946.436984 1026.68830611198 720606880.064862
3 chipseq_8000.dot 32978181418 1.13484003261629 1.07593057281223 36 5.19052157739141 0.00206394522251604 42.6723912589998 668228533.258785 1.47453911031498 2.35670297496488 36 20.1435242548809 0.397518667604421 2051346818.68116 58.512945018 2051965704.89414
3 atacseq_25000.dot 11187378708 1.08996110388113 0.650229284871492 36 2.13407645350654 0.0136572652376293 1307.947407166 302704786.695058 1.43382853835979 1.4160788855883 36 15.3146998491426 0.501372795933981 1266524893.09902 1932.80879586106 1266331985.99054
3 atacseq_25000.dot 3908761308 1.08384291425995 0.156960806913431 36 0.294588511156697 0.0288602407853599 1334.22526777099 157706028.28411 1.44526372354498 1.47082985422491 36 23.6000947397498 0.333131710094482 841156467.245174 2024.50644570402 841162344.888239
3 chipseq_4000.dot 5058052541 1.11680474268918 0.400296490141299 36 0.913454234506661 0.0303524524552613 7.01763815399999 40050293.2119973 1.4903414195867 2.18743076300222 36 2.31737620568554 0.296971687368903 145667039.413822 5.31861438300001 145879168.528589
3 eager 8330435694 2.00225225225225 2.59366867295159 8 82.2965243531049 82.2292257062008 0.037619861 3283702.33866675 2.91891891891892 2.45208653433851 8 15.3821512808474 15.3821512808474 3634538.01382114 0.005788071 3038195.86865428
3 eager_15000.dot 14754556884 1.22707459296647 0.93120150031995 36 13.0688564827373 0.0160802575374675 434.020027536999 197147501.329474 2.15001280906793 1.79393029824583 36 438.609269993898 0.232241785294392 554682312.113328 588.146961423 554689436.088436
3 chipseq_15000.dot 4807293396 1.09960222721073 0.39999466636272 36 0.949951900757188 0.0350649724520576 350.687849432001 127232644.247351 1.51026015581524 2.18521554036604 36 12.2863549621838 0.306077647960013 441788692.013615 464.228344044009 441897427.354234
3 eager_4000.dot 25705994498 1.36627657350129 1.33565399271764 36 26.4264253791528 0.0620235165757333 10.92711397 97015582.1252881 2.33831910996091 1.92706676855153 36 247.624661239729 0.312480372533553 194885532.643416 7.23337150499999 194669904.171867
3 eager_8000.dot 19100037384 1.34668660018503 1.01477280472266 36 15.040038788508 0.0333065407838127 72.8663375500001 119359632.657859 2.31896395229729 2.20692256721532 36 369.507424947658 0.296851694334447 323434549.94284 100.126984406 323420432.051349
3 methylseq_4000.dot 110641579976 1.18396571174349 1.85861144698463 36 24.5835395499402 0.000214020789553912 10.652839102 934647226.156018 1.68234901568235 2.38361297562256 36 117.84119358717 89.7966214353952 1835799459.31957 6.075205663 1835799345.08307
3 atacseq_200.dot 14091675276 1.29125661375661 1.17599504946662 17 3.72628727784357 0.1226079228651 0.063960122 7000288.15327376 1.34103174603175 1.90753241243272 21 5.89899354228609 1.01028271120469 16421009.7998598 0.011271953 16191219.0737116
3 chipseq_25000.dot 32978181418 1.13059547955381 1.23753192840133 36 8.69081480447711 0.00201283676414346 1214.18964517999 2135963420.74891 1.48654606987941 2.34516026848097 36 25.3431220357569 0.38423528821971 6161200346.0361 1967.42626990202 6160933377.66013
3 eager_10000.dot 19100037384 1.29875045522632 0.989299571569577 36 15.2036620516905 0.0372763598637624 141.775442489 152463347.859145 2.32898729821808 2.18176932180918 36 622.163048830252 0.281846504154334 423391556.46172 208.883645248001 423382949.732059
3 methylseq_30000.dot 11897958606 1.47496723557146 1.86621256741631 36 9.36021791759225 5.43173933654925e-05 3140.92972749099 862764076.266327 1.68202836690232 2.331548029071 36 61.1893799307306 4.53428249136059 1464799168.16988 2334.50727894688 1463753382.896
3 atacseq_25000.dot 11809629756 1.09444967835132 0.641315717234765 36 2.14681056252503 0.0168054023621043 1316.35718713501 279565562.672079 1.43764384920636 1.3911194272382 36 20.8458083013761 0.560819098009496 1173224937.01551 1908.82130020502 1173095846.84869
3 eager_30000.dot 19075314980 1.21080232473544 0.995024871646995 36 14.3965412679486 0.0184364445501041 2683.54488417102 408899489.437938 2.55193585941616 2.30114798962836 36 1052.45645979124 0.372305747766918 1058985936.4735 3014.91284459419 1057731910.35516
3 methylseq_25000.dot 11897958606 1.47588820560497 1.86760371016527 36 9.20162120208859 0.000135929861459392 1974.17040530099 719439524.663759 1.68146903504561 2.32627675950606 36 70.2496543546272 4.10091601655124 1226720196.28193 1710.90030115407 1226658394.37876
3 eager_15000.dot 19132169434 1.32489291252489 1.01915740516369 36 19.053813357035 0.0305649652401344 446.138809423999 222294448.028517 2.3446213678497 2.15849119587676 36 621.62698848755 0.299422621007776 645016476.419499 571.097630825997 644986855.424697
3 methylseq_30000.dot 22500260922 1.10882977529639 1.23287827212399 36 13.6310276906932 -2.79124481456945e-06 3296.26450612103 1054356526.76894 1.61354700610401 1.60875720624847 36 85.125674807448 1.25271966837422 2700620756.24908 2596.56968836124 2700621241.75145
3 atacseq_2000.dot 11187378708 1.10544691635738 0.691875265872003 36 2.28271963643325 0.00941104112353524 1.964314855 22933976.0963827 1.42665214233842 1.50805343375795 36 7.40707498805473 0.482143869220943 103555852.304786 0.869443110000003 103501233.195129
3 methylseq_10000.dot 11897958606 1.47154417322484 1.87090515089984 36 8.92594505063587 0.000442390288553585 145.769768313 288277233.85572 1.68327330932373 2.32028583821511 36 57.3196192966376 2.73221054117857 483407425.596005 157.601550849003 483122162.515639
3 chipseq_25000.dot 4605965334 1.10358850983849 0.317575258887832 36 0.665401575594427 0.0239482579272164 1308.65446060998 258208783.61763 1.49976464559799 1.78683687172524 36 5.64020281282072 0.217435028644668 916622014.316872 1914.710933344 916638752.268048
3 methylseq_30000.dot 6273818718 1.12163330940845 1.21521213598294 36 12.2395926652219 2.82220970809839e-05 3510.422737438 348132147.951533 1.60227583096728 1.64096506875087 36 116.809738247249 1.40845898007715 1003547992.39898 2676.27992023598 1003551562.33433
3 eager_30000.dot 8330435694 1.21555624749082 0.797082322426239 36 7.84664668932529 0.0465936773633859 2903.70151345403 189972491.980202 2.55599710816245 2.27862204235424 36 1068.7713587438 0.183489035126235 516181404.883316 3060.21822389121 515350871.339219
3 chipseq_200.dot 4605965334 1.26849489795918 0.761941678231726 14 0.667602976842463 0.079951429698577 0.063864307 3344899.71092553 1.50446428571429 1.37341033774621 18 0.705700579001719 0.512302778219255 6634810.5477602 0.009399852 6500987.07870099
3 methylseq_15000.dot 6273818718 1.11364541368547 1.21492861365733 36 12.2265188405987 0.000347318758209405 475.700612146998 174257303.918379 1.60170040794541 1.63910055575108 36 121.543054988088 1.22842502515982 481072847.274828 538.927067984992 481072070.648808
3 methylseq_2000.dot 11897958606 1.47368043602983 1.91023038748631 36 7.83654316594605 0.00150638890861531 2.245762281 57910325.9030599 1.68239625167336 2.31029734396593 36 11.2238724200364 8.48643681645932 97474878.6741184 0.891566914000006 97478174.5153749
3 atacseq_200.dot 3908761308 1.3722601010101 0.8942498525647 16 1.63974392768331 0.11423606831789 0.073345691 2784457.6950338 1.63634920634921 1.68894025110531 22 3.83864048071995 1.16245372719261 6258534.05978571 0.012080254 6399822.1695854
3 eager_8000.dot 8330435694 1.27471261675595 0.971260002346297 36 9.28882359023475 0.0410796697749948 64.1499709589999 48388995.2199571 2.53991229324562 2.29454064934742 36 1166.34656715758 0.18770660589829 144321454.54972 94.6141405710021 144336905.337115
3 atacseq_200.dot 2223941232 1.33020502645503 0.899597811774326 16 1.81220216204728 0.0980410324123444 0.071697036 2026328.75315624 1.40740740740741 1.10949180358712 26 2.02782649172311 0.606191825399098 2473955.36331678 0.011571779 2921167.11726037
3 chipseq_2000.dot 4807293396 1.10266184237703 0.466123969168901 36 1.18117861132073 0.0331049404039999 1.83044809100001 16895643.5617058 1.51390144665461 2.16391909117665 36 1.93367603247549 0.271881477466867 55759617.9720976 0.879756677000004 55673155.0369653
3 eager_20000.dot 19100037384 1.25323474430545 0.990474086720972 36 15.4519368524396 0.0215297072112461 854.248716173 285061591.327122 2.30702571856417 2.17464438160194 36 669.368560365569 0.285736468529077 836627916.368757 1446.715657005 836691182.065126
3 eager_10000.dot 19075314980 1.29392362830175 1.0253117259179 36 16.7438089315751 0.0271197554415197 138.402495405999 157418667.672477 2.54074020227865 2.36919413502039 36 618.226972175119 0.454803042384801 379357359.863308 217.785207102 379355438.585768
3 methylseq_25000.dot 6273818718 1.12338799604765 1.21554736484682 36 12.245904228352 1.31061517856294e-05 2410.75391266 290021404.891618 1.60068658604424 1.65226076933426 36 137.215271815484 1.43137883449877 840200897.600331 1849.3210002211 840201058.981323
3 eager_10000.dot 8330435694 1.25327500032739 0.906195291124738 36 9.37322843101242 0.0492232709344785 135.170435808 63154644.210051 2.5507209353363 2.29946549084429 36 254.546707021652 0.188948315500557 176171303.723972 208.256562801002 174327956.206318
3 methylseq_200.dot 8885797810 1.66220238095238 1.74734763415781 28 3.83607390728599 0.0392239825191011 0.080436268 4699299.84027281 1.69097222222222 2.30590238456117 30 9.67367703281752 8.80702484628579 8577415.29997978 0.010019246 8155919.04089666
3 chipseq 32978181418 1.5 1.23731995370502 5 17.3428959550186 17.3428959550186 0.005977839 13213932.0442766 1.66666666666667 1.35327062734545 7 5.79095849897308 5.79095849897308 12578662.5788048 0.000729731 12393300.4325192
3 methylseq_2000.dot 6761426956 1.14627557850449 1.77899633046333 36 19.4223206731445 0.00222557974449698 2.440789841 30106810.7876218 1.68708165997323 2.3621336544752 36 9.02293381449341 5.22128843570709 56717519.2141128 0.875231015000001 56698563.174057
3 atacseq_20000.dot 3908761308 1.0777541699693 0.191369269112602 36 0.351544671790654 0.0249624746302978 718.217802526999 129451845.945496 1.44160401682375 1.48206062345144 36 16.9935438630316 0.321428402203237 654567075.439176 1054.745712412 654617876.732447
3 atacseq_1000.dot 11187378708 1.1385062021312 0.826021311260199 36 4.56586059385741 0.0136066629088278 0.57601957 11973181.5789443 1.49441402116402 1.76871371399227 36 7.31338473346802 0.557696173140437 36946810.6006988 0.172994385 37161353.5622304
3 eager 19100037384 1.93693693693694 2.49468885916937 8 69.1916617005594 69.1818557239838 0.037847463 5574018.24291738 2.81981981981982 3.08308039487063 12 239752.235331126 202.002319389147 5509891.25952762 0.005821181 5089045.02717688
3 chipseq_10000.dot 32978181418 1.14547096595969 1.07739481080157 36 5.229971077473 0.00214495307549566 94.929889278 836955525.907871 1.48290368779091 2.30916624727225 36 24.3083561402091 0.365194506162892 2410645648.88035 152.020316456003 2410737072.82134
3 methylseq_2000.dot 110641579976 1.1881653598521 1.89510665150198 36 29.0662573920127 0.000285605763138624 2.312196644 465143704.055494 1.68674698795181 2.36651616123849 36 82.3676739201167 79.3592860585606 839961803.236501 0.937282882000006 839962618.344826
3 chipseq_8000.dot 3793245764 1.10510185999998 0.190194828718895 36 0.345670351810156 0.0217004867367883 43.9837934870003 75411656.4981769 1.48693368413196 1.68519823695556 36 4.3071607400027 0.197143749669256 289734045.225236 59.6921231800006 289930197.189205
3 eager_25000.dot 19132169434 1.23779928217711 0.995348655626836 36 13.2762056798181 0.0206700580395132 1772.71094793498 359921570.84748 2.33878021963127 2.13547373756106 36 756.995194882946 0.273373621899506 999018687.441998 2328.30930920018 998619211.62773
3 eager_4000.dot 19132169434 1.39281403287227 1.07717993026528 36 19.8787187358699 0.060270228386293 11.284131433 70336070.0143045 2.30369772757832 2.23689414568279 36 218.743405711033 0.343125997902592 163854980.78838 7.63706967000002 162869771.541273
3 chipseq_1000.dot 4807293396 1.14276748892134 0.655889072880542 36 2.10006175387349 0.0304348866817052 0.558954778 8786793.7012678 1.5178952991453 2.28931198642925 36 2.22422710253152 0.321568819625943 28126366.2124647 0.163574665 27994683.2519833
3 eager_15000.dot 19075314980 1.23962331509749 1.01482650782719 36 15.0624899118072 0.0243588886040456 425.723723801 211167235.084167 2.55448913007969 2.29290075128166 36 818.153067635719 0.347843671433998 547990642.898922 581.911878405001 547997331.558164
3 methylseq_200.dot 6761426956 1.58978174603175 1.74158720521963 28 3.34527624770388 0.0332544182010928 0.081327615 3539959.90139178 1.67708333333333 2.38389797844573 34 4.7902959213175 4.44705263900368 6941716.09651355 0.010123255 6498244.2975775
3 methylseq 17027257018 1.83333333333333 1.5698992289266 4 194.601316027634 194.601316027634 0.003426904 2854886.83650068 1.66666666666667 2.12600791528486 6 475646.392427083 475646.392427083 2858025.26584743 0.000369501 2857299.48908971
3 eager_1000.dot 8330435694 1.46398916398916 1.51329304010993 36 31.2858651545891 0.126447507545066 1.189209388 13418711.7183403 2.60580101205101 2.39581752217233 36 189.187111132266 0.303449491710175 17864402.2004668 0.243244716 17766667.7014681
3 chipseq_4000.dot 3793245764 1.09692469480205 0.256288528968296 36 0.512008044214635 0.0187049322937607 7.04292340500001 40778246.4336145 1.48693471099131 1.69623561395778 36 3.10361105386169 0.215689510864289 150733681.286798 5.66658966400002 150901715.709435
3 methylseq_200.dot 11897958606 1.55431547619048 1.76251565740144 28 3.80572658427482 0.0228872388716835 0.081632825 6489387.99050528 1.6875 2.41388863509828 36 6.98550655996261 6.98550655996261 9836314.24003126 0.00999449000000001 9221006.9042011
3 atacseq_1000.dot 3908761308 1.13060342435342 0.527289675194316 36 1.66961042996781 0.0120975482760598 0.569706884 7096604.53336614 1.44314682539683 1.67771679261038 36 6.30125080430384 0.366267277499553 34177144.9897773 0.171655035 34116778.715373
3 chipseq_1000.dot 3793245764 1.1491510626126 0.404130004475227 36 1.0848445917885 0.0162404287292244 0.573336559 10464756.3827942 1.51346916971917 1.69790288295909 36 1.10817719920618 0.213972867750028 35384120.5808602 0.168898335999999 35828586.2287173
3 atacseq_2000.dot 11809629756 1.11368202462133 0.679140694006356 36 2.41816348793996 0.0152307921217394 1.849038818 22149971.7946605 1.41152414669572 1.42516963603738 36 9.05615697457715 0.563554562774259 100677829.743184 0.903914039000002 100627579.473675
3 eager_4000.dot 8330435694 1.33566022539961 1.02598841208032 36 11.8445827330674 0.0619718372915363 12.037818326 27919274.7177116 2.58870355139012 2.31632542537693 36 216.53697467728 0.19190641444783 69664315.0373981 7.23590300699996 69668864.0157762
3 methylseq_200.dot 22500260922 1.86805555555556 1.74964330565312 28 1.65656181657701 0.0127102895188518 0.078596642 8704789.87912099 1.70833333333333 1.94659120252271 31 7.52406529871234 7.52406529871234 12089894.2356657 0.010058354 12091043.1801734
3 eager_4000.dot 14754556884 1.38709386952537 1.03172039117012 36 16.9821988548776 0.0353882437878732 11.391145293 60897430.2813795 2.14100397383979 1.8867351691024 36 393.267402841089 0.266172295086775 166832488.506043 7.200305307 166842081.625299
3 methylseq 6761426956 2.83333333333333 1.58378173697294 4 247.008085254414 247.008085254414 0.003547199 439589.49589171 1.83333333333333 1.67585103595882 5 15.8852738893507 15.8852738893507 1080142.58117348 0.000363653 439802.157196293
3 eager_200.dot 19100037384 2.11181896181896 1.46756136962179 12 148.660909253408 17.9663734116 0.133537973 10669872.6485588 2.38223938223938 1.88647849694368 18 19.8304574594034 9.16987019456721 6686308.62561548 0.020405765 6690247.0797704
3 methylseq_20000.dot 8885797810 1.11511509365654 1.81039448950951 36 21.2753179841379 1.10232737681042e-05 1284.021356523 387756236.265015 1.68190609577164 2.32434354264721 36 2350.61819545763 4.59290855472448 741610253.900567 1282.891262928 741433669.389614
3 atacseq_25000.dot 2223941232 1.08006970230544 0.0710332064170082 36 0.129383528734422 0.0250937750931727 1222.897543612 90764623.6185689 1.31870751427392 0.825229790214449 36 1.9410873404646 0.338858703405007 246241648.750098 1993.08582294502 246586408.911016
3 eager_20000.dot 25705994498 1.30337737883445 1.24659246465563 36 19.2047460912696 0.0406934464622713 870.349780604995 431438283.894392 2.35356572102137 1.88974016473296 36 467.258527197824 0.36213010355649 993123195.496875 1431.98325740599 991831311.572611
3 eager_25000.dot 19075314980 1.25085857190132 0.986165764171014 36 13.8707350976124 0.021642726218229 1735.88520210399 349488309.644482 2.54127556680749 2.28029081100358 36 1037.91817597687 0.334570167585338 904322212.992032 2291.72556736916 903301639.393973
3 chipseq_15000.dot 5058052541 1.11135570745336 0.388770322613491 36 0.891578757715814 0.0355016215575047 344.001807438 149183007.637721 1.49323525319977 2.15820966446485 36 15.1087033534316 0.284540121762148 524430376.909406 445.081001617004 524137743.140908
3 chipseq_1000.dot 5058052541 1.16074417035956 0.680183799851011 36 3.60788878853078 0.0256196576730047 0.557385160999999 10729926.7200691 1.48483287545788 2.24965190405252 36 4.14687543103014 0.321641823875889 34536282.7879409 0.165258276 34821250.2461117
3 atacseq_15000.dot 11809629756 1.10432134935475 0.660407122835517 36 2.24236204891365 0.014867115621428 327.764473945999 167249335.805163 1.44261722194665 1.51361037377765 36 9.6904119373539 0.538457298995047 711330310.766446 433.545358055997 711483789.220518
3 methylseq_2000.dot 8885797810 1.14003633581947 1.81334327479343 36 21.4035611413999 0.00130540137515016 2.5338033 38887719.6773144 1.68406961178046 2.36423034232758 36 6.16595391103893 2.9385037529127 77315745.7181191 0.933207646000002 77056541.6990198
3 chipseq 41366257414 1.72916666666667 1.15901887587438 5 6.45742139895263 6.45742139895263 0.005405214 9433320.01910271 2.25 1.13825526130783 5 10.0579597703058 10.0579597703058 12213475.141569 0.000704315 11141906.3700429
3 methylseq_15000.dot 8885797810 1.1232816941384 1.80644493947382 36 21.0262305813773 6.17934500152712e-06 495.878718115999 290556241.467714 1.68058891557691 2.3232268496413 36 55.9881704305646 3.77181994425717 554267535.604512 548.048586910012 554267228.429783
3 methylseq_30000.dot 17027257018 1.12260830258032 1.84580239326108 36 23.2386319519297 0.000122793004817308 3068.94118969501 1044106805.36036 1.68191721132898 2.34942549887141 36 27.1364436789476 7.56440231580048 1737415445.27264 2582.72928475383 1737416087.29105
3 eager_2000.dot 19075314980 1.42070050037964 1.31199224860121 36 29.1976766106104 0.0646145012811354 3.24949294400001 37196121.7053125 2.585243094334 2.21387914305091 36 180.022176624632 0.276395101848982 70752330.7634449 1.169191151 70787819.9284963
3 eager_2000.dot 19132169434 1.4338129924395 1.29901242351181 36 26.8265859178348 0.053321839208108 3.26931219 36231306.0203324 2.34913104913105 2.14679086563913 36 224.557060570497 0.267921373257512 74979627.9390008 1.165480215 74981031.9743955
3 chipseq_20000.dot 4605965334 1.10837623343487 0.302811544748921 36 0.670044811676496 0.0251110472597691 723.307619672002 205290981.990561 1.49609631086477 1.76822072884735 36 7.03320164260827 0.227057257629418 740245326.715361 1072.99489705802 740330861.669688
3 atacseq_200.dot 11187378708 1.34281746031746 1.10684742047626 16 4.04147593265027 0.169232280720002 0.066484037 3882832.52228348 1.47662698412698 1.60736511791091 21 3.48261094185027 2.07625590433671 10951013.2414611 0.011500864 10930283.4280443
3 chipseq_15000.dot 3793245764 1.11071785059679 0.200757643580062 36 0.366040659314184 0.0224628468764764 345.897034534 144801037.066533 1.47317950552508 1.65208905339342 36 5.93214519568062 0.205693554264285 555661823.043841 437.940233922998 555834128.797314
3 atacseq_8000.dot 14091675276 1.08644357903774 0.776287854481193 36 2.87905798041019 0.00969921602890661 44.0618794639997 193347181.487621 1.35990030971738 2.11336489093114 36 51.3266243639742 0.564867149754564 777744334.393888 56.7937691630006 777655223.813553
3 eager_10000.dot 19132169434 1.34288891736358 0.973906844037322 36 15.3635528332329 0.0346373959877015 137.378628444 147136717.453356 2.32782124320586 2.21462669981883 36 442.362293327697 0.324259385518268 422903303.158049 218.501398795999 422884368.249676
3 methylseq_8000.dot 11897958606 1.45959848737626 1.86902467640601 36 9.89019721868044 0.000256409761060254 61.050851949 230487282.49335 1.67867867867868 2.32583388789728 36 20.3220990044897 4.51823092203977 381472552.195016 60.8194053820006 381153564.381678
3 eager_15000.dot 25705994498 1.32873332077216 1.13481083417826 36 20.6009669809062 0.0510280112814225 441.977229032998 335442115.841726 2.33068346493545 1.9118019236576 36 417.501291322777 0.343394144237162 749564341.873184 580.370710016019 747451803.437824
3 eager_1000.dot 19075314980 1.37319036785949 1.73172887235999 36 47.7744042745263 0.0858229041526415 1.190644032 22138911.7871174 2.63145255645256 2.30795159085247 36 20.4994049492029 0.544158915512762 37949887.5167293 0.241361366 37657782.0363478
3 eager_30000.dot 25705994498 1.25280439023005 1.2547651670686 36 18.9840838954947 0.0305347771804644 2871.69086219899 624040383.145146 2.34435170419421 1.87567437394357 36 364.716121891007 0.329281435786684 1492527983.83395 2995.66551783215 1492546588.22275
3 eager_10000.dot 25705994498 1.37555874218447 1.25175737566286 36 24.0210684432836 0.0555883310171089 130.07029439 227677099.829452 2.31749391394361 1.86521245331484 36 264.0066851313 0.304272328204134 496272524.620509 194.812498950001 496317574.779759
3 chipseq_20000.dot 3793245764 1.10271928478278 0.26762869538153 36 0.535561789589488 0.0199723910073657 750.601306268002 207005796.172739 1.47839375111747 1.70179423314638 36 4.37259616438754 0.211287189879474 747271432.117986 1063.20793338403 747312385.735038
3 chipseq 5058052541 1.57291666666667 0.820676019728582 4 4.33064103426079 4.33064103426079 0.006382172 2014062.13049097 1.5 1.39870031272322 7 5.2596397766303 5.2596397766303 1860416.85382424 0.000786217 1815010.82694554
3 chipseq_30000.dot 41366257414 1.10142293330105 0.933058371796786 36 4.18628722858695 0.0013192405927239 2208.06199319299 2932608190.94306 1.34215082509234 1.4849913065105 36 18.8318435379318 0.359074916498182 9709082886.87864 2543.82113938909 9709953597.08579
3 eager_8000.dot 14754556884 1.33435509393195 0.96823444645975 36 16.3411351518679 0.0386258011438482 66.3046864759999 112449326.159599 2.12315892315892 1.80812248125387 36 467.893534278963 0.248752191740833 316203711.735984 107.036214951001 316010777.882323
3 chipseq_30000.dot 32978181418 1.1322330800281 1.17745722006617 36 5.7297400304378 0.00197316712969476 2133.93482375998 2547134869.29852 1.48717309067081 2.3020968227987 36 24.1098640481223 0.373107151207761 7570710367.07913 2643.15739519774 7570733334.81343
3 methylseq_25000.dot 110641579976 1.12295745096996 1.84767077459565 36 23.7822618147731 0.000138090416032264 2253.95254571102 5821821548.79213 1.68005547554275 2.34431090258757 36 45.3773741974576 29.7414556098519 10928574038.8113 1846.77964840986 10928576351.6661
3 eager_10000.dot 14754556884 1.28706926734842 0.996826162214395 36 17.0690757014849 0.0215796480572719 145.681127936 136573561.68106 2.1516720498969 1.82294969209213 36 456.018988739989 0.237438027609683 365092170.935834 207.574010925003 362393134.380855
3 eager_30000.dot 14754556884 1.19906138666225 0.928037618280043 36 11.81634653279 0.0149541732870483 2725.27587397901 380504160.140002 2.11709098342956 1.77348205000632 36 641.224416534127 0.239648603354832 1155182929.21676 3045.06056727925 1154941690.62046
3 methylseq_8000.dot 6761426956 1.11317071039293 1.78835317327341 36 20.0151822511139 0.000246407238065893 76.473899338 119069333.183178 1.67801134467801 2.33472547205078 36 67.7449045209298 5.97373593662453 230610546.85066 81.3870359930002 230613073.695894
3 atacseq_10000.dot 11809629756 1.11270351372676 0.677459152302763 36 2.37162086126749 0.0167762278461838 81.9814617050001 112508157.969107 1.43731372974537 1.5511488562116 36 8.67058050860592 0.558296774749163 465252869.054341 138.786691661003 465453249.514501
3 eager_20000.dot 19132169434 1.24601027061963 0.976282053667405 36 13.247022592457 0.0234015561989707 847.205954062994 283063408.743759 2.34698682627676 2.18872713989751 36 543.609022276036 0.311145055310336 808735291.889647 1461.39407831399 808192050.731697
3 eager_200.dot 19075314980 1.91920556920557 1.34837673556469 13 87.4119121634863 4.11002872233019 0.13255994 7729683.56628908 2.73745173745174 2.10517587386865 18 10.4383586688319 10.4383586688319 10190050.3983154 0.021201943 10175814.5221232
3 eager_20000.dot 14754556884 1.23415020828132 0.942045480268964 36 12.9440864235488 0.019939266999183 847.616593322 255817326.113691 2.15188378975363 1.80485491680461 36 475.736713400894 0.251203684925277 764581400.966923 1500.900503246 764624564.305081
3 chipseq 4807293396 1.51041666666667 0.779022173714193 4 4.45081832115126 4.45081832115126 0.006244257 1955990.96166372 1.78125 1.7490116263055 6 17.9203316943288 17.9203316943288 2157954.22188876 0.000858664 1942523.37033028
3 eager_15000.dot 8330435694 1.24907875880673 0.871117394492326 36 7.34966149922729 0.0419055457753938 442.010686346999 88785373.5354832 2.56076672848328 2.31675501123831 36 1649.2067356037 0.200045847013673 262800937.851445 569.474084161008 262809892.779478
3 methylseq_10000.dot 6761426956 1.11317384096497 1.78451077846549 36 19.7646117167843 2.32510460665609e-05 158.900007788999 148866172.810701 1.68180605575564 2.32942394177163 36 46.3357419574127 4.39823176661704 285389055.402172 182.969086343002 285057270.682247
3 methylseq_1000.dot 22500260922 1.14816408491107 1.23674332732869 36 18.9059548504518 0.00492966501468382 0.657281146 36627897.8353706 1.62516733601071 1.63946879555314 36 4.75382987654322 0.957530020212761 94945986.2959889 0.174454900999999 94946921.8812662
3 methylseq_8000.dot 22500260922 1.11630678297345 1.23045938569752 36 13.5278289364149 0.000470293037320211 68.9353113699998 281978232.538171 1.61405453072119 1.62330414483515 36 46.3541083505259 1.128896813565 728656334.942502 82.8782008230006 727343935.319337
3 methylseq_25000.dot 8885797810 1.12489617386404 1.81144553301706 36 21.3321966481112 7.70003848017324e-06 2485.748715325 484803801.798316 1.68312263295461 2.3379845911059 36 21.090414585151 7.18811889994065 931234293.018223 1843.40402611097 931235296.028274
3 atacseq_1000.dot 2223941232 1.13963246938247 0.411976116221976 36 0.866076183630045 0.0128676534364211 0.611850202 4061870.01603157 1.3198651996152 0.830053820860265 36 1.26808027012321 0.329067056348119 10698225.6179366 0.169193538 10760874.1534988
3 atacseq_4000.dot 3908761308 1.08627312857056 0.196602053125245 36 0.393068631967234 0.0237605857508454 7.916967736 25918860.3433002 1.43394316059757 1.50534482583759 36 17.1493893671272 0.321047544324809 130454444.046308 5.74570709000002 130450303.584695
3 chipseq_10000.dot 3793245764 1.10153654303091 0.242145272320944 36 0.480572064982678 0.0198882914370648 99.3318525480007 100409531.48698 1.47675736961451 1.72234861698475 36 4.60643919618149 0.212547929535967 373635525.066245 151.155288693998 373674093.896879
3 eager_1000.dot 19132169434 1.41241381333293 1.70888941142653 36 41.8349152898037 0.0752509726977271 1.206997891 22057890.4350428 2.32130937755938 2.28381331335341 36 129.187799111931 0.396459765289809 43447026.2713996 0.239237378000001 43455059.025445
3 methylseq_20000.dot 17027257018 1.44558378907121 1.87168385343646 36 9.31079046624687 2.52872451202193e-05 942.525261121001 695431475.006274 1.68203948245965 2.31937993619019 36 62.6249448797983 4.11443324071354 1140474474.68708 1201.80759358905 1139704270.39223
3 eager_8000.dot 25705994498 1.39462356019629 1.25603014696605 36 23.6066522987858 0.0555938104201463 68.826303316 182396154.202863 2.38423765757099 1.95715905209398 36 330.881544341703 0.471477229274412 382425044.071246 96.9276186880017 381535216.056219
3 methylseq_2000.dot 17027257018 1.48549754573851 1.91207837617681 36 7.83497600755777 0.000215305984720748 2.237745792 69541704.573292 1.68072289156626 2.3260857413116 36 40.4716728802265 9.05491691102021 121790932.480515 0.919870961 121708352.316778
3 methylseq_4000.dot 6761426956 1.15778874112207 1.78235850226687 36 19.6223484080552 2.8342613268948e-05 11.670671617 59645122.1745281 1.67751084417751 2.35423268222238 36 15.0111041111546 5.61808888142324 111179764.920927 5.87492454699998 111179872.664206
3 chipseq_8000.dot 4807293396 1.10958643629099 0.399049258535759 36 0.946189704209911 0.0352470503648336 45.7905848330001 67221812.1315703 1.50420305269444 2.2134314368844 36 5.20657375310529 0.301361571396171 238333673.355751 59.7951490010001 238503934.271322
3 methylseq_20000.dot 6273818718 1.10949141561389 1.2161029999259 36 12.3401756914101 1.9576168664211e-05 1175.010413581 232249942.802639 1.60295546790147 1.60445368018379 36 197.697925629169 1.32465779275754 668655477.1975 1255.630541459 668653575.85208
3 eager_4000.dot 19100037384 1.34676298197163 1.03602703904483 36 19.3092444907958 0.0510817699435962 11.618304609 64563262.5455311 2.25422606168875 2.20417318483802 36 250.376516860539 0.315649327912615 165548703.947537 7.49148964000002 165484884.563544
3 methylseq_20000.dot 22500260922 1.12216712081661 1.23244560645613 36 13.5952937425163 2.98021420922227e-05 1003.35624524 702943544.884832 1.61748985308411 1.59108742571881 36 68.6630769987287 1.25466632073905 1695046413.44416 1282.30366274804 1695048292.25959
3 eager_2000.dot 14754556884 1.43554570640132 1.13955431375613 36 23.9299839162008 0.0622026674245347 3.248897749 34627339.8456073 2.28684479593571 1.7946577702738 36 191.663357070649 0.2194562982886 67833782.7424591 1.188969431 67822961.0347181
3 atacseq_20000.dot 11187378708 1.09631327652998 0.636351433172067 36 2.06581915039939 0.0136136816288396 675.761262449006 239876493.929459 1.44825529875579 1.52573914909722 36 28.1427399640741 0.49612344972653 951418946.002531 1037.44328329202 951347994.798378
3 methylseq_4000.dot 22500260922 1.16147099480432 1.23010964453296 36 13.3533503587014 0.00101122230749 10.255643437 142352368.072839 1.61811811811812 1.63802169503293 36 30.6031312504824 1.50833297413989 397714956.434064 5.85563382899994 396648828.166935
3 atacseq_15000.dot 2223941232 1.08425302651998 0.067597153224125 36 0.122918729944812 0.024085677274889 329.866150284999 54641261.2871985 1.32440903280747 0.806112179517472 36 3.49419002310178 0.349979313472325 150118002.414643 435.473544941003 150077097.53788
3 atacseq_8000.dot 2223941232 1.08333117822717 0.075373000476776 36 0.145882062730121 0.0199201496888068 43.8154207790001 29421432.0391768 1.32741202451568 0.827006579521988 36 2.05279213842444 0.369320019786472 82608335.1972891 63.0332957120001 82777856.2391452
3 chipseq_200.dot 41366257414 1.26934523809524 0.881634698652061 18 5.44098448588764 0.0113303383880574 0.050270098 19975738.0716462 1.37553146258503 1.60121219834554 29 1.4042736169269 0.511986207224702 60654389.8552121 0.008452192 61355477.3542082
3 eager_200.dot 19132169434 2.14144144144144 1.46684525818861 12 73.83487284532 4.96806084377293 0.133950089 8329961.00602464 2.6014586014586 2.35216446243498 18 40.8122850182079 27.0076857117419 10421004.422355 0.020751511 10388346.4494187
3 chipseq_25000.dot 4807293396 1.09758732154563 0.387322144888896 36 0.904348053725562 0.0361530680952483 1328.547722387 208935456.446443 1.50649161065828 2.18959493193713 36 13.0390636975504 0.308229355339955 721576361.709808 2035.911818801 721507367.004151
3 atacseq_4000.dot 2223941232 1.09788527164717 0.112971561517924 36 0.200732547890291 0.0185159442666151 8.338150824 14800487.9125183 1.31610399177801 0.829161467885311 36 1.83498032036266 0.353419036675387 41106514.9926829 5.65972442899994 41059933.2614407
3 chipseq_10000.dot 41366257414 1.09742751765779 0.857557177461908 36 3.57733712969316 0.00120828332685649 86.4402387930001 965247863.015268 1.34456677407806 1.50468985239469 36 23.9003348843403 0.350056800808332 3216245627.82015 132.783633565001 3216002687.99147
3 chipseq_4000.dot 4605965334 1.12263113589764 0.319335494556927 36 0.638543470226443 0.0255496724000818 7.280163713 38788705.6433309 1.50813304881701 1.78099488615986 36 3.85312586493738 0.226027692831276 144792420.595298 5.63891205699998 145048173.373667
3 atacseq_10000.dot 2223941232 1.0842747763517 0.0788402677795449 36 0.141376670204543 0.0213554219997587 97.0532569149997 36572836.0129638 1.32083219243864 0.802598056267957 36 1.75325503818411 0.316497103413177 97764351.7132879 150.751223851 97967170.5501181
3 chipseq_25000.dot 3793245764 1.10189171126669 0.255796286908854 36 0.519238218246194 0.0206213611425041 1350.206624735 258588865.570684 1.4720062324229 1.66343960617873 36 6.4544994979415 0.206920973393748 936058568.576951 1902.54941536097 936045884.191549
3 methylseq_25000.dot 17027257018 1.44580021692361 1.86957861134376 36 10.5793067940992 0.000187864280579419 1983.40350141499 870153768.869194 1.6817890862538 2.323937501193 36 34.9551886514826 3.72323647574873 1393445782.27701 1760.75901043196 1393447445.97019
3 eager_30000.dot 19132169434 1.20739108938843 0.981253672121923 36 13.1729724551961 0.0196160475960685 2761.84215506599 412949490.651287 2.32222704230578 2.17116191281698 36 1144.90479223911 0.293783468306762 1245801695.68189 3003.05516077523 1245796501.06343
3 eager_2000.dot 8330435694 1.27911656479064 1.22146740880312 36 28.6362196817405 0.104434464982556 3.582724766 16224636.8013568 2.60769860769861 2.43196911897155 36 107.888595837454 0.238700670066638 38117371.0908548 1.183747606 38122376.7789606
3 chipseq_30000.dot 5058052541 1.11341479013757 0.377210396305664 36 0.84124660191133 0.0316959374895655 2235.267815855 309723411.418656 1.48789914214227 2.15930839873405 36 17.9116063203943 0.284958274488172 1063809084.96569 2712.50532666576 1063690500.36886
3 methylseq_4000.dot 11897958606 1.52212132767689 1.87651275679903 36 10.2305839395434 0.000158328054499411 9.29807096000001 115268714.025855 1.67901234567901 2.32206159645943 36 34.536691318566 8.53050240136372 187139237.701595 5.47141560100001 187140044.232093
3 chipseq_4000.dot 4807293396 1.0824169279358 0.390191287448001 36 0.919821262482818 0.0311641801265728 7.72736090400003 33858735.2794775 1.51805836328242 2.26353305854974 36 3.8959831360636 0.361369602124396 123445317.399596 5.89447025499998 123456212.369383
3 eager_200.dot 14754556884 2.06392106392106 1.48567635444749 12 87.0264653975444 10.5998927415293 0.139520452 8090312.38729488 2.48970398970399 1.86154184095212 19 47.8011144995125 3.64865266070272 9515341.46639835 0.0201645 8089480.08676827
3 methylseq_15000.dot 22500260922 1.13860718204195 1.23363364476458 36 13.7177674247221 0.000681438291305953 468.072977756002 530288879.807713 1.61270603784616 1.6137984231408 36 59.1878973210864 1.34170778206803 1386976501.1337 540.612949149007 1386974446.15938
3 chipseq_20000.dot 32978181418 1.13936286648269 1.14261005025264 36 5.52247313056404 0.00196661823770313 725.112214740996 1691586934.4788 1.49049779486263 2.32817802653979 36 26.2302446454155 0.38490419610479 4980791551.98392 1020.676944387 4980841310.5476
3 methylseq_2000.dot 6273818718 1.13321540128769 1.20386622791553 36 11.8581503650382 0.00138207718721709 2.409826033 23673396.3798528 1.60527825588066 1.65506128616019 36 22.6277178748192 1.81630398042392 70010000.0638828 0.889849120000001 70009753.3850954
3 methylseq_1000.dot 17027257018 1.52674188818767 1.94105614302901 36 5.24891354969791 0.000426652276355338 0.678134668 35044989.3489686 1.68473895582329 2.38842333975286 36 9.24367959842394 7.27473363342894 56229278.037039 0.170907196999999 56139058.1824086
3 eager_25000.dot 19100037384 1.19473055937386 0.990916090855511 36 12.1213093896014 0.0189160233461304 1638.05323467499 341358311.032519 2.29879887752227 2.16240053413465 36 1617.29078840476 0.282398062291287 1023295035.21914 2304.78408374115 1021726983.14748
3 chipseq_8000.dot 4605965334 1.13115712983464 0.313602535180714 36 0.650797258232004 0.0236970357021819 43.2958333319998 80501375.6606814 1.49577828780415 1.79817024423357 36 6.27204442612819 0.238267362120478 300326039.921368 55.0675613729996 300510862.180137
3 atacseq_2000.dot 2223941232 1.10068125037848 0.212917549708748 36 0.350346890886857 0.0134354301454423 2.08407211 7276230.26251649 1.32782351998038 0.84369999458296 36 1.66211907020778 0.443371155857163 23135214.73579 0.915943850999997 23076022.0005408
3 methylseq_200.dot 6273818718 1.73462301587302 1.73812939050489 28 3.02732545355451 0.0217670064321303 0.081713674 3052909.57114477 1.61805555555556 1.64162369224382 36 10.0363654266748 4.81356827179189 7123747.54083687 0.010062629 7123102.16635753
3 atacseq_8000.dot 11187378708 1.09976082176764 0.650954412742342 36 2.1171178486248 0.0127947942220021 45.3836293280002 95889565.1470051 1.44031713769519 1.52776544830682 36 9.2174263907128 0.474976354792398 380842345.31917 58.4526581310004 380859455.444696
3 methylseq 8885797810 1.83333333333333 1.57141851117605 4 195.71640120208 195.71640120208 0.003435504 1623520.72089138 1.66666666666667 2.04428633387215 6 474.479879420019 474.479879420019 1624523.11703093 0.000371111 1625177.12316625
3 methylseq_10000.dot 22500260922 1.12033067195133 1.23192846299576 36 13.6172886379516 0.00106545419171836 155.802296548 353306685.597119 1.6104632329122 1.61844578513471 36 186.77982088663 1.19737828540046 943120236.675827 184.714679021004 943123947.586336
3 methylseq_1000.dot 6761426956 1.21635749346593 1.82902410477311 36 26.7211036262917 0.000685118419700376 0.722716436000001 14945427.0355185 1.68741633199465 2.43618779063198 36 2.88142217264565 1.02618409098155 27698453.1744083 0.167784631 27511842.2223304
3 chipseq_2000.dot 3793245764 1.11290107571753 0.286806720169007 36 0.560422650332078 0.0183998799708854 1.807631067 19727072.1582989 1.49630801687764 1.77205807969027 36 2.99931837648705 0.204967984313381 72247122.7260472 0.948544451000004 72422823.2335064
3 methylseq_25000.dot 22500260922 1.10936289488861 1.23303233139301 36 13.6510676836508 0.000118126884234853 2114.985500463 879459928.623101 1.61567565096129 1.59451012282374 36 83.9976839939124 1.21538708025275 2233825524.06685 1892.26041085996 2233826740.83159
3 chipseq_30000.dot 3793245764 1.10651679776992 0.253561116804248 36 0.505076738576318 0.0201747046264545 2226.43327570898 307217664.073812 1.47990885261528 1.62149956338207 36 7.11912574610549 0.207140553959191 1121170174.95898 2642.73123371899 1121139407.64514
3 methylseq_1000.dot 8885797810 1.14853063045834 1.85011105261759 36 28.5621197221964 0.00496083327258896 0.719387833 19992937.5565949 1.68540829986613 2.34023676222358 36 20.0468181260371 7.68346758729915 39285149.0152003 0.174597134999999 39286762.6717857
3 eager 19132169434 1.94594594594595 2.49611726544615 8 70.2621984648049 70.2564529205822 0.036687726 6029240.84799545 2.91891891891892 2.3642102898365 8 18.2177785133937 18.2177785133937 5041017.88384038 0.006010951 5054305.77185775
3 methylseq_10000.dot 17027257018 1.46169737736364 1.87315824539151 36 9.40351257919985 0.000261730899156602 130.828595144 348560342.944768 1.68293984260371 2.36883738093189 36 35.7814445050654 6.90627899046217 572402736.409198 158.198622472004 572351220.437417
3 eager_200.dot 8330435694 2.11771771771772 1.3831684311119 13 87.5958940380107 20.126368367365 0.137640326 4853507.23068649 2.74259974259974 2.29187393967391 18 18.7083846329756 7.00358320694844 5118207.18306952 0.02206261 5125277.36457697
3 chipseq_10000.dot 4807293396 1.09302012732464 0.399494598174882 36 0.944101821307618 0.0338293256738972 89.1558394719999 85068107.3942741 1.49559165771572 2.19164149979795 36 12.0703171595139 0.298086341460259 295198468.6903 138.836043121001 295516810.950458
