algo_nr wf_name inp_size avg_spread_dyn cv_proc_load_dyn num_used_procs_dyn idle_to_work_dyn idle_to_work_30s_dyn dur_alg1 ms_1 avg_spread_stat cv_proc_load_stat num_used_procs_stat idle_to_work_stat idle_to_work_30s_stat ms_perc dur_alg2 ms_2
3 atacseq_30000.dot 14091675276 1.12641033732573 0.98582086546474 36 11.1191749406144 0.145781817763595 1882.87278774699 1960689253.06684 1.55318053749459 2.0073692427409 36 12.0247580721995 0.307120846289518 2372926020.77589 2506.48956001905 2372926020.77589
3 chipseq_15000.dot 41366257414 1.11338710850917 1.08191379882924 36 7.9261441904375 0.0234595738197204 348.916435410999 3447214535.9876 1.41902178233563 1.29508643992462 36 5.61617717895778 0.296653966484891 4893512049.39453 423.676073179997 4893512049.39453
3 methylseq_15000.dot 6761426956 1.31997979335851 1.78242307143492 36 35.4263393808108 0.117532111699115 471.361817493 380659182.336889 2.83333333333333 1.84123434464012 36 0.165563582299708 0.165563582299708 450395600.159533 484.475381649003 450395600.159533
3 atacseq_15000.dot 3908761308 1.11597872765822 0.281759635752649 36 1.30582924219393 0.346825633478718 335.714605191999 283176180.563654 1.62454065393519 1.59811932298529 36 3.47850966264562 0.251606607210878 376012908.639524 438.792660302003 376012908.639524
3 eager 19075314980 2.84684684684685 2.52746827053337 8 97.2799376685914 97.2799376685914 0.037209686 6570066.40122412 2.83140283140283 2.45705132216216 8 58.7808578674343 58.7808578674343 6628000.57758513 0.005753315 6628000.57758513
3 eager_1000.dot 25705994498 1.64063805001305 1.76870247411273 36 137.585393338413 0.175418089154394 1.187597512 51501121.4182408 2.52633526383527 1.88991399189088 36 42.3111923231632 3.07022818095452 60765324.8166252 0.232083615000001 60765324.8166252
3 eager_20000.dot 8330435694 1.23306984543638 0.829394875933456 36 29.6281363274028 0.417940896840165 851.887740280001 421267500.554845 2.64280954665566 2.88916102201909 36 400.758813615446 1.16854855343608 482985191.43404 1103.69746868201 482985191.43404
3 eager_25000.dot 14754556884 1.2114521198211 1.0545516129533 36 22.0924104213294 0.128764372431044 1411.363259608 678321380.062837 2.5472686004601 1.88227626513583 36 30.2857199994011 4.87898233625706 1198197569.97878 1840.05370694699 1198197569.97878
3 methylseq_1000.dot 110641579976 1.26770574360936 2.06330657433108 36 695.252972869935 0.00237743155742484 0.665949322 452936642.104741 1.62784471218206 2.78335568777097 36 221.15181651248 217.014633095514 1124031701.43701 0.172664030999999 1124031701.43701
3 chipseq_200.dot 5058052541 1.91071428571429 1.00984426362639 14 4.47249328480473 0.476529097919349 0.059557907 6444766.7897791 1.83333333333333 1.82952592380805 18 3.17576210857604 1.15529263560535 8406517.0818942 0.009263171 8406517.0818942
3 atacseq_30000.dot 11809629756 1.13532255679095 0.710350793518365 36 5.95974872408032 0.156412035640664 1889.42637973699 912445724.609579 1.54739947777984 1.44232918473938 36 62.014409589414 0.658295505499675 1041814406.26843 2511.10611735111 1041814406.26843
3 methylseq_1000.dot 6273818718 1.36375661375661 1.28560084123328 36 13.8710998955332 0.0999070021426818 0.65987375 18359420.2842954 2.41164658634538 1.4703373856032 36 29.0054169734508 0.412702842561752 29171229.2799691 0.171956971999998 29171229.2799691
3 chipseq_4000.dot 41366257414 1.10868026758357 1.06325778379733 36 6.86235249361788 0.0179727447626058 8.10756059900001 897673564.775626 1.43356918238994 1.31546834139918 36 5.86342438980381 0.313709511019641 1314131372.62826 5.78301326499999 1314131372.62826
3 atacseq_2000.dot 14091675276 1.13310613678261 1.04888656446312 36 10.4654743365171 0.214347910888797 1.616259119 139998215.304287 1.56873638344227 2.03506775016989 36 3.8870131252566 0.301525748211313 159989497.84946 0.882229023000003 159989497.84946
3 atacseq_1000.dot 11809629756 1.26354437229437 1.2746111410529 36 10.0264565239887 0.124383353907307 0.607696286 26607536.2565756 1.56330158730159 1.45029576072225 36 8.17311448192615 0.541404268926013 34316634.5146853 0.164725041999999 34316634.5146853
3 methylseq_200.dot 17027257018 1.67757936507937 1.8026977897378 28 8.31412596399155 0.153070002601035 0.08160308 16006214.8293165 2.83333333333333 1.86611585437531 30 0.204991391105984 0.204991391105984 13055993.6524696 0.010238087 13055993.6524696
3 methylseq_30000.dot 110641579976 1.10119444603241 2.01672908285847 36 45.9600953852263 7.95020549066684e-05 2482.51155817499 13248228415.3812 1.59170334800585 2.92104949907422 36 203.141623539122 199.071974172742 28163024992.0331 3061.14271856709 28163024992.0331
3 methylseq_8000.dot 110641579976 1.09779025056803 2.0174765089375 36 46.0510619814732 0.000266443260472977 89.634820018 3538063855.79762 1.62328995662327 3.03276393805263 36 294.871497276063 290.527807795194 9599661252.55878 99.7254210860003 9599661252.55878
3 methylseq_20000.dot 6761426956 1.36344696608804 1.81360472286456 36 11.8297332561824 0.117816243135045 917.390436334001 507738037.229274 2.83333333333333 1.84169228597295 36 0.165572196059955 0.165572196059955 600526618.769569 893.690647925014 600526618.769569
3 atacseq_8000.dot 3908761308 1.12548210570449 0.325253531531717 36 1.56001016202198 0.387395163116876 57.6283966020001 149376724.319676 1.63115853658537 1.55387191417148 36 6.39767242383537 0.249644984751995 203005877.363238 62.3886626229999 203005877.363238
3 methylseq_8000.dot 17027257018 1.36804661804662 1.96846718908488 36 9.65432491743429 0.103366687494084 81.0360340319995 623115159.924286 2.83333333333333 1.84718148568453 36 0.165899095328867 0.165899095328867 482934589.089163 70.9535515340004 482934589.089163
3 atacseq_10000.dot 14091675276 1.12563406517911 1.05450051163288 36 13.8873464887196 0.218096127331047 117.061032009001 702286978.871782 1.56617838541667 2.07503550630761 36 12.1589679862065 0.359149335060299 790269087.314837 139.040028193003 790269087.314837
3 atacseq_20000.dot 11809629756 1.12938517537946 0.732761447329235 36 6.05174144027413 0.156474256354631 694.778884908994 606624569.848022 1.556690421937 1.42962252954273 36 54.5941015470153 0.644185559220254 695032834.347696 839.283130795007 695032834.347696
3 atacseq_30000.dot 3908761308 1.11159586782961 0.273186356424124 36 1.20459649242939 0.395580476400502 1855.84868545101 561113092.481815 1.61334318946477 1.53883045855805 36 9.02302057249076 0.255393698292233 758745982.79962 2535.81272847505 758745982.79962
3 eager_2000.dot 25705994498 1.43715604303839 1.16611183857459 36 67.2967966080094 0.194081755019064 3.141455613 99164655.1311494 2.53160563160563 1.81638356458676 36 44.9614367091287 1.52248213743369 124983013.945 1.12795596199999 124983013.945
3 eager_1000.dot 14754556884 1.60856494293994 2.03753212552669 36 142.911848520228 0.168734711889417 1.437542016 38124435.5788692 2.51687726687727 1.75789998327757 36 27.2168296418319 0.542286590007236 42115168.7329143 0.238087482000001 42115168.7329143
3 atacseq_30000.dot 11187378708 1.13694117499815 0.709012202722355 36 5.11796442469179 0.139563344229223 1880.27266278 913291208.141152 1.54324816294094 1.44189108297636 36 34.4188596466722 0.633614964352158 1094330108.71452 2500.16420195212 1094330108.71452
3 methylseq_10000.dot 8885797810 1.31853693858497 1.7880988440786 36 40.5283559276708 0.152253275383188 174.238874600999 371950550.432149 2.83333333333333 1.84871581996664 36 0.166007101655085 0.166007101655085 390032762.81309 173.559515134001 390032762.81309
3 atacseq_4000.dot 11809629756 1.15095756639874 0.804773629106567 36 7.21667175157273 0.148113556541967 9.07828921700001 117355124.428009 1.57354011048864 1.45122827871149 36 5.18243916653779 0.5178673048474 123839993.986187 6.10172536499999 123839993.986187
3 atacseq_1000.dot 14091675276 1.12412972212972 1.01249977247546 36 7.9576489651832 0.164469101863701 0.476594951 63829676.8312464 1.55505555555556 2.16689444798834 36 2.59125638186245 0.372817192337289 79686230.0920308 0.170316185 79686230.0920308
3 methylseq_4000.dot 6273818718 1.18492301825635 1.31518594562384 36 18.539188942006 0.14320488587362 11.94548269 81101891.816562 2.37087087087087 1.50974254716523 36 87.6412690754981 0.47645688704916 116210273.545821 6.79810812700001 116210273.545821
3 chipseq_1000.dot 4605965334 1.15618582806083 0.779769800989868 36 4.60752009165037 0.242164142845694 0.613375797 31566112.0261038 1.87366452991453 2.08527254625873 36 1.18271216465279 0.196169684327329 31033242.6631787 0.165045343999999 31033242.6631787
3 atacseq_200.dot 11809629756 1.38634920634921 1.28704421922466 17 4.88348995146645 0.353538323685571 0.068395091 3877872.12085719 1.61222222222222 1.89901098425794 23 3.59759728756474 1.52901560165685 8232542.87728202 0.011503533 8232542.87728202
3 eager_8000.dot 19075314980 1.29344503792386 1.11863043139583 36 31.0816838192254 0.141664668145528 76.2959495889997 265393897.604084 2.81717908384575 3.06368582682979 36 33.0682250110718 1.56616172834745 319870234.641705 90.7203929100002 319870234.641705
3 methylseq_10000.dot 110641579976 1.12311750096865 2.01701084017406 36 45.993119398833 0.000235320773765749 161.519970002 4424456304.82303 1.66279845271442 3.09268447939486 36 20.8799947279511 11.9919245384352 12456124247.5696 182.561956356002 12456124247.5696
3 methylseq_2000.dot 22500260922 1.24336233824186 1.2721059885259 36 17.99649530541 0.000876755643147641 2.411926405 94408175.533535 2.74698795180723 1.44860509793016 36 1.56319928389558 0.264416890348713 150753121.159797 0.976059629000002 150753121.159797
3 chipseq_200.dot 32978181418 1.43558673469388 1.10743876412229 15 3.83693831303649 0.139980732244235 0.054022872 38184348.7453183 2.02678571428571 1.63118406692461 18 3.94277361742906 2.75051357488681 83109059.3906078 0.008616214 83109059.3906078
3 chipseq_2000.dot 4605965334 1.16556426168768 0.499209063349416 36 2.96819580783104 0.386169945328738 1.72319340700001 64301388.2427269 1.85416666666667 2.10851696068982 36 2.81233804037867 0.230778609757047 63892886.5695122 0.847745881000003 63892886.5695122
3 methylseq_30000.dot 8885797810 1.38844479590775 1.79139130588278 36 37.3727251060252 0.120480725569869 2507.64563827396 1001287242.74087 2.83333333333333 1.8442312106754 36 0.166041001011153 0.166041001011153 1168692127.99375 3019.60851336296 1168692127.99375
3 eager_20000.dot 19075314980 1.27831183345825 1.13986083068281 36 29.6039548784017 0.14511051246352 861.785682888 667476944.737837 2.81687647072263 3.09033683416782 36 33.8605626832942 1.7232467824387 792864545.868852 1091.042335769 792864545.868852
3 atacseq_8000.dot 11809629756 1.11876908093103 0.749443989129291 36 6.27688553749737 0.158311595145189 60.5044817510002 240398186.262772 1.55625 1.44787581469242 36 57.9554608807971 0.630711199933047 271594663.781841 63.3430719090005 271594663.781841
3 eager_30000.dot 19100037384 1.20148692169604 1.14676125252197 36 28.6337584928568 0.158038330324999 2210.14565938403 1024645608.41237 2.817098876154 3.0928034290739 36 33.9268012513327 1.73070588217235 1196518543.62265 3410.52671183316 1196518543.62265
3 chipseq_200.dot 4807293396 2.04761904761905 1.08730824747158 14 2.57447071523722 0.318158375630833 0.060697683 5222915.83484661 1.86904761904762 1.73240667286351 18 5.62979163471972 1.06906546898318 6880576.83767135 0.00928955499999998 6880576.83767135
3 chipseq_200.dot 3793245764 1.6156462585034 0.934528909375678 14 3.44340554837715 0.427626104664447 0.064023838 4206029.71836884 1.85714285714286 1.38339049061942 18 0.446737001087267 0.446737001087267 7707062.81678792 0.009153327 7707062.81678792
3 eager_8000.dot 19132169434 1.35516629544492 1.05481574612053 36 26.4962617944678 0.137342480127075 74.5353885819998 265578851.914595 2.81691215024548 3.05791694968475 36 55.5602549829842 1.53589025662616 321250137.931766 88.938528498001 321250137.931766
3 atacseq_10000.dot 11187378708 1.12468992487017 0.693876806097615 36 5.13522001759169 0.142082168225182 125.458757804 298064455.40473 1.54332023499504 1.43778261133679 36 19.0090836050508 0.611410957129355 364233378.419409 153.024272193001 364233378.419409
3 chipseq_20000.dot 4807293396 1.13870757163152 0.480116533792048 36 3.53048184478725 0.373559737514422 717.613191963991 650215046.562364 1.84759595327494 2.64479755475069 36 14.5240244430204 0.588869871447184 653468032.329423 862.266636541007 653468032.329423
3 chipseq_10000.dot 5058052541 1.17019397165074 0.626345122323285 36 3.12719245050627 0.413060748192931 120.795880836 368454125.152499 1.84001670843776 2.56354447558277 36 1.21898129864702 0.645860219011365 403425723.455887 148.269590223999 403425723.455887
3 atacseq_4000.dot 11187378708 1.14845154271697 0.758752513831772 36 5.74514552250735 0.130901539590378 8.58556932599996 117001360.044967 1.56242608154373 1.4459542798806 36 8.77266913998026 0.614428706956852 142978384.556679 6.04853630499998 142978384.556679
3 chipseq_4000.dot 32978181418 1.14445528920765 1.37538048919285 36 12.0505046985097 0.0314150067597639 7.387988702 934793142.984695 2.00235849056604 2.619842470418 36 1.41141435507593 0.563638333074244 1690419820.19803 6.43894836399992 1690419820.19803
3 eager_4000.dot 19075314980 1.34085393384178 1.12924244311279 36 39.4529486012323 0.133681685416115 14.193767834 132846915.643915 2.81789892237654 3.01907873668303 36 30.600281714295 1.38132405965066 160802209.071255 8.67948046599997 160802209.071255
3 methylseq_4000.dot 17027257018 1.47299680633014 1.96924910118067 36 9.93558875443296 0.105106762688119 11.466148238 314214118.835783 2.83333333333333 1.85406043641841 36 0.16585933550832 0.16585933550832 241469475.854331 6.08261837299999 241469475.854331
3 chipseq_1000.dot 41366257414 1.1042345741865 1.08903739415956 36 8.68070186808676 0.0182485531755142 0.448798763 216553675.979239 1.44845085470085 1.29163645771639 36 4.22788602323157 0.28891001360861 317681038.799492 0.154036831999999 317681038.799492
3 atacseq_10000.dot 3908761308 1.12119782121219 0.310798245796528 36 1.45850043983289 0.375643636337139 121.49008796 187398666.288452 1.62239040798612 1.56831659738195 36 1.01228532045258 0.248408804988642 253178076.691382 150.361184061 253178076.691382
3 eager_1000.dot 19100037384 1.66269257206757 1.77840572259593 36 171.530510186533 0.175825433368952 1.391069999 45818624.4055367 2.81547619047619 2.77707977746726 36 21.0491943926898 0.895770604031082 40988140.0424979 0.231254998 40988140.0424979
3 eager_25000.dot 25705994498 1.26480408252688 0.985862833709793 36 39.2046000162582 0.191635138452402 1495.58925593799 1174935222.66829 2.53415695330589 1.85102643772071 36 84.3096320547528 14.8758353025995 1568329309.56997 1821.25678126402 1568329309.56997
3 chipseq_25000.dot 41366257414 1.07003196065694 1.14025356410121 36 9.70504300165784 0.0253320367974995 1212.78746984 5849120342.12732 1.43126757710092 1.29339384281248 36 5.53282708571152 0.283089146315955 7879754775.49376 1506.97252427106 7879754775.49376
3 methylseq_15000.dot 11897958606 1.42887008019114 1.96089702915661 36 9.18700203198665 0.0805232697513974 447.832327500999 891897826.988538 2.83333333333333 1.84525343340058 36 0.165974492603627 0.165974492603627 767507879.41392 462.602499135 767507879.41392
3 atacseq_30000.dot 2223941232 1.10932492564841 0.248986005626145 36 1.09107905372635 0.329415090128392 1894.18436269798 340434889.804786 1.62923839453423 1.28238792867971 36 7.48860601445819 0.571379921282241 360650477.555448 2633.52621774908 360650477.555448
3 methylseq_1000.dot 11897958606 1.56506980302161 2.01715307423564 36 8.43211716733557 0.0811412898022661 0.631082408000001 59856214.7090167 2.83333333333333 1.92454240775868 36 0.165618732406055 0.165618732406055 51537899.8659282 0.173219007999999 51537899.8659282
3 atacseq_2000.dot 3908761308 1.14676586029311 0.578270178855032 36 3.21313694418047 0.287169164923283 2.026409597 35051385.1072147 1.62363834422658 1.58713619872816 36 0.832841873630043 0.252462538115938 51054193.7076837 0.901982014000003 51054193.7076837
3 methylseq 11897958606 2.83333333333333 1.58699460903622 4 108.956185712887 108.956185712887 0.00316651 1840827.90637789 2.83333333333333 1.84737755120371 5 429.744764372338 429.744764372338 1843325.45 0.000382557 1843325.45
3 chipseq_25000.dot 5058052541 1.17415916374248 0.632087864920417 36 3.20058952979937 0.421331583394783 1187.245308824 933469177.630346 1.8372747747748 2.51477445131537 36 1.07581554659915 0.615895580331666 1008367431.01799 1417.97778715307 1008367431.01799
3 methylseq_15000.dot 110641579976 1.09667204663204 2.0168724006253 36 45.9785667572778 0.00013606847064271 493.540552819003 6632338540.90549 1.59398630015125 2.69959003669433 36 160.70655009191 156.348332320278 14854064977.737 502.675295169005 14854064977.737
3 methylseq_15000.dot 17027257018 1.44054926480868 1.96361473517846 36 9.90419712108932 0.104398850672034 456.776258939997 1173354393.17573 2.83333333333333 1.84449502675585 36 0.165929747053767 0.165929747053767 907129521.035452 464.781309666997 907129521.035452
3 eager 14754556884 2.83140283140283 2.60919800523208 8 288.48729038527 288.48729038527 0.037524515 6413299.81080794 2.34491634491634 1.66657552433318 8 89.7117822139765 89.7117822139765 5850111.59097304 0.0056767 5850111.59097304
3 chipseq_2000.dot 32978181418 1.17550849730438 1.33990822800117 36 11.3974606187599 0.0295706621510659 1.57431055 450987475.16736 2.00237341772152 2.44141704264099 36 1.74234368298271 0.618651663628268 845387544.605188 0.861270581000003 845387544.605188
3 eager_2000.dot 19100037384 1.49457624805218 1.32404212170625 36 105.685798324288 0.145189476280153 3.556098249 77432004.864041 2.81705081705082 2.93079092046427 36 25.2649382914793 1.12774663457654 81392673.5363443 1.189873961 81392673.5363443
3 atacseq_20000.dot 14091675276 1.11947834013837 0.980723003633888 36 11.4459668022016 0.155124325054578 689.762830350002 1270293866.07319 1.55950792100694 2.02764846127794 36 22.0424935913415 0.327504441799426 1577788543.42427 818.880634701011 1577788543.42427
3 atacseq_20000.dot 2223941232 1.12001923682041 0.263598253218054 36 1.19431751892716 0.340076527653452 717.613433535995 225959498.55656 1.60907214936756 1.29390055514138 36 9.49592167005928 0.553184563322615 240270157.972578 861.742544877022 240270157.972578
3 chipseq_2000.dot 5058052541 1.21682787149559 0.754596373467568 36 4.59564945716582 0.434456590497026 1.784170466 69513246.8936716 1.85284810126582 2.61805104797824 36 5.04531078902046 0.564757904180502 80955977.2939338 0.884714386000004 80955977.2939338
3 methylseq_20000.dot 11897958606 1.43622687170108 1.96201380931523 36 8.59542742092951 0.0804653298510348 929.933347902001 1188818199.94465 2.83333333333333 1.84554430107842 36 0.165983131814836 0.165983131814836 1023342910.66627 879.132715578021 1023342910.66627
3 atacseq_25000.dot 14091675276 1.12132842879223 1.03318743504342 36 11.1235188586783 0.223333228366741 1120.207599338 1759838881.56456 1.57408420138889 2.02454090302352 36 13.3677089619376 0.337740086742705 1975790302.29923 1418.50244283299 1975790302.29923
3 atacseq_4000.dot 14091675276 1.10737667579868 0.970523795555607 36 15.6629577666061 0.153689460734134 7.33811641100001 247592987.22379 1.5671977124183 2.08823834453076 36 4.43688754539319 0.346116473220021 313571754.529476 5.74078418799995 313571754.529476
3 eager_200.dot 25705994498 2.59064779064779 1.489823957594 12 54.9481749526153 16.895838245062 0.133926561 13502725.529122 2.5023166023166 1.88612536227573 19 66.9467373331059 3.42575212829218 14505960.5871882 0.019703613 14505960.5871882
3 chipseq_15000.dot 4605965334 1.13789289626622 0.420760472594704 36 2.23796085670966 0.379955219190521 343.734089458997 501874735.554527 1.86340080690038 2.09401784709704 36 3.94343222294806 0.257231097631247 488253361.376989 412.37284613001 488253361.376989
3 atacseq_15000.dot 14091675276 1.12173359260905 1.00122591802309 36 12.1300714470699 0.135616629006547 343.906480756001 974030316.632966 1.55522280092593 2.03630231515591 36 4.49512973462891 0.307800592148726 1183887459.98034 425.373446341004 1183887459.98034
3 methylseq_200.dot 110641579976 1.35887896825397 1.83688724609164 28 1131.62864034463 0.0212274921459827 0.081174287 100743006.032634 1.57638888888889 3.39560268265168 35 556.744438874977 555.197060566944 243004076.324457 0.010105214 243004076.324457
3 methylseq 6273818718 2.83333333333333 1.58020503685694 4 63.8672930534359 63.8672930534359 0.003156526 992084.523241889 2.83333333333333 1.84263092595401 5 213.825702942445 213.825702942445 994094.7125 0.000376111 994094.7125
3 atacseq_15000.dot 11187378708 1.12970705612497 0.674515373733047 36 4.9918548185887 0.137747527126554 356.755072312 446484088.269893 1.55498486069775 1.43438273441549 36 25.2293887114572 0.611226763851333 544517899.657869 434.102588731002 544517899.657869
3 eager 25705994498 2.86486486486486 2.61500174147105 8 286.100987067439 286.100987067439 0.036407537 9591980.24870872 2.88545688545689 2.49718911855514 9 241.493039385558 241.493039385558 9072263.06491788 0.00510531 9072263.06491788
3 methylseq_4000.dot 8885797810 1.35817166372722 1.82042636734637 36 25.3308120674905 0.116402742111743 11.470366279 133061572.238837 2.83333333333333 1.85522093079926 36 0.165952377504078 0.165952377504078 155733750.859123 6.24890494999998 155733750.859123
3 methylseq_20000.dot 110641579976 1.09819165761546 2.01745443333564 36 46.132686355971 0.000133142561684493 1016.098972333 8837826228.81457 1.61211151127122 2.57433397800027 36 26.6036379462465 17.7405030365102 21112589473.9284 1001.138249157 21112589473.9284
3 chipseq_2000.dot 41366257414 1.09402991523245 1.06537142733153 36 8.46910748888633 0.0180295396911241 1.574220291 443966780.970416 1.42881630500301 1.2728658730718 36 4.38485854586427 0.274137050482739 658621681.208652 0.868264630000001 658621681.208652
3 chipseq_15000.dot 32978181418 1.16893662125297 1.5133739481014 36 12.7029840572498 0.0262209555860966 355.764386800999 3501754719.97768 2.00062604340568 2.53000687558413 36 2.28772205436464 0.763413031615074 6349566247.1732 432.558196851997 6349566247.1732
3 chipseq_8000.dot 5058052541 1.17750478687979 0.659498351083693 36 3.32908460717049 0.397073703203559 49.5579884080002 295425277.740064 1.84969305120167 2.59141466145 36 6.38315842606954 0.5503906180031 322950989.640976 63.9291458860003 322950989.640976
3 methylseq_8000.dot 8885797810 1.33355975022643 1.78988778460896 36 35.6302015155503 0.118525170217474 78.3280812679998 266002263.522525 2.83333333333333 1.8479279917311 36 0.165992844926892 0.165992844926892 311465578.922764 80.2924371639998 311465578.922764
3 chipseq_8000.dot 41366257414 1.0455476146111 1.08059660074781 36 7.86944375623141 0.0196159335082153 46.8014975509998 1819129353.24671 1.42685941931632 1.29108031630932 36 5.30869260816443 0.282705359058711 2529641185.86643 54.4078621600003 2529641185.86643
3 methylseq_8000.dot 6273818718 1.14210639210639 1.31979895481915 36 18.992196153738 0.12883894784071 86.8613260569998 155736579.44273 2.37087087087087 1.50554534595284 36 139.429102249393 0.474336157094384 232408118.912895 86.2909314190014 232408118.912895
3 eager_15000.dot 19100037384 1.27256666855291 1.11482205881104 36 29.2598480195952 0.151603504880136 464.224555677999 505555325.513328 2.81716981323281 3.0810258020301 36 32.9930154063903 1.64350750797296 599299120.873258 577.852377303023 599299120.873258
3 chipseq_30000.dot 4807293396 1.14047498147529 0.511819441722379 36 3.43267469177094 0.374838966640416 1867.89853031299 990058478.205267 1.85765047261608 2.66060986794989 36 13.1873318471153 0.53570754532956 981856570.749209 2492.77613184109 981856570.749209
3 methylseq_30000.dot 6761426956 1.41041178376111 1.8112671773799 36 30.0331830876235 0.118199055786892 2555.07981488198 762212361.997817 2.83333333333333 1.84096586187703 36 0.165580628452954 0.165580628452954 899708832.781555 3080.57951494208 899708832.781555
3 chipseq_1000.dot 32978181418 1.2315629082456 1.48802684926995 36 37.111149731063 0.0300161782684633 0.452906164 219964252.346664 2.00240384615385 2.61949983893515 36 1.039782293944 0.438243863391516 420320457.537625 0.164742018 420320457.537625
3 chipseq_30000.dot 4605965334 1.13291154390507 0.428638311100586 36 2.1638495667652 0.360606262418915 1885.655444174 1036626145.43675 1.85941409507925 2.09562370947179 36 11.0762020563324 0.270575907571332 965254580.213078 2387.28229692106 965254580.213078
3 methylseq_10000.dot 6273818718 1.25912269669774 1.32376205816015 36 19.4303955859463 0.140767735009073 179.278855111001 200766047.933006 2.37114845938375 1.50527650889932 36 160.32319706369 0.476629855326015 291002979.279969 178.298583111003 291002979.279969
3 methylseq_25000.dot 6761426956 1.39289079903578 1.76358790095423 36 34.7390991100126 0.118043737051029 1589.34975422099 635427964.762462 2.83333333333333 1.84174101447539 36 0.16557697595708 0.16557697595708 750657637.3796 1631.56954195801 750657637.3796
3 chipseq_10000.dot 4605965334 1.13094224854094 0.420406867554489 36 2.19456961863152 0.391136184152959 117.798469333 331942025.056558 1.86954365079365 2.1277070775845 36 2.62758261481499 0.282400886959434 324398539.854666 137.968315238999 324398539.854666
3 methylseq 22500260922 2.83333333333333 1.59134055492949 4 179.685294516746 179.685294516746 0.003401234 2994159.97091943 2.83333333333333 1.8504160612313 5 775.996216780376 775.996216780376 2996772.87801262 0.000386077 2996772.87801262
3 methylseq 110641579976 1.83333333333333 1.66012250333432 4 3936.11308208273 3936.11308208273 0.003190805 34016664.3465384 1.66666666666667 2.15272850783377 6 2830.03592160883 2830.03592160883 34018273.3844888 0.000353759 34018273.3844888
3 eager_25000.dot 8330435694 1.25704142736285 0.823549454882899 36 24.3596678286673 0.386251426500406 1477.62324449501 546806363.122333 2.64974092633668 2.99871534730299 36 559.720662008243 1.61087612397644 615266019.147992 1847.97211444402 615266019.147992
3 chipseq_20000.dot 41366257414 1.08198877025142 1.07947248117533 36 7.48346381740447 0.0246506570183025 722.777515220997 4614033344.51087 1.43175993801776 1.29593222418173 36 5.12567904400444 0.282628447153412 6249466082.06085 873.299407525004 6249466082.06085
3 chipseq_20000.dot 5058052541 1.15874204539722 0.632884654817262 36 3.17182355321885 0.394513308923737 722.417615342005 752916653.821761 1.83917396745933 2.54351477742753 36 1.00828001315252 0.668188759004258 806347080.343204 876.729079726004 806347080.343204
3 chipseq_8000.dot 32978181418 1.19240461080195 1.46123283480281 36 12.4780121463747 0.0320739942114363 49.8487163780001 1895812423.08915 2.00117554858934 2.61521049803965 36 1.3456430398961 0.632206288022025 3384745157.12489 54.9665742759995 3384745157.12489
3 atacseq_25000.dot 11187378708 1.13878767532805 0.701515889148159 36 5.04034340921745 0.140828374524579 1230.22043988299 756184028.94176 1.54963774181547 1.43153930224333 36 36.6161521114698 0.62176597664359 913343509.387868 1452.03846407498 913343509.387868
3 atacseq_25000.dot 3908761308 1.11033890034894 0.296662044609495 36 1.29164715357896 0.357211273782642 1202.32351897799 479027175.986984 1.61431857638888 1.56823661513837 36 11.2028218151158 0.262247895285783 627525518.723335 1468.39872062205 627525518.723335
3 chipseq_4000.dot 5058052541 1.17261554614149 0.611317046580802 36 3.28509328631244 0.423928566560013 8.86282653100001 145108129.058989 1.85220125786163 2.47191471682673 36 6.26577843839074 0.551095172203955 162046113.473419 6.43644021299996 162046113.473419
3 eager 8330435694 2.82239382239382 2.60569915507099 8 243.947722041412 243.947722041412 0.03942114 3266279.58513712 2.9009009009009 2.52844016300485 8 99.3712539325253 99.3712539325253 3180873.58333333 0.005783133 3180873.58333333
3 eager_15000.dot 14754556884 1.23613001575755 1.05714829565325 36 20.0717500720016 0.123521276061293 446.719739926003 398820127.831922 2.54644259762371 1.87886458175948 36 29.3127663521694 3.50607014728551 717906870.37043 573.653553440015 717906870.37043
3 chipseq_15000.dot 4807293396 1.14510032607903 0.495587999347797 36 3.68000011803187 0.365449602050284 342.477057604998 489731624.117453 1.85863592097941 2.60453475624425 36 11.6043969131954 0.496433850119275 481860776.392403 437.893656484006 481860776.392403
3 eager_4000.dot 25705994498 1.40201870162363 0.984834325147381 36 44.3319131858567 0.174856191587004 15.531295659 182019493.932496 2.53277819397223 1.84717240019261 36 58.4641433895859 7.69463798230577 250813203.820002 9.33033727900001 250813203.820002
3 eager_8000.dot 19100037384 1.30182693878255 1.13493256042461 36 34.4276599158436 0.144089004769473 75.3301077739999 264340921.621119 2.81691215024548 3.05983705161857 36 30.7367516266359 1.52393261164119 320669238.432787 89.8117933630007 320669238.432787
3 methylseq_4000.dot 110641579976 1.10427490983046 2.02319091438549 36 47.522657388727 0.000597563965531351 13.289003506 1778479629.45059 1.64297630964298 3.17630670284395 36 251.403789422675 247.220028230842 4708851213.32765 6.82755317099998 4708851213.32765
3 atacseq_200.dot 14091675276 1.47319444444444 1.21997296934779 17 4.74723549481887 0.211746981325845 0.068914646 8101818.40633496 1.65638888888889 1.63676963537372 18 4.62180786216646 1.86467512125705 18917331.9096882 0.011461738 18917331.9096882
3 chipseq_25000.dot 32978181418 1.24645307978639 1.53460295970111 36 13.3233063578003 0.0294060275007761 1166.65084953599 5979989641.3263 2.00328453453453 2.35080455688798 36 0.905186480623535 0.402961918564494 10573638675.6866 1436.32107438503 10573638675.6866
3 eager_10000.dot 19100037384 1.27097495020074 1.15559283017571 36 33.4334375678198 0.147599855587082 162.167026787 337759684.555933 2.81684981684981 3.06883820266 36 31.478189533737 1.57026493875201 400152134.463074 203.440340789999 400152134.463074
3 methylseq_30000.dot 11897958606 1.44818721139248 1.96086785420397 36 9.2311151446294 0.080470267194333 2337.06389250498 1783562756.0207 2.83333333333333 1.84485729712739 36 0.16599158781879 0.16599158781879 1533172717.92779 2642.79384295916 1533172717.92779
3 atacseq_25000.dot 11809629756 1.13917459062162 0.719553908087644 36 6.03825393735474 0.158154601400376 1179.58030421002 762214193.506891 1.55847020709325 1.42918789100136 36 66.5981628205212 0.669954554119574 876527590.644718 1441.72016875898 876527590.644718
3 eager_30000.dot 19075314980 1.18488851776158 1.10035164833516 36 25.2582543448658 0.146429282990777 2184.252725374 997317813.371142 2.81724075031162 3.09643179008182 36 34.9459205493696 1.77326718545313 1191913006.7397 3370.19961676811 1191913006.7397
3 methylseq_25000.dot 11897958606 1.42683019759353 1.96208748029096 36 9.15391338438966 0.0804708190461339 1508.185596008 1486764041.70227 2.83333333333333 1.84468334269027 36 0.165987924492662 0.165987924492662 1279177941.91862 1506.08870617901 1279177941.91862
3 eager_15000.dot 19132169434 1.2299518221144 1.147468750174 36 29.1927007662572 0.151428972631988 461.825207938999 512885300.505389 2.81689619878597 3.06686375874933 36 275.848569860758 1.59078167617587 601937627.182017 568.658698133011 601937627.182017
3 methylseq_30000.dot 22500260922 1.1132151273208 1.27708500712043 36 18.632697757551 8.89234662769145e-06 2468.01243375 1423527412.89571 2.76457249566493 1.45058968430608 36 12.6618230881261 0.259267448820803 2120635326.57135 3020.80570740705 2120635326.57135
3 atacseq_2000.dot 11187378708 1.14549840044722 0.858063874321186 36 7.26601724098007 0.130851956958948 2.095255457 56879281.6475421 1.54303610333022 1.44416208839424 36 7.72875582942601 0.556584414003784 73789415.493277 0.884006573000002 73789415.493277
3 methylseq_10000.dot 11897958606 1.50611673240725 1.96456475582288 36 9.24156351699214 0.0805009571105363 146.995465456 594888844.56467 2.83333333333333 1.84937783197967 36 0.165957869410109 0.165957869410109 511672848.161568 164.102833212 511672848.161568
3 chipseq_25000.dot 4605965334 1.12004773463105 0.442522451521729 36 2.25630125001423 0.366819559398128 1201.47918356299 854789713.400181 1.8622268101435 2.09027621941362 36 5.61266238229089 0.264316663311097 805493022.146096 1397.53018068999 805493022.146096
3 methylseq_30000.dot 6273818718 1.15589357436099 1.34723463505449 36 21.3463498895919 0.143878621364181 2575.673132727 607520091.989999 2.36834733893557 1.50736089197075 36 285.327587909402 0.482496902957911 872269464.279969 2936.57764385609 872269464.279969
3 eager_30000.dot 8330435694 1.24203172018797 0.792561572323275 36 25.2139324023833 0.404649017755287 2177.72021818499 661615146.77709 2.6524843178387 3.02887448503419 36 553.066106787775 1.75454148663159 741662131.513536 3373.58134955811 741662131.513536
3 chipseq_200.dot 4605965334 1.62712585034014 1.00174819488534 14 5.19380540005614 0.455441136536811 0.063973177 4282871.00824229 1.8764880952381 1.43148647591283 18 0.578275509339914 0.578275509339914 7709689.02040478 0.009339295 7709689.02040478
3 methylseq_15000.dot 6273818718 1.15795387632859 1.33422902521428 36 19.878810492768 0.142032789175761 493.016370629996 301796963.461635 2.36816119562317 1.50824630921626 36 203.758380869687 0.481818305700586 436636883.912895 512.192693737009 436636883.912895
3 methylseq_2000.dot 11897958606 1.45491489768598 1.99497236049737 36 7.95765143963131 0.0820379401089395 2.36479991499999 119590109.318633 2.83333333333333 1.89220088158289 36 0.16581084982583 0.16581084982583 103073014.075039 0.891247464000004 103073014.075039
3 atacseq_200.dot 3908761308 1.4715873015873 1.34474085936786 16 4.25354706522554 0.569495273518722 0.075657453 4334772.41401015 1.63888888888889 1.39641454941427 19 1.22485736454901 0.703212720489042 5916001.74205331 0.011845852 5916001.74205331
3 eager_8000.dot 8330435694 1.32759684699828 0.906322501252101 36 41.8811794902466 0.377676606862962 79.1035922190004 155256184.924068 2.65141808475143 3.04470087221252 36 29.0796276513669 1.69463478169834 198368781.678442 98.7019661110011 198368781.678442
3 atacseq_200.dot 2223941232 1.38547619047619 1.22458870779681 16 4.76273161432584 0.649881962913326 0.078366375 2901023.03176933 1.66222222222222 1.36996609913664 25 2.56898817250562 0.725900573465973 3913798.48473706 0.011667036 3913798.48473706
3 chipseq_2000.dot 4807293396 1.19646301746777 0.795514827382423 36 8.626543815439 0.369431617089682 2.040991349 58592730.7064167 1.84506856540084 2.65433828075512 36 1.51741783691821 0.643236450167835 63220972.0264715 0.875033131000006 63220972.0264715
3 eager_20000.dot 19100037384 1.2564171318866 1.13942346190132 36 28.5875482635578 0.157130815155042 839.827443221998 684658218.410216 2.81718870180409 3.08675302378702 36 33.3045233798838 1.68330474742413 796344195.304683 1088.52009143702 796344195.304683
3 eager_10000.dot 19075314980 1.28669160113824 1.12132043807582 36 34.6228426013167 0.145637082323552 160.677044098 337603931.234489 2.81670512439743 3.07246643692814 36 33.6142611477909 1.61265332473206 399072150.393741 206.749876520001 399072150.393741
3 methylseq_25000.dot 6273818718 1.31058175657314 1.29845926252911 36 18.1016650274484 0.123338483857879 1556.175914756 480094257.033055 2.36733877420387 1.50882500560294 36 263.543257128562 0.483885564211022 727904787.999722 1557.65646956501 727904787.999722
3 eager_10000.dot 8330435694 1.3120317368847 0.914705627153116 36 36.8822515546061 0.362861894569267 172.276194068001 212109325.215505 2.63706563706566 2.83290722050603 36 176.000364721305 1.15964003454748 241313611.689272 203.822162541001 241313611.689272
3 methylseq_200.dot 8885797810 1.47032076719577 1.82146121783056 28 254.41924099736 0.117114615587964 0.078922647 6215422.37475175 2.83333333333333 1.86666542801588 30 0.205056658458339 0.205056658458339 8419634.58507379 0.010109956 8419634.58507379
3 chipseq 32978181418 1.59375 1.23797772469929 4 7.59297785285893 7.59297785285893 0.006144732 18740792.2859866 2.09375 1.77199241319934 5 56.2291382502485 56.2291382502485 19863500.601088 0.000728169 19863500.601088
3 methylseq_2000.dot 6761426956 1.35354114872187 1.82772879745775 36 39.1331885854419 0.109206861948349 2.404671069 50050072.052452 2.83333333333333 1.88746883236146 36 0.165400297077662 0.165400297077662 60486983.4816685 0.908627842999999 60486983.4816685
3 atacseq_20000.dot 3908761308 1.11276638959923 0.289061632229517 36 1.25364902276042 0.359056374480066 711.955700792002 378108913.70607 1.62710503472222 1.5229844474853 36 13.2238698232866 0.250902611376081 503384149.49347 855.454956420003 503384149.49347
3 atacseq_1000.dot 11187378708 1.23363173863174 1.06545207434133 36 6.56966757656535 0.117650291632928 0.596602183000001 25738761.1222807 1.56334920634921 1.54886274924392 36 7.56632482367622 0.741321494844732 37848717.701602 0.171881118999999 37848717.701602
3 eager 19100037384 2.84684684684685 2.52455938986059 8 96.4165589196248 96.4165589196248 0.037448074 6584844.82021881 2.83140283140283 2.45305028322995 8 69.150480994157 69.150480994157 6642025.28602769 0.005786253 6642025.28602769
3 chipseq_10000.dot 32978181418 1.24569737645396 1.48466311189731 36 12.4874286793962 0.0293767541586654 119.615565775 2368620141.48901 2.00328947368421 2.43777833963315 36 0.913853643659082 0.460106926671838 4229110910.92953 149.581660139003 4229110910.92953
3 methylseq_2000.dot 110641579976 1.09749314719194 2.04244484888079 36 54.5398254507858 0.00134643289217076 2.484365906 894786903.377815 1.595046854083 3.1757801954413 36 321.540835645613 317.715394298243 2521192983.28224 0.900497687999999 2521192983.28224
3 chipseq_8000.dot 3793245764 1.11366122122392 0.317938433319653 36 1.46810419968771 0.391878300480365 43.9425746499996 222416561.813662 1.85240334378266 1.982588376328 36 4.11110189551192 0.221478411233764 282428387.065751 55.0380306669998 282428387.065751
3 eager_25000.dot 19132169434 1.22425445047799 1.12234982346031 36 28.0256555481771 0.150489936686262 1472.24953862401 841681844.869266 2.81680768914812 3.08092510218606 36 367.74198725629 1.67350262426237 997501922.583595 1849.74753722203 997501922.583595
3 eager_4000.dot 19132169434 1.34760652009393 1.1184387919552 36 36.4619709155991 0.129300805920637 14.249741098 131677558.643704 2.81749553391345 3.01368936070782 36 30.0293624261713 1.3413188122501 162230084.679353 9.22306067599993 162230084.679353
3 chipseq_1000.dot 4807293396 1.25216623654124 1.0177202060126 36 9.10482204588157 0.292257823545771 0.593277192 27488267.8276425 1.84668803418803 2.4805492542168 36 3.29413319304854 0.486578608797171 30455791.5096207 0.160714970999999 30455791.5096207
3 eager_15000.dot 19075314980 1.28291166773472 1.15233577379785 36 28.2874028530456 0.151241758439084 451.250538180999 511235277.858762 2.81686073024656 3.08457893316755 36 33.4939261648692 1.68503810442616 596997071.664465 564.015734545021 596997071.664465
3 methylseq_200.dot 6761426956 1.62574404761905 1.81344829865396 28 6.80210037929258 0.114101061476404 0.078749837 4742913.89496605 2.83333333333333 1.86462131402898 30 0.204491923078302 0.204491923078302 6483019.95287895 0.010152024 6483019.95287895
3 methylseq 17027257018 2.83333333333333 1.58726032898276 4 112.232311301159 112.232311301159 0.003204549 2175902.43674387 2.83333333333333 1.84754578305318 5 562.355572839809 562.355572839809 2179186.75 0.000383061 2179186.75
3 eager_1000.dot 8330435694 1.54232732357732 1.64752857874085 36 82.1862603969525 0.317980136239853 1.276297853 21367040.5128005 2.64744208494208 2.76648767932966 36 5.92539428426193 1.25685504874475 24035022.5187046 0.231611947000001 24035022.5187046
3 chipseq_4000.dot 3793245764 1.12794673879579 0.321894190165074 36 1.5472858926684 0.384918455326258 7.65642985899999 111559187.145203 1.85554245283019 1.99696128117821 36 1.53171270709991 0.217907065611395 140633869.776578 6.32554779300002 140633869.776578
3 methylseq_200.dot 11897958606 1.68882275132275 1.80255276770966 28 8.99602114684357 0.115232667637873 0.081220669 11970848.1511072 2.83333333333333 1.86699488536902 30 0.205020663584657 0.205020663584657 11046024.4159127 0.010326487 11046024.4159127
3 atacseq_1000.dot 3908761308 1.18521375383875 0.616463678731916 36 6.03054457374289 0.203158255328839 0.611790833 16588609.0959293 1.63211111111111 1.57840254771365 36 1.51772369844469 0.256952420216333 25880645.4967715 0.166409654999999 25880645.4967715
3 chipseq_1000.dot 3793245764 1.13865007855392 0.688938424824218 36 5.41295811722165 0.202977469315873 0.636326285 27021858.0003273 1.85229700854701 2.01496561297326 36 0.690750671544445 0.201691744744499 35315468.599559 0.170134478999999 35315468.599559
3 atacseq_2000.dot 11809629756 1.15864440703685 0.939056683505895 36 9.83504359772603 0.14279769037631 2.160391156 58021265.4942307 1.55107376283847 1.43628717796677 36 43.9679412967537 0.664690501442089 70346274.2174734 0.895045400000002 70346274.2174734
3 eager_4000.dot 8330435694 1.28502088401123 0.981311554674612 36 38.1889290180906 0.364813883960884 12.269668661 75738866.8675587 2.64497013004475 2.99328777220184 36 8.25673113650002 1.37785600789557 99271639.6422058 8.56750071600005 99271639.6422058
3 methylseq_200.dot 22500260922 1.67733134920635 1.77940038179391 28 4.35064406303586 0.00826784531559479 0.081112947 10058053.1205991 2.80208333333333 1.67287200408623 33 0.310011196986957 0.310011196986957 16483501.7992405 0.010376034 16483501.7992405
3 eager_4000.dot 14754556884 1.3681553031098 1.07158279073203 36 30.5175081495412 0.109437389046948 15.207715571 106963670.89839 2.54073874223129 1.83968024384711 36 28.2281050132012 1.55356306777296 187349478.453782 9.39000912900008 187349478.453782
3 methylseq 6761426956 2.83333333333333 1.58240908899681 4 64.7957954435087 64.7957954435087 0.003163546 1080338.88563159 2.83333333333333 1.84497552032454 5 231.704189927559 231.704189927559 1082623.6 0.000382837 1082623.6
3 eager_200.dot 19100037384 2.88674388674389 2.05038803103778 17 118.632493817783 3.86991605869447 0.131421116 7189437.08213221 2.82153582153582 2.09703009211988 18 25.9504656237638 4.66622166097715 11290031.0216524 0.01995231 11290031.0216524
3 methylseq_20000.dot 8885797810 1.35377881311256 1.82528053769641 36 15.6550793477372 0.120141742814628 901.209403700003 666875241.150723 2.83333333333333 1.84490056717353 36 0.166032499722619 0.166032499722619 780063827.693181 867.313186941018 780063827.693181
3 atacseq_25000.dot 2223941232 1.11191091848519 0.270393593470074 36 1.1603156185085 0.359210998985028 1177.06990905501 279052079.181335 1.62038442460317 1.28605370621155 36 8.32519390523177 0.527373824150729 300035701.673107 1471.74126958399 300035701.673107
3 eager_20000.dot 25705994498 1.29591033236364 0.990947803000312 36 39.0125641498222 0.191447323815864 905.637825885004 939994951.126865 2.53408421100732 1.84954265052185 36 70.4912200074805 5.23442347336409 1252451240.69163 1078.42810126703 1252451240.69163
3 eager_25000.dot 19075314980 1.20662841216822 1.1395779743045 36 30.2770853917165 0.15017719038099 1467.94162981802 845886379.299286 2.81689896583514 3.09386047097882 36 34.4596192728944 1.74784673306482 991423732.054089 1863.54897116804 991423732.054089
3 chipseq_15000.dot 5058052541 1.16926705042313 0.633757277565746 36 3.26881880276618 0.414141630385616 343.717030676001 561007302.246877 1.85065386755704 2.47012236179048 36 6.5321565154963 0.549976698817485 605542365.163217 427.131697761003 605542365.163217
3 chipseq_1000.dot 5058052541 1.25077406567791 0.94410831361122 36 8.50568021636817 0.314154744192512 0.575290151 32972855.9616675 1.84722222222222 2.54097387800935 36 1.01993236858214 0.602623710667649 40675738.351398 0.160326821999998 40675738.351398
3 atacseq_15000.dot 11809629756 1.12336123150929 0.712642338315942 36 5.86746597414735 0.161142909138781 334.459393584003 451007666.308889 1.55844235697751 1.44653250516205 36 45.2765457817542 0.600354051528192 501516085.711941 435.065438831 501516085.711941
3 methylseq_2000.dot 8885797810 1.35436189201249 1.85140943302356 36 40.2140166493476 0.111456127640752 2.38144775 65725341.1536979 2.83333333333333 1.89158000110423 36 0.165858957691374 0.165858957691374 78569106.6858115 0.908813847999998 78569106.6858115
3 chipseq 41366257414 1.69791666666667 1.05219805030152 4 8.01382084724923 8.01382084724923 0.005468994 21140593.659551 1.65625 1.32880479742452 5 7.22919619463896 7.22919619463896 22503568.9115015 0.000680972 22503568.9115015
3 methylseq_15000.dot 8885797810 1.33390627846194 1.8031654109336 36 37.2233976410849 0.119872694621911 453.593033732 499989701.713054 2.83333333333333 1.84465096642266 36 0.166023815490533 0.166023815490533 585048295.253138 484.772656546996 585048295.253138
3 methylseq_30000.dot 17027257018 1.15312050746227 1.94256671891802 36 53.9603162534976 0.104235400030884 2267.31762711802 2345517496.42304 2.83333333333333 1.84428946932287 36 0.165946750039163 0.165946750039163 1812080392.57098 2946.66245072602 1812080392.57098
3 eager_2000.dot 19075314980 1.52962318107266 1.31881036697804 36 95.5540812173298 0.140959297525853 3.656712599 75330729.0271421 2.81677781677782 2.93315817011445 36 27.5236112504418 1.16596579019104 81485644.3299359 1.149980295 81485644.3299359
3 eager_2000.dot 19132169434 1.52773561409925 1.33789616351068 36 100.353048248229 0.14500651711919 3.88524908 76693673.2368157 2.81806481806482 2.77111588335138 36 40.0944741939657 0.917794307747863 83604358.7904459 1.19046479599998 83604358.7904459
3 chipseq_20000.dot 4605965334 1.13300217330644 0.43117949427914 36 2.27142568509014 0.380413358488132 732.979020485999 675957234.66063 1.86450511055487 2.09161236271054 36 10.2751116201715 0.284224903360363 668245015.670723 867.568849149014 668245015.670723
3 atacseq_200.dot 11187378708 1.43787698412698 1.28376704961246 17 4.60687806294473 0.377093006784396 0.06549558 4248777.46738423 1.60111111111111 1.62713793093187 20 3.44225361571471 1.58232086744853 8993641.62975515 0.011610993 8993641.62975515
3 chipseq_15000.dot 3793245764 1.11812662156985 0.329033958967132 36 1.49125518360538 0.384565599362784 352.627916625999 428661402.252967 1.85027128547578 1.99529311980605 36 1.91223378014427 0.22426946700695 526377181.487284 432.168981126999 526377181.487284
3 atacseq_8000.dot 14091675276 1.11440979858125 1.02091326603751 36 13.9962140435166 0.187767878120513 53.1730290829999 535391338.7625 1.56613821138212 2.04757436453084 36 7.70311402077147 0.330703027482831 634543692.830319 61.2046955789997 634543692.830319
3 eager_10000.dot 19132169434 1.30434215707538 1.12919234287651 36 31.3998931724115 0.148763838164185 156.218386172999 337172503.884661 2.81706304783228 3.04949816450632 36 31.6559884804654 1.49919074378346 402315926.881902 199.522099952001 402315926.881902
3 methylseq_8000.dot 11897958606 1.35042780876114 1.96340022204844 36 8.97790131971095 0.0782535644841413 74.856485875 471100089.167986 2.83333333333333 1.84856140716822 36 0.165943679695416 0.165943679695416 408602904.293345 71.7278135349997 408602904.293345
3 eager_15000.dot 25705994498 1.29239301280331 0.994824383807027 36 40.6658954866217 0.18379743332963 481.267462987003 697637916.899155 2.53428997051046 1.84880098374502 36 67.1165324014326 4.4365505397197 941576653.941639 566.656857330018 941576653.941639
3 eager_1000.dot 19075314980 1.62111832424332 1.73720840676055 36 81.750961140594 0.188537644303727 1.462437653 46325836.998633 2.81660231660232 2.78011381380974 36 22.8610583731701 0.919585241119585 40886378.2915965 0.239130435000001 40886378.2915965
3 eager_30000.dot 25705994498 1.19611654478218 0.975902203716909 36 40.5897784071203 0.224172170580916 2233.77577197502 1509363107.93282 2.53408121282134 1.85032426023988 36 71.5744679277222 6.60751201542527 1881602190.06657 3384.17607611405 1881602190.06657
3 eager_10000.dot 25705994498 1.29121339362511 0.973585430155523 36 37.5568646879468 0.196358132700406 163.47881257 484001781.435515 2.53458454227683 1.84962212823055 36 69.3489420217998 11.6474471508666 628303773.445 200.600574564001 628303773.445
3 chipseq_20000.dot 3793245764 1.11822657942806 0.322141209547858 36 1.45924518439846 0.394705209037444 721.710637236004 567812630.654214 1.8542318523154 1.99575776235562 36 3.76011085839206 0.223480492751246 698919432.40014 835.434889001005 698919432.40014
3 chipseq 5058052541 1.78125 1.20852977496231 4 11.6275346041596 11.6275346041596 0.006274785 2101134.20495645 1.82291666666667 1.62573898598462 6 7.30145076958673 7.30145076958673 2338331.75806325 0.000908824 2338331.75806325
3 chipseq_30000.dot 41366257414 1.10007970553215 1.08443513771827 36 7.10358801477519 0.0248302691637452 1903.032677642 6938279320.35913 1.41911786607889 1.30229269284926 36 6.37249591594731 0.302702499630117 9704593958.32037 2516.77499477605 9704593958.32037
3 eager_8000.dot 14754556884 1.3067690018567 1.00854464154766 36 25.7241094679021 0.129062542798709 73.8837141820001 213840903.974027 2.54741234741233 1.88111338709436 36 29.9060536036717 4.64323076339737 381697212.113977 90.641436791001 381697212.113977
3 chipseq_30000.dot 32978181418 1.21012757137911 1.53658054708435 36 13.5689521633256 0.0335817755030123 1862.75029783202 7235142285.6191 2.00039095079233 2.50499159463102 36 1.80287545773605 0.735843168701053 12698117615.003 2503.3142325631 12698117615.003
3 methylseq_25000.dot 110641579976 1.09975183330923 2.01670573897152 36 45.952246141319 7.76120439561027e-05 1669.164505282 11048668405.8486 1.55896943510962 2.94470085173423 36 122.191749273011 118.693144090328 21413197571.6273 1684.13971444902 21413197571.6273
3 eager_10000.dot 14754556884 1.29531709135092 1.05706824615447 36 24.8824241429331 0.127701357480251 166.652098643 273032751.174655 2.54537112229418 1.8698499800718 36 28.5340329407158 2.72733673583191 476974493.923857 202.203062564998 476974493.923857
3 eager_30000.dot 14754556884 1.23733780808232 1.03362525280268 36 23.3040019763818 0.127026844180938 2188.385390437 808332868.713242 2.54759325231765 1.88475868993329 36 32.1923942571373 5.51785231170906 1439129946.42529 3391.54676751212 1439129946.42529
3 methylseq_8000.dot 6761426956 1.31715246993026 1.77213812235175 36 34.3472867410995 0.116218161615094 77.996923244 202535348.773882 2.83333333333333 1.84406972121865 36 0.165532858469431 0.165532858469431 239780398.459749 80.433296880001 239780398.459749
3 atacseq_10000.dot 11809629756 1.12780387847384 0.731652763311677 36 5.95671446545439 0.158185450633745 120.198953766 300548910.97956 1.54643205915179 1.43145498778479 36 20.8961413696493 0.709449974253549 351120929.253503 148.508877756998 351120929.253503
3 eager_20000.dot 19132169434 1.21604928038103 1.14993109998039 36 31.1740992759926 0.158011836804504 845.078050332995 691025881.668329 2.81684220145759 3.07580320426853 36 383.797241079659 1.64934555311676 798709121.432946 1067.61417955603 798709121.432946
3 eager_200.dot 19075314980 2.87807807807808 1.81876989357305 14 45.6784098440455 3.97938532774028 0.130279585 6617278.1691851 2.81552981552982 2.13309144794416 18 33.0184077925449 9.26024931544619 11106796.7116396 0.020560449 11106796.7116396
3 eager_20000.dot 14754556884 1.24228441721804 1.05106743742704 36 19.7439922095173 0.118630530480716 871.23573172101 537319297.274584 2.5469748546672 1.88177713633441 36 30.8837971137316 4.20925516830332 956421588.11287 1111.01412485699 956421588.11287
3 chipseq 4807293396 1.97916666666667 1.30241831522019 4 7.72360014975766 7.72360014975766 0.006208126 1729968.32011755 1.82291666666667 1.45814033294672 5 6.15623079984206 6.15623079984206 1923547.97403275 0.000856267 1923547.97403275
3 eager_15000.dot 8330435694 1.25675289624306 0.859799442190698 36 34.7018962181516 0.415996819924954 454.426279978 310750451.788249 2.6555498130301 3.05017538779076 36 325.699473896744 1.94725141672366 372899755.896762 563.577980826016 372899755.896762
3 methylseq_10000.dot 6761426956 1.39983294905265 1.76887119241689 36 34.795785817427 0.116949945686418 171.717967497 253796144.584725 2.83333333333333 1.84447957880223 36 0.165547005063165 0.165547005063165 300264581.549494 173.182745738002 300264581.549494
3 methylseq_1000.dot 22500260922 1.42195767195767 1.27983281591341 36 31.5980954986718 0.00296894284575726 0.643807607 47045915.5396367 2.72489959839357 1.46749334462773 36 1.59060049469965 0.291818101152781 82006798.3770273 0.170034039 82006798.3770273
3 methylseq_8000.dot 22500260922 1.17309174253619 1.27398940004529 36 18.2220882778822 7.4040235416002e-05 77.9920615510004 378813447.676913 2.75375375375375 1.4953617042191 36 27.7511582157744 0.309672627102256 635632680.773459 88.1992768120007 635632680.773459
3 methylseq_25000.dot 8885797810 1.38505525963519 1.79068671902267 36 36.7751104281996 0.120455588462285 1557.57333759501 834654609.521218 2.83333333333333 1.84406774074843 36 0.166037319793426 0.166037319793426 975079360.133223 1602.14772705398 975079360.133223
3 atacseq_1000.dot 2223941232 1.19391543641544 0.535381089132141 36 2.48536101402545 0.0783986474887819 0.638080381 6570062.86789705 1.65087301587302 1.28519442770846 36 1.836680153848 0.576147377906985 13459388.5394236 0.167542587 13459388.5394236
3 atacseq_4000.dot 3908761308 1.15868649251182 0.352856989657556 36 1.78804991602224 0.328372600764416 8.78625057899998 73295038.8986385 1.64421296296296 1.54552316560359 36 1.47055987025935 0.240434082313867 100519518.740276 6.20240696399999 100519518.740276
3 chipseq_10000.dot 3793245764 1.11426012636069 0.310155868449454 36 1.38823110694381 0.414277837404128 115.204877159999 275120183.673366 1.85134711779448 1.97881200956559 36 1.82717229873724 0.218722140943394 348827763.938109 140.009266144999 348827763.938109
3 eager_1000.dot 19132169434 1.65201276763777 1.70720567908357 36 53.1237443194866 0.166166164187404 1.303556702 41878461.6725338 2.81660231660232 2.77311615481472 36 22.1030159989085 0.901680253487597 41091167.2962632 0.236833341 41091167.2962632
3 methylseq_20000.dot 17027257018 1.43711770422456 1.9634043127302 36 9.76776894306775 0.117851761306144 888.844324683003 1642227560.30227 2.83333333333333 1.84482289030728 36 0.165938340378168 0.165938340378168 1209504752.92411 836.084134714003 1209504752.92411
3 eager_8000.dot 25705994498 1.32347970013602 0.985585451323039 36 41.2879184443334 0.189418600159193 77.6210558910007 379922687.860665 2.53435244768577 1.84221218466703 36 59.2044872760161 3.08612875367388 502473583.569996 93.6473571460005 502473583.569996
3 methylseq_2000.dot 17027257018 1.46242111302352 1.99443861926261 36 9.00606690886188 0.115146229677404 2.265620146 162450351.99064 2.83333333333333 1.89020874895669 36 0.165767351155987 0.165767351155987 121824062.677166 0.911551790999998 121824062.677166
3 methylseq_4000.dot 6761426956 1.3465211242989 1.77594651366951 36 34.280185038997 0.114100038152298 12.647179238 101310056.467314 2.83333333333333 1.85104264266506 36 0.165492828797334 0.165492828797334 119891599.425836 6.71558139400001 119891599.425836
3 chipseq_8000.dot 4807293396 1.1471612895986 0.51245554709527 36 3.7310855109096 0.365159053361543 50.1960452830001 254710438.91244 1.86703239289446 2.75284752752912 36 7.19816364868697 0.551120541179958 260640464.54414 67.403934899001 260640464.54414
3 methylseq_20000.dot 6273818718 1.41852455267823 1.32757836262706 36 20.7165814164225 0.129335575309583 920.998280694008 389904528.740342 2.36694677871148 1.50962127175367 36 237.3209543837 0.483528786004617 582270788.545821 926.606416132998 582270788.545821
3 eager_4000.dot 19100037384 1.33682329264096 1.16537870679226 36 42.2236538915015 0.12669277575411 14.549012582 135780187.027113 2.81722660827139 3.01564884005988 36 28.4155550136918 1.34352945189171 161225251.408224 8.82825926700008 161225251.408224
3 methylseq_20000.dot 22500260922 1.13615366781637 1.27435782625285 36 18.2337973334975 2.31928833162751e-06 957.597210165003 947766788.185605 2.75690276110444 1.49440734073549 36 0.338578022971962 0.303136915260212 1564031576.58543 970.171734508005 1564031576.58543
3 eager_2000.dot 14754556884 1.40088841838067 1.20600063123693 36 56.3287372477662 0.14598129922063 3.556457254 60257858.5182886 2.53236294145385 1.78637897032784 36 27.632693933942 0.958151988513792 90807806.7912829 1.190824246 90807806.7912829
3 atacseq_20000.dot 11187378708 1.12608046885604 0.672667480820868 36 4.95801058913964 0.136908539622559 698.440763325999 599577224.651092 1.55342475043403 1.44325313945371 36 65.4070421581056 0.639509481146689 727179689.525596 863.55614304801 727179689.525596
3 methylseq_4000.dot 22500260922 1.12861273972385 1.27381658204503 36 18.2672035213643 0.000389886788697475 10.901261934 190212295.537556 2.74574574574575 1.52077634619859 36 1.65263109364877 0.353848700101905 335414621.629624 6.87373944900005 335414621.629624
3 atacseq_15000.dot 2223941232 1.12225935088507 0.2784048553754 36 1.22412712052624 0.356889399425764 338.829704476001 168580440.312696 1.64035321593916 1.29069383381534 36 8.2955517654792 0.579004468377609 180378685.932252 449.325145224999 180378685.932252
3 atacseq_8000.dot 2223941232 1.12892861376363 0.306480489649568 36 1.40386083468294 0.338832474122072 58.9450547479998 87347374.3890761 1.60433991482772 1.29708863970892 36 3.78689080705163 0.533859596041228 97457232.6562036 67.2589671620004 97457232.6562036
3 chipseq_200.dot 41366257414 1.31866496598639 1.05356183767349 16 4.74672166739361 0.104794078135155 0.052008742 44386404.1763126 1.6547619047619 1.11494370453236 23 4.46806432896478 0.564934029255058 66708664.8823746 0.00826034000000001 66708664.8823746
3 eager_200.dot 19132169434 2.86726726726727 1.97666450085683 16 121.984430079401 3.44243045855059 0.143042764 6618260.402313 2.76121836121836 2.15031517608198 19 77.4173678000652 13.0889068401539 11454105.0082956 0.020765401 11454105.0082956
3 chipseq_25000.dot 4807293396 1.13359835234834 0.48235541560505 36 3.55582797841275 0.36339259571062 1208.53752763101 817948502.225237 1.84205038371707 2.91212247795312 36 5.43589121561382 0.754526145695555 814322888.159186 1464.43709232606 814322888.159186
3 atacseq_4000.dot 2223941232 1.16228038029509 0.22979678398177 36 1.62684981967348 0.300943215307666 9.338050983 42595357.8645419 1.63910383597884 1.28843101910238 36 2.33094152704562 0.548773301709667 48757128.3576299 6.10529944099994 48757128.3576299
3 chipseq_10000.dot 41366257414 1.11084310426416 1.07254604755404 36 7.58301514370184 0.0207116534039215 119.763913252 2283221555.20175 1.43549349564387 1.29497863961559 36 5.08475112148656 0.278879459266631 3070008446.066 150.895113469001 3070008446.066
3 chipseq_4000.dot 4605965334 1.1005056918972 0.429630525079199 36 2.30552716147281 0.406916804848434 8.30378629899999 129145916.712291 1.85894916142558 2.13126465418908 36 2.61032517003307 0.291081618089329 130667223.260447 6.74530832999996 130667223.260447
3 atacseq_10000.dot 2223941232 1.12332909563566 0.276990792605343 36 1.28673829896241 0.335163145179863 119.78328027 111783146.636704 1.61233103918651 1.29293644221106 36 7.95232511289812 0.547209974678872 120840300.890642 153.347201605001 120840300.890642
3 chipseq_25000.dot 3793245764 1.12944617632116 0.315019451347038 36 1.47223884262949 0.364029446025565 1178.43701938703 726668275.369672 1.85465674007343 2.01456720114684 36 4.48217835791459 0.23209265585975 874768229.401027 1395.02941708506 874768229.401027
3 methylseq_25000.dot 17027257018 1.43883592803421 1.96207091284784 36 9.91635960398815 0.10428904442332 1489.295760733 1955131677.91856 2.83333333333333 1.84496618919249 36 0.165943104977611 0.165943104977611 1511879984.81279 1432.86707696406 1511879984.81279
3 eager_30000.dot 19132169434 1.2034414087158 1.11942666712672 36 25.6170385464122 0.1458210058462 2218.85312292699 1018531251.41176 2.81686833064787 3.08461156232495 36 474.429563422911 1.70011238195607 1199283883.55726 3387.70001525211 1199283883.55726
3 eager_2000.dot 8330435694 1.4865306410761 1.28063075174101 36 105.313854441225 0.397710783377343 3.82898492 46688436.1766935 2.66420966420967 2.87605345622157 36 5.22274303244669 1.42550252735154 49157108.685695 1.19536528 49157108.685695
3 chipseq_30000.dot 5058052541 1.16366634824724 0.627318390224922 36 3.12299133833905 0.421337073291352 1886.89298518302 1124087710.86457 1.84655615790938 2.54983933885647 36 1.05225256020497 0.587623647499097 1210373411.4957 2506.42204837499 1210373411.4957
3 methylseq_4000.dot 11897958606 1.4644406311073 1.96927930696399 36 9.14868149144001 0.0810201786005834 11.613044211 238563447.478256 2.83333333333333 1.85587534389368 36 0.165903562357911 0.165903562357911 204302987.25008 6.12243269300003 204302987.25008
3 chipseq_4000.dot 4807293396 1.16382399047493 0.528585634997644 36 3.69648439479477 0.37393551478036 8.51389588800001 123682302.884833 1.84931865828092 2.83716557237913 36 7.37234152514458 0.708726275159547 130282491.358616 7.11435482399997 130282491.358616
3 eager_200.dot 14754556884 2.87112827112827 1.67846628585143 14 69.3372985596439 20.7086648041203 0.132607353 6971301.81185219 2.3987558987559 1.70410190914514 18 28.0167009284723 4.18189969035703 9416196.77234195 0.020049569 9416196.77234195
3 methylseq_15000.dot 22500260922 1.13859659155898 1.27479733530023 36 18.3150231079707 4.76499524221855e-05 467.323104990999 711029954.744065 2.75900720576461 1.47393615244662 36 32.1447055164273 0.28000523676484 1132766924.28603 523.294738637003 1132766924.28603
3 chipseq_20000.dot 32978181418 1.24240188003484 1.51719519384649 36 13.4366295767454 0.0370336707160467 708.275377938005 4847899431.74525 2.00316802252816 2.3944347596649 36 0.903666156146047 0.4300722029951 8459682103.33956 843.401669659011 8459682103.33956
3 methylseq_2000.dot 6273818718 1.29369860393957 1.2976858703325 36 19.885993229049 0.10448840531149 2.351517473 36495277.1695315 2.36947791164659 1.51649048371965 36 53.2744662037895 0.467755890465845 58607288.5458213 0.923248625 58607288.5458213
3 methylseq_1000.dot 17027257018 1.56899024670109 2.01696713348965 36 9.26992611356513 0.106848863891204 0.637658793999999 78849912.6540282 2.83333333333333 1.92241769936109 36 0.165576661978569 0.165576661978569 60913944.0233357 0.169406466 60913944.0233357
3 eager_25000.dot 19100037384 1.21607022041774 1.11000864572314 36 28.8900391345899 0.146965805383773 1453.653868505 821905992.081877 2.81721234912725 3.09024639401057 36 33.1927260619364 1.70431277717645 994047394.130168 1872.39671390003 994047394.130168
3 chipseq_8000.dot 4605965334 1.1331385274861 0.423035623059855 36 2.18082181926617 0.398072567126831 46.6254187819999 261684093.844937 1.8558973354232 2.094777499278 36 5.35375931503667 0.272988890287696 263372383.609307 52.4763757679997 263372383.609307
3 atacseq_2000.dot 2223941232 1.17674840178084 0.296290945022941 36 1.98609409074114 0.244695113529568 2.221456232 18734068.1724622 1.6171860410831 1.29142245869592 36 2.36806355371324 0.561021213570982 25620183.8883276 0.921766511000001 25620183.8883276
3 methylseq_200.dot 6273818718 2.36855158730159 1.77139962327161 28 2.87705582819962 0.00239440712844901 0.08558877 3376670.47792396 2.39583333333333 1.60664346033089 36 7.29428973019771 0.425580836210087 6240938.54582128 0.009750648 6240938.54582128
3 atacseq_8000.dot 11187378708 1.12011267854974 0.69935820311633 36 5.2984660062541 0.143319996257744 61.0459989900001 241155771.866872 1.54788133952768 1.42933081354315 36 17.6952879782004 0.606156370609015 291469694.289483 67.4617891150001 291469694.289483
3 methylseq 8885797810 2.83333333333333 1.58678727108774 4 108.982601289797 108.982601289797 0.003159917 1403217.83435457 2.83333333333333 1.84677389352205 5 322.706744616268 322.706744616268 1404687.375 0.000379311 1404687.375
3 methylseq_10000.dot 22500260922 1.12167724232552 1.27411279738013 36 18.2026513180111 0.000119010372762984 175.205439495 474212789.712761 2.74769907963185 1.54743440427042 36 58.8209300691172 0.416941643513211 860796225.131335 175.851978371999 860796225.131335
3 methylseq_1000.dot 6761426956 1.48129024032638 1.90197576053868 36 17.106685821569 0.101090552711302 0.650774377999999 24952163.0072979 2.83333333333333 1.91994589257529 36 0.165208621375857 0.165208621375857 30244763.9055464 0.168105989999999 30244763.9055464
3 chipseq_2000.dot 3793245764 1.12059466114055 0.381740782314561 36 2.11334943505818 0.325659131199544 1.79193774 56919859.0659438 1.85403481012658 2.01612740658086 36 0.707327419000186 0.21826849220024 71085111.1407385 0.883197292000007 71085111.1407385
3 methylseq_25000.dot 22500260922 1.1481221122364 1.27624384698256 36 18.5107892762185 3.90333413204807e-06 1564.949877711 1185973834.11802 2.76500240038406 1.45133815121905 36 0.281833906817027 0.258826110584437 1751667863.55033 1662.93928692905 1751667863.55033
3 chipseq_30000.dot 3793245764 1.11621238609874 0.319642037913626 36 1.48936205967876 0.394627274813454 1906.334146123 859212646.24338 1.85375834028359 2.00631105509994 36 2.83404557866211 0.22732735001091 1044157376.97578 2469.10011828804 1044157376.97578
3 methylseq_1000.dot 8885797810 1.42916108879964 1.90767717744792 36 13.0353964318488 0.106036779067243 0.641580935 33268045.4939303 2.83333333333333 1.92395597613006 36 0.165665446966126 0.165665446966126 39285402.3093984 0.164881284999999 39285402.3093984
3 eager 19132169434 2.84684684684685 2.52433725391609 8 93.7113630931174 93.7113630931174 0.037646621 6570711.33705392 2.83140283140283 2.45269401016395 8 67.242632896539 67.242632896539 6631370.47303754 0.005769453 6631370.47303754
3 methylseq_10000.dot 17027257018 1.52050820328131 1.96448930050464 36 9.87001543374455 0.116839586447305 152.610885438001 818590867.536685 2.83333333333333 1.8475628455275 36 0.165913216676203 0.165913216676203 604754289.14682 167.272453762002 604754289.14682
3 eager_200.dot 8330435694 2.9051051051051 1.83461307361686 16 181.987535705333 22.8080811264937 0.139739095 3773248.51367614 2.72972972972973 2.15129253518576 18 16.9983540485094 10.9338803514682 4914918.3477336 0.020088688 4914918.3477336
3 chipseq_10000.dot 4807293396 1.1448669986029 0.482927779036364 36 3.33891481962229 0.36622255440025 122.266733205 320961862.358395 1.86244256474519 2.57275841806999 36 35.3401877243854 0.428809979592862 322359723.704771 149.606013562999 322359723.704771
