algo_nr wf_name inp_size avg_spread_dyn cv_proc_load_dyn num_used_procs_dyn idle_to_work_dyn idle_to_work_30s_dyn dur_alg1 ms_1 avg_spread_stat cv_proc_load_stat num_used_procs_stat idle_to_work_stat idle_to_work_30s_stat ms_perc dur_alg2 ms_2
3 atacseq_30000.dot 14091675276 1.07822018048486 0.763426149869126 36 2.78443693865753 0.0114763273610687 1830.84023747203 726325657.925796 1.28705466798771 2.44347735290101 36 21.2738577441985 1.38515888175943 3546702852.58368 2510.49876965408 3546702852.58368
3 chipseq_15000.dot 41366257414 1.09123627138024 0.879721080793387 36 3.78204213956132 0.00133395124816101 339.849626356999 1455340795.69344 1.32538730224978 2.13946583999168 36 2.53589795842381 1.67936352677583 6580132065.70052 424.59548373 6580132065.70052
3 methylseq_15000.dot 6761426956 1.12248740791577 1.79485631499782 36 20.3456633329609 6.03164021888795e-08 489.892284536001 223409109.396292 1.66666666666667 2.34975048445837 36 15.4430792287773 15.4430792287773 674509959.638873 498.280241063002 674509959.638873
3 atacseq_15000.dot 3908761308 1.07978131006767 0.181981691033159 36 0.336437534194559 0.0261226617255708 329.068674257999 94931086.6386437 1.40940316013558 1.84900291966344 36 3.60905694087906 0.240845421353659 329297960.331548 431.926077869 329297960.331548
3 eager 19075314980 2.11171171171171 2.49686047078192 8 63.4089884268036 63.4089884268036 0.03710432 5875456.12489289 2.58108108108108 1.69996465093241 8 99.0234009319121 99.0234009319121 5760709.98553536 0.005823762 5760709.98553536
3 eager_1000.dot 25705994498 1.42091841154341 1.68074552881626 36 52.7139666966211 0.106415128158603 1.0513076 28173812.2062657 2.49694337194337 2.15169071982531 36 28.9887548936535 0.326153596675242 35464846.3093816 0.237009340999999 35464846.3093816
3 eager_20000.dot 8330435694 1.2193147742995 0.823786994534329 36 8.37448713866146 0.0422069866255978 827.811985479996 113823807.597503 2.70918340149113 2.58623956591167 36 117.118557486041 0.469899003332221 263928661.45602 1096.51987597303 263928661.45602
3 eager_25000.dot 14754556884 1.21953535620619 0.861084269057413 36 12.2034965028502 0.0206845840809064 1418.30983206299 314814620.509083 2.46522510352299 1.97058445735736 36 89.5628635508361 0.765358464276946 604669911.612553 1888.74738185601 604669911.612553
3 methylseq_1000.dot 110641579976 1.15641932810608 1.92332935879241 36 86.3467296975036 0.00133902343941433 0.677313024 234299145.052809 1.62784471218206 2.70470420137806 36 121.844135497138 119.594384167796 614627716.023702 0.169574239 614627716.023702
3 chipseq_200.dot 5058052541 1.31058673469388 0.768561489033202 16 5.2484064015587 0.0666295337999976 0.063664706 2822636.23689739 1.44047619047619 1.45711041791908 18 1.41584608967629 0.766844336609343 7095783.68227828 0.00919239399999999 7095783.68227828
3 atacseq_30000.dot 11809629756 1.08899490391497 0.645890705722188 36 2.22240502360283 0.0218574813546334 1855.48297074202 346121716.048454 1.36834728328553 1.40712351396937 36 10.6498132816559 0.500279832550788 1357220463.78014 2504.09522323615 1357220463.78014
3 methylseq_1000.dot 6273818718 1.1478612864155 1.21461639365364 36 12.8254942361928 0.00202962007850569 0.698310094000002 11792674.1426787 1.58768406961178 1.64087166319303 36 8.07920896828776 8.07920896828776 31821588.6445995 0.168905048 31821588.6445995
3 chipseq_4000.dot 41366257414 1.05398748264314 0.811694617677109 36 3.14970995760026 0.00127794905098611 6.57030229799999 378398723.451093 1.32772255914944 2.14345141489264 36 2.51159794518089 1.6786264650096 1749556947.89537 5.51623946699998 1749556947.89537
3 atacseq_2000.dot 14091675276 1.09747461184529 0.830553596799638 36 4.20753022225424 0.00959800596954235 1.685411041 48370232.5490921 1.28635620915033 2.38195639456099 36 10.5737100895521 1.25190466459304 235744144.073699 0.917105443000001 235744144.073699
3 atacseq_1000.dot 11809629756 1.12550865147924 0.824775137824195 36 2.05227532924805 0.0221534065354527 0.61942829 11209424.3033549 1.3845119047619 1.5142052156134 36 6.81751940364797 0.517316698499771 41429432.733386 0.164916505 41429432.733386
3 methylseq_200.dot 17027257018 1.25570436507936 1.76011987751185 28 3.93812597303151 0.00317560766401088 0.079342008 6873300.43650399 1.66666666666667 2.31872117718571 33 16.5504329306065 16.5504329306065 17402757.0448057 0.010016907 17402757.0448057
3 methylseq_30000.dot 110641579976 1.13607453563438 1.84821852005418 36 23.8234073581866 2.89707920559297e-05 2528.602169093 6976576024.48184 1.56355875683604 2.63469631449367 36 23.7635549501271 19.184507395376 14297884971.8414 3233.76318146415 14297884971.8414
3 methylseq_8000.dot 110641579976 1.14051948774171 1.85165116289335 36 24.0353510371294 3.94463306811954e-05 81.905821748 1859882923.15123 1.6196196196196 2.24670040669697 36 12.3345085139766 7.53455361494995 4717485364.3612 84.2072999970022 4717485364.3612
3 methylseq_20000.dot 6761426956 1.12694522253349 1.79867221163109 36 20.56649604002 1.35369023240076e-07 1014.447899227 298113005.646742 1.66666666666667 2.35113501920142 36 16.0231303975367 16.0231303975367 898985866.954964 932.639717760006 898985866.954964
3 atacseq_8000.dot 3908761308 1.07981054872914 0.213270428196667 36 0.410313406228784 0.0231212895919058 50.7303767929999 53753512.4136354 1.40336091753775 1.76063457218328 36 5.27870036952495 0.225144259348592 176071202.06886 61.2346283659999 176071202.06886
3 methylseq_8000.dot 17027257018 1.18429739263072 1.87949098273266 36 4.1606217457225 4.44825314860798e-05 65.5433883399999 278038050.472681 1.66666666666667 2.35767559024773 36 20.6602288353983 20.6602288353983 724235266.613516 60.3194725010005 724235266.613516
3 atacseq_10000.dot 14091675276 1.07905518381019 0.785906503463052 36 2.96535015773041 0.00756183735896282 105.469636696 237864599.429331 1.2674289279514 2.41845557032851 36 8.08515850137741 1.38037437714621 1181982644.58991 138.996865857001 1181982644.58991
3 atacseq_20000.dot 11809629756 1.08887879918942 0.677720353864558 36 2.41364738876983 0.0224623039505608 682.256118405999 231658667.238425 1.37038709852431 1.44156227621473 36 6.68552173244764 0.488148980790194 834163652.575542 880.525390128998 834163652.575542
3 atacseq_30000.dot 3908761308 1.07779682803491 0.174907484021174 36 0.320917250942315 0.0280844298612904 1848.54391435001 190041100.484427 1.39517079660935 1.63457532403582 36 3.43652771453631 0.223766950299015 658032096.007123 2600.39508743015 658032096.007123
3 eager_2000.dot 25705994498 1.46840401893877 1.39090924514776 36 30.3344721543835 0.0516192844093917 2.975896128 44689674.4704872 2.45401895401895 2.16084225357499 36 12.8587082630025 0.560644714770556 71561477.4974746 1.176605333 71561477.4974746
3 eager_1000.dot 14754556884 1.41232101232101 1.86535391692505 36 77.346255708095 0.0753646049076507 1.308550658 21027828.7541487 2.48696106821107 1.86814686786185 36 42.0804623622628 0.138931805416337 27775755.30189 0.238777368 27775755.30189
3 atacseq_30000.dot 11187378708 1.08317147224318 0.656857657044483 36 2.11266715892866 0.00750373220492439 1824.35478832601 352998227.681238 1.35114674283239 2.19761019967788 36 8.35057773518989 1.88367642414076 1916944231.24936 2465.91121363303 1916944231.24936
3 methylseq_10000.dot 8885797810 1.12408773033024 1.8125217150258 36 21.4143642585796 2.9059710406048e-07 168.948015146 193713670.721871 1.66666666666667 2.36128433469194 36 23.5311530424026 23.5311530424026 584705751.682395 174.177419428003 584705751.682395
3 atacseq_4000.dot 11809629756 1.1067537785621 0.739594537270565 36 2.73320660509988 0.00777669515198696 7.762862611 43309516.3140216 1.37239210499014 1.59453310212961 36 4.3591156573739 0.541392839145998 147502139.542018 5.73566972299997 147502139.542018
3 atacseq_1000.dot 14091675276 1.09587647075147 0.872413219151785 36 2.16849739071242 0.010141236059531 0.484937364000001 24480502.5467654 1.28499338624339 2.43678732523715 36 6.61452007137288 1.38247136294112 115952144.709348 0.165372626 115952144.709348
3 methylseq_4000.dot 6273818718 1.15923860368304 1.20521729307409 36 11.5440835165405 0.000172279488239763 12.199332139 46300678.3678017 1.58458458458459 1.65973229921455 36 9.61255819330349 9.61255819330349 125767607.823694 6.46300217500002 125767607.823694
3 chipseq_1000.dot 4605965334 1.13853534286227 0.521773407740375 36 1.71481915568505 0.0162524298541356 0.619588602 10115739.4953513 1.46398046398046 1.78410386825933 36 2.02027939755589 0.246807830705839 37207176.7205292 0.164252885999998 37207176.7205292
3 atacseq_200.dot 11809629756 1.32837301587302 1.03585192396289 17 2.22178795480209 0.0929014182420694 0.067015477 2989659.63949919 1.43349206349206 1.56885015425729 28 3.36696042249944 0.917926380696154 9350068.26826606 0.011307549 9350068.26826606
3 eager_8000.dot 19075314980 1.36376265490814 1.00885249928714 36 16.1934867842187 0.0385912952780969 70.0728610379999 119069520.708567 2.69458237458236 2.75482852447045 36 102.393043071875 1.06085463767898 260122962.516089 101.514758831001 260122962.516089
3 methylseq_10000.dot 110641579976 1.10764782103318 1.8469194386351 36 23.7070566155936 0.000130857554525547 153.727073879001 2327425951.64137 1.66279845271442 2.34625962890241 36 16.3590087965927 11.5238569782414 6811453110.98197 176.749561388 6811453110.98197
3 methylseq_2000.dot 22500260922 1.18832472748135 1.23147057794751 36 13.4415968228096 0.00085577140939792 2.24757126 70304093.0343597 1.57085484796328 1.52053814834457 36 15.4087141518079 13.2328503526 148020643.282543 0.904169256000001 148020643.282543
3 chipseq_200.dot 32978181418 1.18326762523191 1.07971592541053 18 14.8183069508206 0.0331184543230213 0.053186758 16641561.6701041 1.44047619047619 1.92094456587661 18 2.649349247662 1.98938987702232 64667121.9195595 0.008792369 64667121.9195595
3 chipseq_2000.dot 4605965334 1.14047028920447 0.344582016040274 36 0.756028959839876 0.0225036272793911 1.69730853 19974212.9331175 1.47182037371911 1.7638230191161 36 2.02210883971141 0.247890160930994 72214125.8135114 0.884281471000001 72214125.8135114
3 methylseq_30000.dot 8885797810 1.37880866632367 1.78340053197266 36 20.9790571172241 2.42842817421776e-08 2509.97294834699 580658348.568447 1.66666666666667 2.3580684278757 36 27.9520342694793 27.9520342694793 1752710761.48035 3102.06330848408 1752710761.48035
3 eager_20000.dot 19075314980 1.22450515642854 0.984394469975171 36 13.3325767123548 0.0223544581056206 843.960904926996 275947455.381427 2.6872435257051 2.7858056696493 36 40.6386168916184 1.2468473707179 647993989.478301 1095.59588181901 647993989.478301
3 atacseq_8000.dot 11809629756 1.10946329770846 0.656683061694703 36 2.29907147290326 0.021495886387942 49.9770295579999 91410406.3483395 1.36780326493741 1.41148571432124 36 8.87085269734366 0.483830958409535 342571494.470724 56.2358092110002 342571494.470724
3 eager_30000.dot 19100037384 1.21913875305462 0.970164444980853 36 14.0944720488541 0.0217244461839484 2203.55813952101 417620968.506665 2.67514314089115 2.78593240056231 36 98.8132277408786 1.27957080584266 975507509.378686 3414.89635812108 975507509.378686
3 chipseq_200.dot 4807293396 1.34332482993197 0.701806400284812 14 1.26324286900684 0.0718834442860512 0.059414047 2335218.32642516 1.48511904761905 1.64468636204926 18 2.69467972335446 1.3564946234328 5967797.85875234 0.00932607799999999 5967797.85875234
3 chipseq_200.dot 3793245764 1.18198245207174 0.620999977861279 17 2.42449711308851 0.0724619782152057 0.064132957 3014082.0663049 1.50552721088435 1.28552990557749 18 1.97091842594439 0.529053834922906 7130855.9254579 0.009371326 7130855.9254579
3 eager_8000.dot 19132169434 1.33969705084253 1.00509329121912 36 17.536401501411 0.0347666343769486 69.875032324 117808650.419935 2.68547213880547 2.71800608454887 36 81.9612152978812 0.929833740531215 259702474.521447 109.475872873002 259702474.521447
3 atacseq_10000.dot 11187378708 1.08948366756559 0.658532750458106 36 2.24474645176159 0.0180177736557553 88.0229632590005 122906561.842913 1.35231778583829 2.26188540806393 36 7.61276992218517 1.88948069163232 638332819.458708 121.507926843001 638332819.458708
3 chipseq_20000.dot 4807293396 1.09351606101447 0.39154446987121 36 0.921064897196228 0.0350096429330986 715.122726692999 168582019.223693 1.4479557780559 2.04345610824975 36 1.00148132452161 0.316526412637745 585863636.890961 908.264821681996 585863636.890961
3 chipseq_10000.dot 5058052541 1.12337265908695 0.391480253134042 36 0.891642330726391 0.0314393251640085 94.0900608989998 101008771.643142 1.4390664160401 1.98415299035829 36 0.797979660314292 0.328769947651792 349146193.03226 143.61503431 349146193.03226
3 atacseq_4000.dot 11187378708 1.10754691064308 0.710171119489422 36 2.63797709718897 0.0172654102628852 8.051258911 48964276.4260808 1.34002781668223 2.23493180773811 36 6.83798495896454 1.86407893328836 254500188.189564 5.90630373600001 254500188.189564
3 chipseq_4000.dot 32978181418 1.09202314980617 1.04233943744033 36 4.97796088350608 0.00270480143037177 6.90387509199999 330423768.406312 1.43016247379455 2.89758602861374 36 12.4197825646381 0.763406534212585 1380034521.02716 5.76554724500003 1380034521.02716
3 eager_4000.dot 19075314980 1.3823654761874 1.02407469443991 36 18.2161600119396 0.0578486993983442 11.978048564 65254549.5985032 2.70328316298466 2.70369527772895 36 40.8864596176567 0.925390251710122 130662707.300678 7.74324362799996 130662707.300678
3 methylseq_4000.dot 17027257018 1.32256065589399 1.88035830272937 36 4.18385183817708 0.000421042336821832 10.832087681 139355672.912859 1.66666666666667 2.36179540697757 36 18.4710227317087 18.4710227317087 363206969.418423 5.95145848500004 363206969.418423
3 chipseq_1000.dot 41366257414 1.091741458328 0.853569690581276 36 3.7353602013995 0.00148896591329874 0.468126949000001 90929013.7544382 1.33814102564103 2.16092588759102 36 2.42614239174836 1.67563278927959 432140510.994902 0.155768768999999 432140510.994902
3 atacseq_10000.dot 3908761308 1.07620332248091 0.172386322684217 36 0.326001867628943 0.0251215583353394 103.345805764 63460651.851253 1.40127921937004 1.76923650702151 36 3.30160472105024 0.231089714421654 219118305.692194 155.705365903002 219118305.692194
3 eager_1000.dot 19100037384 1.36621118183618 1.70246788480856 36 37.1651029075472 0.0739715690568943 1.243273541 19327979.3212615 2.68611647361648 2.45195677908351 36 29.2261346383324 0.860906886629132 33144542.7125129 0.236176146 33144542.7125129
3 eager_25000.dot 25705994498 1.30644365767877 1.19324833707346 36 17.2887529687221 0.0275897637190813 1476.648630658 506057014.517194 2.4900173729961 2.2198746815732 36 36.7916750083745 1.37464692003 853600084.235742 1838.42950660201 853600084.235742
3 chipseq_25000.dot 41366257414 1.05006027401859 0.831411343126448 36 3.15086907959199 0.00133533399291083 1186.706307122 2397376217.77285 1.31389574097907 2.24625786729873 36 2.5613478807702 1.70126127342347 10960847764.1874 1374.59015168902 10960847764.1874
3 methylseq_15000.dot 11897958606 1.38648484925508 1.86726373579586 36 4.29366940427318 0.000148095075488061 430.470399116997 431432188.328577 1.66666666666667 2.35752755028865 36 23.4037571305476 23.4037571305476 1149853942.24205 450.902397600001 1149853942.24205
3 atacseq_30000.dot 2223941232 1.08114608751489 0.0580512842483623 36 0.116115391558029 0.024326668320757 1872.63908299299 108128940.173848 1.30269902098576 0.744630302798738 36 2.29088949311997 0.15709722127836 210562364.673017 2599.77770156805 210562364.673017
3 methylseq_1000.dot 11897958606 1.34495123350545 1.94067303411722 36 3.89663961712737 0.00177434166885193 0.656185381 28997872.7276763 1.66666666666667 2.41214967647067 36 16.3458516511776 16.3458516511776 77273123.155201 0.172637550000001 77273123.155201
3 atacseq_2000.dot 3908761308 1.08854587077987 0.254170852756431 36 0.49628198208556 0.0173032117768776 2.041783196 12775435.2079091 1.39645385932151 1.71173081562321 36 2.06541775617631 0.226697205580635 44409738.1422561 0.900557639000006 44409738.1422561
3 methylseq 11897958606 1.83333333333333 1.57425354664927 4 165.858688244165 165.858688244165 0.003219542 1840617.79932607 1.66666666666667 2.05441603737205 6 119.961927829654 119.961927829654 1842911.17825003 0.000374781 1842911.17825003
3 chipseq_25000.dot 5058052541 1.10961112002777 0.394747261968661 36 0.892774584636235 0.029817486854198 1226.50976065598 259198098.912148 1.43737487487488 1.98619641677441 36 0.805413091351008 0.329764783594561 872938182.619507 1572.92127011302 872938182.619507
3 methylseq_15000.dot 110641579976 1.1034870224222 1.84866917228232 36 23.8487464597156 0.000122162856167703 490.565748099001 3490913100.97792 1.59398630015125 2.35556643358807 36 85.0974686252401 82.7268093109211 8105473667.46825 494.159624058001 8105473667.46825
3 methylseq_15000.dot 17027257018 1.23151854817187 1.87323735558107 36 4.21527399183925 0.00012227995898118 448.23284179 521575892.70045 1.66666666666667 2.35673315311928 36 22.9631046624671 22.9631046624671 1359297090.59525 450.580329760007 1359297090.59525
3 eager 14754556884 2.00225225225225 2.58848341231531 8 169.649631024597 169.649631024597 0.037989522 5999691.63898249 2.58108108108108 1.72053144964681 8 4.82448573881094 4.82448573881094 5689033.31277061 0.005932963 5689033.31277061
3 chipseq_2000.dot 32978181418 1.15232815707499 1.05862967683017 36 4.99230079105409 0.00268409166113329 1.546937105 162627072.698555 1.43196202531646 2.70278826452297 36 8.29602564055071 0.644478292317214 641128774.70876 0.853931615000004 641128774.70876
3 eager_2000.dot 19100037384 1.42246103770168 1.22665882360564 36 32.6456689752174 0.0737203170565684 3.310527169 37701073.1218384 2.68296088296088 2.52932980755366 36 35.3864562908208 0.726076904282119 64994256.5130566 1.169393926 64994256.5130566
3 atacseq_20000.dot 14091675276 1.07942217528362 0.739610649895023 36 2.76236217074197 0.0110630283940485 687.705531309001 479332730.905893 1.27755398220485 2.44530297590686 36 57.8783158818582 1.41390236083407 2363451702.30275 844.263844196022 2363451702.30275
3 atacseq_20000.dot 2223941232 1.08082300829743 0.0648579554625476 36 0.129585268757435 0.0224944025962142 710.338448975004 72597341.9312955 1.30277328601304 0.743106232696337 36 2.24075343451039 0.15080692883297 140403692.544562 870.630542489016 140403692.544562
3 chipseq_2000.dot 5058052541 1.11275670532 0.476292320955425 36 1.21697592438771 0.02847417510432 1.742946177 20569078.027388 1.44831223628692 1.98121415574226 36 0.842307987497552 0.281809062894212 70260579.0314556 0.875794567000003 70260579.0314556
3 methylseq_20000.dot 11897958606 1.24220481843533 1.86869076863723 36 4.250108694257 5.27814939035256e-05 906.267016252996 575184504.416933 1.66666666666667 2.35839743404335 36 24.4800090089029 24.4800090089029 1532524285.92999 879.403094697016 1532524285.92999
3 atacseq_25000.dot 14091675276 1.07914244717954 0.767765072306745 36 2.72985291581314 0.0107789799535354 1149.777337728 598358523.440777 1.27735744254299 2.44611213993449 36 57.8704038471303 1.41149191558248 2954255962.28143 1419.84822381299 2954255962.28143
3 atacseq_4000.dot 14091675276 1.08553690878518 0.80399429186746 36 3.27719644471362 0.00875289635236602 6.61781473799999 95707368.5658923 1.2929683447453 2.4144378631495 36 9.11482731896335 1.40760432760709 470906754.220763 5.87927721600006 470906754.220763
3 eager_200.dot 25705994498 1.93018018018018 1.21743459846631 12 135.886829958638 2.26564065075239 0.132268591 13338497.884801 2.3026598026598 1.94866203378672 22 26.1358207738227 3.01303415081996 11471687.8490965 0.018791302 11471687.8490965
3 chipseq_15000.dot 4605965334 1.11747034962809 0.318769626852392 36 0.659477522349269 0.0229781643602712 347.380515827997 151466395.534762 1.44985690436441 1.74302401677019 36 1.9499726992886 0.249333300988886 536340369.698423 429.051211223002 536340369.698423
3 atacseq_15000.dot 14091675276 1.08085818500714 0.767314457280324 36 2.80997303617236 0.0107507867333848 320.931009087998 360373604.754433 1.28754555569334 2.4321401975958 36 15.2091205940667 1.38588538533223 1771505070.30177 421.884674969001 1771505070.30177
3 methylseq_200.dot 110641579976 1.41493055555556 1.75803949525383 28 4.09685460506606 0.0085945258851994 0.078023239 46828205.40736 1.57638888888889 3.27781749121335 35 301.707673532466 300.874440613394 132862674.802446 0.00996432099999999 132862674.802446
3 methylseq 6273818718 1.83333333333333 1.56010103314104 4 103.096560695121 103.096560695121 0.00323021 991908.804932504 1.66666666666667 2.03919179387109 6 74.1831043420975 74.1831043420975 993749.448943275 0.00037024 993749.448943275
3 atacseq_15000.dot 11187378708 1.08816360445591 0.668781060764005 36 2.16850341627903 0.00599858988398764 345.243683897999 174973085.564002 1.34503451554233 2.19596762894358 36 8.08064864682674 1.87224467266627 957362584.451014 438.030917789006 957362584.451014
3 eager 25705994498 1.82689832689833 2.44560967002674 8 205.422604511833 205.422604511833 0.035957471 7816636.78703768 2.30630630630631 1.61604486611073 8 89.4545173435649 89.4545173435649 7566405.6452161 0.005215263 7566405.6452161
3 methylseq_4000.dot 8885797810 1.37783418338973 1.79201301921889 36 21.0198098101749 0.000133473833419328 10.798640408 77390820.9820735 1.66666666666667 2.36370116054011 36 20.3156972714076 20.3156972714076 234164032.055179 6.34747890799999 234164032.055179
3 methylseq_20000.dot 110641579976 1.10148424449148 1.84800024069607 36 23.8035393668391 6.20987542856927e-05 968.536805305996 4651707179.90215 1.61211151127122 2.22736704608392 36 21.1574650685134 16.335950173552 11544130943.1177 969.633014468015 11544130943.1177
3 chipseq_2000.dot 41366257414 1.05408989744433 0.822764781017875 36 3.31509083445266 0.00122416672709264 1.486788297 187248305.831795 1.33151559674503 2.14859622790031 36 2.48186883674958 1.67758772504922 871303414.546794 0.853983852000002 871303414.546794
3 chipseq_15000.dot 32978181418 1.1448958491425 1.11816296229775 36 5.33913174914591 0.00036893540521281 330.607571968999 1247607162.00067 1.43076258049128 2.68546547345595 36 20.1353121482579 0.65073837112133 4859838803.10888 420.726570433005 4859838803.10888
3 chipseq_8000.dot 5058052541 1.10598940962382 0.39124319178082 36 0.900374531014418 0.0351561573513746 46.0464903439998 78522944.7156814 1.44376959247649 1.97203606290658 36 3.57231273360015 0.299034252332447 280553864.545436 60.0756643479995 280553864.545436
3 methylseq_8000.dot 8885797810 1.31004814338149 1.79199918580146 36 20.7012476503753 5.1673707554734e-05 76.6986578980003 154677023.26922 1.66666666666667 2.35909799587234 36 22.6557447930618 22.6557447930618 466923733.887653 76.8789325390008 466923733.887653
3 chipseq_8000.dot 41366257414 1.04719511483814 0.811907458696695 36 3.1137482202811 0.00139502407318634 46.369019582 760688336.709613 1.32073117256307 2.18583234597036 36 2.5334827650687 1.68458594210265 3504427222.64806 59.3335328219996 3504427222.64806
3 methylseq_8000.dot 6273818718 1.26976182531739 1.1816196432448 36 11.1073154883311 3.62049212609044e-05 65.020964482 92515792.9674425 1.58391725058391 1.66391255482108 36 10.7827332837718 10.7827332837718 250168489.855559 69.5729788940004 250168489.855559
3 eager_15000.dot 19100037384 1.30230742504885 0.99883334948777 36 17.6358797897471 0.0256659888978796 419.979427428003 218911833.094389 2.67321213226727 2.76920703683216 36 91.0429813370908 1.16592864178222 487952375.405977 578.361627830995 487952375.405977
3 chipseq_30000.dot 4807293396 1.10010500949564 0.387410971540149 36 0.905954357013348 0.0363294172114995 1859.725766998 249257825.451031 1.45160897970532 2.05923249478116 36 1.03323161226504 0.317275982332413 880214637.404433 2586.70898111505 880214637.404433
3 methylseq_30000.dot 6761426956 1.37604300979651 1.75416446895732 36 20.0271301436706 2.91843014331676e-08 2382.48845028203 446103879.292234 1.66666666666667 2.35075591154675 36 16.721293544585 16.721293544585 1349016892.67998 2981.06829767714 1349016892.67998
3 chipseq_1000.dot 32978181418 1.2131204799474 1.19144324422237 36 9.13677913194953 0.00248603470301558 0.451588738 79833202.5926349 1.41124847374847 2.44299432085853 36 0.531566220995267 0.531566220995267 302600120.587 0.159551360999999 302600120.587
3 chipseq_30000.dot 4605965334 1.10192659543681 0.31728646613629 36 0.669915952864632 0.0232403269277707 1876.83517443699 315109402.47604 1.44929057945114 1.74657720245486 36 2.20362813578153 0.248050824011109 1064402629.85058 2557.03109717007 1064402629.85058
3 methylseq_10000.dot 6273818718 1.13193531380808 1.21106680842144 36 11.9833716670389 1.24118555737415e-05 153.436610999999 115870794.930439 1.58383353341335 1.66416143271767 36 11.1739447965633 11.1739447965633 313138031.455559 178.219121248005 313138031.455559
3 methylseq_25000.dot 6761426956 1.11554864651363 1.79831458248797 36 20.5407932859842 5.06081012533501e-08 1740.52958121199 372796512.552884 1.66666666666667 2.35154263096689 36 16.4250918098489 16.4250918098489 1124540985.36392 1734.80100039505 1124540985.36392
3 chipseq_10000.dot 4605965334 1.10261334321485 0.326022067429575 36 0.668782377527665 0.0240435229543567 88.716699224 98301394.4293442 1.44153538608426 1.72126354204142 36 1.69955865545526 0.246758323663601 353049054.401646 137.168474015001 353049054.401646
3 methylseq 22500260922 1.83333333333333 1.57617326652739 4 234.588183296082 234.588183296082 0.003270888 2905304.43753055 1.66666666666667 2.05610598756599 6 175.350363401088 175.350363401088 2907684.82061327 0.00036535 2907684.82061327
3 methylseq 110641579976 1.83333333333333 1.5938486209128 4 1964.23135086021 1964.23135086021 0.003180784 16977460.1371538 1.66666666666667 2.07618160651159 6 1384.10756120695 1384.10756120695 16979071.0309489 0.00035912 16979071.0309489
3 eager_25000.dot 8330435694 1.21182938289517 0.840039085621702 36 9.18471600854338 0.0438092827285429 1398.630595796 147849316.413664 2.7117299670491 2.5805017159866 36 94.1016336348501 0.444496102291971 329346862.689639 1829.92823290306 329346862.689639
3 chipseq_20000.dot 41366257414 1.0476403485438 0.824383809919692 36 3.12838635513549 0.00131054182990404 720.714083956999 1914300743.55461 1.31335951933965 2.2554645175486 36 2.56255612270392 1.70380421499494 8766767816.55173 861.989506915002 8766767816.55173
3 chipseq_20000.dot 5058052541 1.1165802738667 0.36382820447847 36 0.809221767894927 0.0338731533088834 698.606177401 199634910.757226 1.43786503963287 1.98267415386429 36 0.792688356554764 0.315059356806355 698565345.292027 880.399272217 698565345.292027
3 chipseq_8000.dot 32978181418 1.13144832570773 1.07872097253735 36 5.23603389886226 0.00268296480909294 47.9657228560002 669074467.726784 1.44500111957009 2.79254639861939 36 10.9091147053403 0.713278777038594 2634178650.89767 61.6155678780004 2634178650.89767
3 atacseq_25000.dot 11187378708 1.0889139247977 0.647123808706818 36 2.16543211744321 0.0185319972683765 1246.583158031 308244996.37776 1.34954039558533 2.19946997690288 36 7.55007725340223 1.87828226277405 1595422001.69313 1465.30430009204 1595422001.69313
3 atacseq_25000.dot 3908761308 1.07982606528733 0.173986127104593 36 0.318343278187343 0.0272387933389679 1215.787341452 158832613.457485 1.41042085193452 1.91432407190223 36 2.21197302857486 0.241457956735092 547017505.146057 1467.046703545 547017505.146057
3 chipseq_4000.dot 5058052541 1.11314726939727 0.422289069970433 36 0.975365204158968 0.0285139701184163 7.16052470399997 40940003.0896843 1.44411687631027 2.01636308880473 36 0.848921066185626 0.300543136857295 140513287.701796 5.56029058499997 140513287.701796
3 eager 8330435694 2.00225225225225 2.58729314514317 8 61.9776980416739 61.9776980416739 0.041247749 3245993.92426904 2.58108108108108 1.77372598698722 8 4.33720841008599 4.33720841008599 3094144.731851 0.00608266 3094144.731851
3 eager_15000.dot 14754556884 1.22727695949402 0.890508455038972 36 10.4628433301205 0.0164545060664425 422.715251765004 189463033.428189 2.47532352374875 1.97352741689024 36 86.3635159063541 0.76448960127239 363464803.88116 577.828487517026 363464803.88116
3 chipseq_15000.dot 4807293396 1.09676167426062 0.39463514447904 36 0.929733786087467 0.0344291678077754 344.478754046004 126084142.591458 1.45228158041179 2.05938779815095 36 1.03182444006118 0.314874241523086 440313792.620063 446.310932244001 440313792.620063
3 eager_4000.dot 25705994498 1.41739384780604 1.07980149268807 36 19.2509585708668 0.0371319601170328 11.3345749060001 82463024.963859 2.47867803837954 2.1891780320088 36 19.5002358026052 0.822794234487447 139738641.909234 7.34706517999998 139738641.909234
3 eager_8000.dot 19100037384 1.33335441234304 1.00084639587538 36 16.7299593043723 0.0380300717630416 73.2042110250003 120710218.997978 2.67594070260736 2.7444482048746 36 86.9173114530989 1.03527338553331 260462337.81612 109.865435858001 260462337.81612
3 methylseq_4000.dot 110641579976 1.18442648998204 1.85861874003472 36 24.6149138353673 0.000235446623798588 10.380922369 931625787.211633 1.64297630964298 2.29247234654762 36 179.134329290583 176.859071862094 2757535390.24546 5.94164087499997 2757535390.24546
3 atacseq_200.dot 14091675276 1.16842893217893 1.02967602559058 17 2.44818469209012 0.135069495621382 0.065503922 6101797.24249859 1.23700396825397 1.672188839361 24 7.41725298259746 1.27814954705862 23686197.7716781 0.011077284 23686197.7716781
3 chipseq_25000.dot 32978181418 1.09157550824216 1.16769999065215 36 5.6920332264291 0.00270415436176396 1218.87833892598 2121742400.3838 1.46235521235522 2.67743462490183 36 27.0701061608944 0.614182175547868 7704303880.91076 1477.56079779802 7704303880.91076
3 eager_10000.dot 19100037384 1.31350252888436 1.00542833191184 36 18.2498430529955 0.0359093476741232 148.060908618 151701594.399193 2.69331140100369 2.75756809418281 36 37.6339770991793 1.0837706692796 326196440.883083 208.880060550999 326196440.883083
3 methylseq_30000.dot 11897958606 1.35142787273638 1.86725533834566 36 4.30731227699409 4.29777124163793e-05 2340.84764723798 862609820.572784 1.66666666666667 2.35838346340287 36 25.8758716956248 25.8758716956248 2299704734.57366 2694.05401882008 2299704734.57366
3 atacseq_25000.dot 11809629756 1.09423604566813 0.641908862631208 36 2.18811338478448 0.0211498329089071 1242.614023817 286738837.235993 1.3668826471561 1.43320717411116 36 7.33220310471735 0.48681402009351 1048477058.90783 1475.67927923303 1048477058.90783
3 eager_30000.dot 19075314980 1.23965140966738 0.989648421460525 36 14.383850605678 0.0231874866247292 2074.36028705301 415634524.274416 2.66921381448938 2.80132698914691 36 106.757824936297 1.33958232289416 974314030.215791 3309.99077284407 974314030.215791
3 methylseq_25000.dot 11897958606 1.38587380330061 1.86881399981006 36 4.27973085607903 8.87838191883597e-05 1562.721693165 719221854.357079 1.66666666666667 2.35799287494115 36 25.2694773132326 25.2694773132326 1917034390.88566 1564.59806522897 1917034390.88566
3 eager_15000.dot 19132169434 1.28053619234113 1.01460645468104 36 15.47382521853 0.0259681076972345 428.093604817003 214173487.242897 2.6785374801123 2.76712178888953 36 28.1826708569318 1.15875716921978 487465672.837787 565.94316633802 487465672.837787
3 methylseq_30000.dot 22500260922 1.13317972691724 1.2317777055671 36 13.5362349789174 5.60863414253637e-08 2280.796654645 1054194700.00084 1.56074493289376 1.54467023212708 36 23.1141414592477 13.45161153539 2179256153.16507 3055.75363947303 2179256153.16507
3 atacseq_2000.dot 11187378708 1.12479812068192 0.670617360059318 36 2.38081045702118 0.0174864126779791 1.966468726 24070778.9892399 1.35512955182073 2.23373917049055 36 6.40597554794488 1.88806278752896 127386774.778673 0.903669929000002 127386774.778673
3 methylseq_10000.dot 11897958606 1.33164218068179 1.87199279742137 36 4.27655096767088 0.000175257516111601 144.669119866999 287801529.228131 1.66666666666667 2.36163657013894 36 21.8678511505349 21.8678511505349 767183598.554131 146.965299162001 767183598.554131
3 chipseq_25000.dot 4605965334 1.10346844721842 0.321255222696997 36 0.671004425782647 0.022822052756596 1183.43172991398 257427307.557492 1.45010486677154 1.73425809313315 36 1.71422592431059 0.251315976871601 870844636.731704 1384.27355276804 870844636.731704
3 methylseq_30000.dot 6273818718 1.1334253278031 1.21621149150509 36 12.3166303363782 3.31677354535957e-07 2564.88578631699 348138835.193249 1.58347783557865 1.66588506435462 36 12.8182998495619 12.8182998495619 937383567.844604 3094.32542976406 937383567.844604
3 eager_30000.dot 8330435694 1.20612363560001 0.873852768980635 36 11.0679991069915 0.0468352400066412 2204.070811942 192229081.408854 2.71102260866036 2.58432156782134 36 144.242880430008 0.440212282472576 394650099.724437 3452.97847342804 394650099.724437
3 chipseq_200.dot 4605965334 1.2328869047619 0.717391249673497 17 3.1972706130225 0.0676047642819417 0.065579161 3043780.44446654 1.43664965986395 1.38436523593954 18 1.74156048874745 0.701901050310275 7494247.91151107 0.009350672 7494247.91151107
3 methylseq_15000.dot 6273818718 1.13089625139267 1.21457484950103 36 12.1852133556424 1.43538425780201e-07 479.461796766001 173890261.81827 1.58366693354685 1.66509556472564 36 11.852919316967 11.852919316967 469062610.65556 487.055739273998 469062610.65556
3 methylseq_2000.dot 11897958606 1.2483903869446 1.91101162742064 36 3.87442635109761 0.000530221984724123 2.271379731 57577191.4160309 1.66666666666667 2.39615912282607 36 17.2912077993972 17.2912077993972 152703335.132153 0.904906350000001 152703335.132153
3 atacseq_200.dot 3908761308 1.29214947089947 0.767486480415257 16 1.015980693355 0.10987401777815 0.07348677 2448689.40371382 1.39450396825397 1.58372941279762 24 2.12991210100625 0.499142528261687 5218898.33773104 0.011705864 5218898.33773104
3 eager_8000.dot 8330435694 1.26368230494132 0.958187944088432 36 8.8807196905236 0.0432453198192753 65.3595514589997 47449399.5684186 2.68212402879068 2.46376482937278 36 124.644657196345 0.211972394314999 106497849.850287 101.724297973001 106497849.850287
3 atacseq_200.dot 2223941232 1.28025793650794 0.691955663152026 16 1.2425553278354 0.104273117698449 0.0731516439999999 1540830.48819799 1.31931216931217 0.863811153960425 28 0.756521572406197 0.310517491116944 2076110.97691004 0.011152175 2076110.97691004
3 chipseq_2000.dot 4807293396 1.07504191483622 0.449145424093164 36 1.14839816985507 0.0320619967855618 1.836020435 16457462.9523331 1.45200421940928 2.09431920647559 36 1.00261080175175 0.33560398177112 58700967.0024446 0.908764781000003 58700967.0024446
3 eager_20000.dot 19100037384 1.2851239561931 0.95390907920395 36 14.0182539862552 0.0187845382010068 849.514411096003 283499352.440242 2.69421077882619 2.77779854462668 36 99.0426525031801 1.21748608419104 648843613.617277 1104.36789622301 648843613.617277
3 eager_10000.dot 19075314980 1.31164332468486 1.01183007965717 36 17.7454497165398 0.0373247040040293 132.916754384 155175956.362315 2.69571786494862 2.78247703417096 36 40.8565741932094 1.16021371787985 325791231.632888 210.829463741 325791231.632888
3 methylseq_25000.dot 6273818718 1.11028621722336 1.21518765123961 36 12.2250093704848 1.113852092054e-07 1689.60377859701 290013624.61768 1.58350669440444 1.6658478138931 36 12.5932034239063 12.5932034239063 781458988.644603 1741.15450713801 781458988.644603
3 eager_10000.dot 8330435694 1.25140340376658 0.9286847537309 36 10.1050931950582 0.0432531275100937 128.623825105 57860681.2512422 2.7031520108443 2.58083658989803 36 103.533077217737 0.450066890258116 132747584.458715 180.483160168999 132747584.458715
3 methylseq_200.dot 8885797810 1.37276785714286 1.74358306258047 28 3.60953849987659 0.0151921510972632 0.080290218 4094457.05680562 1.66666666666667 2.31994581119608 33 18.4659787805568 18.4659787805568 11219498.372258 0.010016151 11219498.372258
3 chipseq 32978181418 1.47916666666667 1.22874261669914 5 12.9150170126959 12.9150170126959 0.005740737 10094359.9447688 1.91666666666667 1.60185543001737 6 16.7889157436256 16.7889157436256 11287012.4405002 0.000734568 11287012.4405002
3 methylseq_2000.dot 6761426956 1.09556479887805 1.8015778192462 36 20.895322367433 0.00109601113519852 2.557459942 29866998.386169 1.66666666666667 2.38747226795945 36 11.2294824292545 11.2294824292545 89577547.3055525 0.911687744 89577547.3055525
3 atacseq_20000.dot 3908761308 1.0781441957618 0.143375939756456 36 0.280879958679985 0.0287642621914746 716.545300728003 124259458.757778 1.40449044363839 1.72898736703531 36 3.76873388894402 0.229818170568931 438086744.39364 894.973585881005 438086744.39364
3 atacseq_1000.dot 11187378708 1.14653851241351 0.817487618238683 36 1.98542437970527 0.0176098836628307 0.564154314999999 12004536.3169669 1.34468253968254 2.24350340573027 36 4.85795499706605 1.85606367013364 62583852.9476437 0.166593547999999 62583852.9476437
3 eager 19100037384 2.11171171171171 2.49326239816824 8 62.0740872775494 62.0740872775494 0.037554098 5885126.14385949 2.58108108108108 1.69828203811853 8 5.38592663822661 5.38592663822661 5767919.32281534 0.005768632 5767919.32281534
3 chipseq_10000.dot 32978181418 1.18861468262315 1.08834604967025 36 5.28504293129138 0.00267491422072518 92.3790117450001 838771127.206812 1.46041442892946 2.69074144589866 36 23.4111958002986 0.637157172642161 3116218050.68089 141.296441937 3116218050.68089
3 methylseq_2000.dot 110641579976 1.09631382673551 1.89358933156327 36 28.7817981305372 0.000625004739782376 2.362576484 465453566.725069 1.60240963855421 2.78985876944627 36 153.852393351871 151.773112868844 1278974686.72167 0.895633554000002 1278974686.72167
3 chipseq_8000.dot 3793245764 1.1147621970506 0.198168674431419 36 0.355747305291177 0.0198747148928503 49.8680413909999 75466969.802213 1.47699283475146 1.78572839464988 36 4.55191085767993 0.258203259805084 301768357.70053 65.8748221380008 301768357.70053
3 eager_25000.dot 19132169434 1.22055245730005 0.999387297925176 36 12.2354527879026 0.0208804455045169 1435.61296976399 356505096.967947 2.68284332965183 2.75825686361163 36 87.1417610916756 1.16785142424276 807741070.308371 1836.56073262201 807741070.308371
3 eager_4000.dot 19132169434 1.36768988605319 0.989394543417004 36 17.4910872910541 0.0430696937121717 11.493883274 62705394.1251062 2.67428878772163 2.66784203042644 36 30.208674016722 0.736568364902834 129843000.388917 7.556166468 129843000.388917
3 chipseq_1000.dot 4807293396 1.12060535618228 0.634755975742493 36 3.11116409796799 0.0264397985712062 0.628641612 8570635.89329448 1.44337606837607 2.10619427556495 36 1.0123180320795 0.337281647754839 29380184.4539844 0.160655546999999 29380184.4539844
3 eager_15000.dot 19075314980 1.29503206867363 0.987788423482715 36 14.0954363777201 0.0229526292292188 442.512119596 212072835.861789 2.67775007853749 2.79278668951054 36 106.066307440497 1.24077094838639 489025008.940514 585.107617466003 489025008.940514
3 methylseq_200.dot 6761426956 1.37276785714286 1.73451470251438 28 3.39503263655426 0.0150294025002536 0.080555794 3144613.073669 1.66666666666667 2.31449808456453 33 10.4789343429128 10.4789343429128 8636715.34061051 0.009995282 8636715.34061051
3 methylseq 17027257018 1.83333333333333 1.57044156379903 4 149.039096100792 149.039096100792 0.003262221 2175643.02704814 1.66666666666667 2.04951912263731 6 110.881195257309 110.881195257309 2178672.22332575 0.000372084 2178672.22332575
3 eager_1000.dot 8330435694 1.44253581441082 1.49192674429409 36 27.3071520876849 0.230151011251827 1.218823402 10312828.772454 2.53177284427284 2.37347213932537 36 80.2672780128094 0.140680450026433 13733352.1680749 0.238947473 13733352.1680749
3 chipseq_4000.dot 3793245764 1.11716991080198 0.22733682444151 36 0.417662585643765 0.0179746945278047 7.16757750500001 37972270.3882842 1.47678945792153 1.78601266983131 36 2.40783029994258 0.24943439619701 147838754.064715 5.52307875099999 147838754.064715
3 methylseq_200.dot 11897958606 1.30481150793651 1.76078910298791 28 3.86010632022098 0.0071432902105863 0.079472644 5816460.11593995 1.66666666666667 2.31988001932993 33 16.9291587936049 16.9291587936049 14721240.0523637 0.010045283 14721240.0523637
3 atacseq_1000.dot 3908761308 1.14672481766599 0.489719882922081 36 1.63190331201064 0.0130574157058633 0.653005402 6948999.32302023 1.39584920634921 1.72200300470019 36 2.50929016210923 0.229188674167494 22261041.1883525 0.167017916999999 22261041.1883525
3 chipseq_1000.dot 3793245764 1.14934344501652 0.385192356910956 36 0.911404652939099 0.0139154657982073 0.647922411000001 9660846.26903346 1.47809829059829 1.81477089219103 36 2.44511246155422 0.260377105711689 37829611.1866744 0.168907513999999 37829611.1866744
3 atacseq_2000.dot 11809629756 1.11347644503282 0.692077737016673 36 2.59562278617005 0.0199280672926537 1.802681854 22418789.6838233 1.36474478680361 1.42717865871453 36 7.58724720420337 0.495140322106299 91196834.592586 0.911397950000004 91196834.592586
3 eager_4000.dot 8330435694 1.30593953516647 1.01674546726622 36 10.5370846019928 0.0477551723021705 12.392538506 26609220.9855192 2.71249927966347 2.55893150831956 36 63.2959041302522 0.385662122713309 53900253.4749857 7.76253448300002 53900253.4749857
3 methylseq_200.dot 22500260922 1.4077380952381 1.74803805911191 28 3.76679539743161 0.00998955615645113 0.076944029 8425491.28954501 1.59722222222222 1.46089762199068 36 20.7485885797058 20.0040340768666 19313092.2753947 0.01044172 19313092.2753947
3 eager_4000.dot 14754556884 1.39155459913975 1.017244390833 36 17.1326002271528 0.041467927777856 12.424240543 59954769.6853414 2.4756142069575 1.93574679546608 36 74.3189804800454 0.309198678649947 98913334.6946278 7.60050391100003 98913334.6946278
3 methylseq 6761426956 1.83333333333333 1.56155053398168 4 101.33139829609 101.33139829609 0.00325318 1080142.93601032 1.66666666666667 2.04060045832037 6 73.2328732939714 73.2328732939714 1082237.69054921 0.000367834 1082237.69054921
3 eager_200.dot 19100037384 2.11366366366366 1.61565419317504 12 41.7799167273069 2.63656845225156 0.141508793 5910609.83613809 2.6020592020592 1.83176460786963 20 27.6517776166553 3.19308371860899 8961954.79997691 0.020877044 8961954.79997691
3 methylseq_20000.dot 8885797810 1.10002493060719 1.81136207930997 36 21.325775461263 3.87187985238801e-08 1026.15611864699 387694055.950661 1.66666666666667 2.35805979936522 36 26.3890792764026 26.3890792764026 1168007173.14207 952.901022958009 1168007173.14207
3 atacseq_25000.dot 2223941232 1.08102274184275 0.0767039025924045 36 0.142412679292341 0.023938606772224 1228.53153054801 91312622.6328976 1.3041461818708 0.745531848087957 36 1.60214639916031 0.150024143229526 174083294.255635 1476.29875166798 174083294.255635
3 eager_20000.dot 25705994498 1.265784011146 1.22517052338557 36 17.2244207807848 0.0275340745067459 822.150961185008 405313142.34403 2.49418945572796 2.21814537417573 36 34.8723913734534 1.33055798391059 681214042.61925 1082.10767068599 681214042.61925
3 eager_25000.dot 19075314980 1.25162543879031 0.995816782887299 36 15.8532596220163 0.0209828408486884 1423.378988089 345580560.206188 2.68040441657462 2.79776913694349 36 40.76241758724 1.31619598487751 811225537.610597 1864.07913533701 811225537.610597
3 chipseq_15000.dot 5058052541 1.11296191114116 0.391499667571694 36 0.898890050479055 0.0328403337640254 344.81693881 150978411.382577 1.44170840289371 2.03080438235904 36 0.840602973126959 0.310882325127931 525697928.492939 430.225213977003 525697928.492939
3 chipseq_1000.dot 5058052541 1.09424122885661 0.663131652839119 36 3.65712902803654 0.0253111971691243 0.542169395 10508868.018741 1.43883547008547 2.04808345672267 36 0.81599009776148 0.296982337321429 35250402.5039535 0.162191291999999 35250402.5039535
3 atacseq_15000.dot 11809629756 1.0966723996284 0.670082855199774 36 2.22156464206185 0.00726522712203794 313.499277115 160995856.670621 1.36859697076168 1.43413924932466 36 9.4836981321452 0.517759811969788 677384996.167038 417.907018386999 677384996.167038
3 methylseq_2000.dot 8885797810 1.11043379868681 1.83229535886815 36 22.9897422835696 0.00110531467365001 2.536981803 38908297.3693056 1.66666666666667 2.39587114259298 36 18.7241607010244 18.7241607010244 116382014.260427 0.886194228999998 116382014.260427
3 chipseq 41366257414 1.60416666666667 0.975207326878413 5 6.1590942724785 6.1590942724785 0.005463905 13192854.4562759 1.76785714285714 1.35855329512042 8 8.12393489382911 8.12393489382911 13863551.9981317 0.000703438 13863551.9981317
3 methylseq_15000.dot 8885797810 1.1121616870216 1.80829224332778 36 21.1372790981986 1.4229191492187e-07 510.324942459 290576721.234998 1.66666666666667 2.35724031692305 36 25.2011512049874 25.2011512049874 876356462.412227 502.875822286005 876356462.412227
3 methylseq_30000.dot 17027257018 1.13028915269814 1.84695759493486 36 23.2802206622647 5.60034338873472e-05 2229.211675578 1043080371.41105 1.66666666666667 2.35773578824024 36 25.364610904524 25.364610904524 2718590378.22741 2924.25330693009 2718590378.22741
3 eager_2000.dot 19075314980 1.36906624591679 1.36419331208088 36 31.8481125905048 0.0420611498346853 3.339098992 33387816.494199 2.68479388479388 2.6461423111348 36 39.2981856859988 0.818042291559086 64637677.1295379 1.17359984899999 64637677.1295379
3 eager_2000.dot 19132169434 1.36740544662019 1.33111990711837 36 31.3304017483373 0.0552424710052496 3.367456401 34047555.8348963 2.68857688857688 2.55006275312854 36 38.5223297709694 0.48752709300393 64298697.4069776 1.140495211 64298697.4069776
3 chipseq_20000.dot 4605965334 1.11778347330597 0.3194877271319 36 0.659105791668805 0.0230544923785571 724.180766003004 202923508.917594 1.45599782466178 1.70983112454064 36 3.3159899153505 0.246643286654109 700599223.562136 860.019264892002 700599223.562136
3 atacseq_200.dot 11187378708 1.32694444444444 0.992998041828146 16 1.97109514665561 0.100031784857923 0.067522352 3262568.38514346 1.35376984126984 2.80382440995187 27 3.06082849357265 2.73102005563581 12735461.9712793 0.01133254 12735461.9712793
3 chipseq_15000.dot 3793245764 1.10306728608062 0.252168256043287 36 0.498297861692919 0.0189039776374244 343.951528807002 150762202.181545 1.47214106844741 1.75663849389454 36 2.7285167975635 0.252416685659466 566426376.298156 433.777463266006 566426376.298156
3 atacseq_8000.dot 14091675276 1.07561948814908 0.791032913125215 36 3.12886220323021 0.01161156233752 46.133146063 194256992.634023 1.28153713382372 2.41618447962148 36 10.2711201026467 1.40532217190392 945821761.536573 53.9591898040005 945821761.536573
3 eager_10000.dot 19132169434 1.29753442126165 1.03775093702832 36 17.1169828867985 0.022289331839392 124.251214985001 145971181.376759 2.68934987396524 2.70984490542373 36 84.3212390925723 0.941529283210115 322752875.306654 176.32367316 322752875.306654
3 methylseq_8000.dot 11897958606 1.26224438724439 1.8705008996639 36 4.23098072405712 4.49288541684852e-05 73.7378072360001 229951167.159237 1.66666666666667 2.35941632160424 36 21.0518283532041 21.0518283532041 612643652.064781 69.1319888960001 612643652.064781
3 eager_15000.dot 25705994498 1.3008039904337 1.26612264005814 36 21.560731540571 0.0265757197274929 441.142888662997 306937899.470292 2.49180676739734 2.21626075541404 36 33.1707749163843 1.26420780531115 512774825.899471 564.681776133007 512774825.899471
3 eager_1000.dot 19075314980 1.42872414747415 1.80544759817226 36 47.2552969424302 0.076188069127553 1.220457492 21870751.2217351 2.70416812916813 2.52253425772694 36 38.8796442204124 1.05510276578002 33244701.968201 0.237057929 33244701.968201
3 eager_30000.dot 25705994498 1.27014381241821 1.26477309877884 36 19.5693251897069 0.0238748444373259 2255.75980629799 600255761.614605 2.48807877055905 2.21979488445353 36 37.420522806292 1.40873036727633 1022102933.59975 3459.59506457209 1022102933.59975
3 eager_10000.dot 25705994498 1.33404483365551 1.1283370231387 36 18.9914594143903 0.0324635963190457 131.211457777999 206940092.156901 2.48183272029423 2.21282532139791 36 33.0417126942604 1.15059158259449 344297982.416722 180.891040688 344297982.416722
3 chipseq_20000.dot 3793245764 1.10375848468383 0.259499908566165 36 0.520754123072217 0.0187078900884229 713.500985974998 203393842.477234 1.49830144823886 1.75436992177492 36 1.99737234203522 0.24772311390939 735746616.892687 837.422698202001 735746616.892687
3 chipseq 5058052541 1.53125 0.965349778329197 4 4.51578085417335 4.51578085417335 0.006416356 1893532.03598923 1.5625 1.37035837960996 6 3.26928225038641 3.26928225038641 1893480.13025779 0.000829122 1893480.13025779
3 chipseq_30000.dot 41366257414 1.09380986420446 0.910898622826046 36 4.01970318483511 0.00144110866193357 1838.12837814298 2927784996.38219 1.32233830771675 2.1566009278585 36 2.54206950586569 1.68107759395142 13164251026.2415 2574.33640750301 13164251026.2415
3 eager_8000.dot 14754556884 1.327240113205 0.989354244163246 36 19.8771866856458 0.0224967473655557 61.4225707140002 108067156.372294 2.4808427475094 1.82557676114789 36 72.7570126061092 0.113854843654796 195522308.098271 100.349870521002 195522308.098271
3 chipseq_30000.dot 32978181418 1.13634939827338 1.16878847841032 36 5.70061580279893 0.00255598005128323 1845.11214757801 2548020489.11445 1.43728652845628 2.71253202429179 36 26.1376558565479 0.658075829292774 9800337797.79261 2475.71359360617 9800337797.79261
3 methylseq_25000.dot 110641579976 1.11060245829812 1.84827820970647 36 23.8254416146694 6.6142818363466e-05 1651.854054891 5818470117.54462 1.55896943510962 2.72148809310268 36 79.2796921085968 77.3791360018838 11706988447.8201 1610.736942026 11706988447.8201
3 eager_10000.dot 14754556884 1.30302904229202 0.933401576244801 36 13.5477981514619 0.0281047233046996 140.585893316 134568735.594496 2.48135371212292 1.94081644321953 36 81.3104581780421 0.354543044735983 243942215.354389 215.434004342002 243942215.354389
3 eager_30000.dot 14754556884 1.21117663586339 0.903448016084903 36 10.8147142373855 0.0145004292068175 2149.127601293 371082515.633072 2.4625601698436 1.83352385604046 36 83.2076942259538 0.11821354661225 723960184.160524 3396.64431750315 723960184.160524
3 methylseq_8000.dot 6761426956 1.31103126936462 1.80692124825975 36 16.5836609320097 5.18482238563936e-08 81.9089446989999 118874228.679406 1.66666666666667 2.35095945273615 36 14.0283146182324 14.0283146182324 359380320.522032 77.3292157380005 359380320.522032
3 atacseq_10000.dot 11809629756 1.10851471135968 0.668134424418436 36 2.39758784881619 0.0207945636770154 115.502700009 113961955.426658 1.36970008163856 1.42600768938271 36 7.07820935084295 0.484416363325915 422501149.794298 138.657523570999 422501149.794298
3 eager_20000.dot 19132169434 1.23960998360674 0.92456740445307 36 11.918553128708 0.025121848079944 821.403648039999 287317670.647563 2.68516369285603 2.76800059515155 36 27.8545907249225 1.18420923498969 648268553.80663 1060.65055608499 648268553.80663
3 eager_200.dot 19075314980 2.11366366366366 1.61840298424664 12 41.4875172881118 2.71640050783767 0.136278703 5901025.82338077 2.68253968253968 2.25275498534501 18 3.98789162734543 3.98789162734543 8964216.38256924 0.020259302 8964216.38256924
3 eager_20000.dot 14754556884 1.23737566704668 0.851368095158098 36 9.02428914702865 0.0233619299378088 841.782551528004 253095366.40608 2.46814595660756 1.83426757383824 36 81.2122361896534 0.119077653278009 482456933.5794 1109.56729549302 482456933.5794
3 chipseq 4807293396 1.57291666666667 0.999486232982063 4 5.82990545570447 5.82990545570447 0.008751119 1573397.44937968 1.5625 1.40300906600898 6 3.67199270982295 3.67199270982295 1573350.89790816 0.000830973999999999 1573350.89790816
3 eager_15000.dot 8330435694 1.25654600932328 0.910708600859249 36 9.20042658128457 0.0434209243622793 434.574699841998 85526743.142332 2.69183412884203 2.54374173615896 36 147.654113886602 0.322731366225274 198080413.104167 577.343164962011 198080413.104167
3 methylseq_10000.dot 6761426956 1.11968279375244 1.79638602036276 36 20.4518110679523 8.3292600122261e-08 166.693650951999 148956593.922794 1.66666666666667 2.35269334646892 36 14.5440284311066 14.5440284311066 450034052.322772 180.100517414003 450034052.322772
3 methylseq_1000.dot 22500260922 1.11456938866577 1.23827474109044 36 16.8906766000753 0.001793224409767 0.665985429000001 35935531.0428089 1.56913367756741 1.55923021868903 36 16.1819262993812 16.1819262993812 79893280.5493574 0.206199659 79893280.5493574
3 methylseq_8000.dot 22500260922 1.15341929230818 1.22797960342223 36 13.2903094483358 3.85544903705229e-05 74.3578000579999 281117979.460269 1.57922207922207 1.55015200318473 36 17.2053679289796 14.918846681117 619703217.924221 85.3869672759996 619703217.924221
3 methylseq_25000.dot 8885797810 1.1000896651401 1.81384948085374 36 21.4819049670295 3.59993329387411e-08 1709.076395242 484847220.869703 1.66666666666667 2.35769384564543 36 27.2699305950155 27.2699305950155 1461060050.75046 1646.40976204003 1461060050.75046
3 atacseq_1000.dot 2223941232 1.11624628149628 0.375728490853696 36 0.852498154518678 0.0174854193181192 0.677555697999999 3978642.58451136 1.29886664261664 0.756426944710691 36 0.39993250905346 0.193351551269438 7987454.45057908 0.164733029 7987454.45057908
3 atacseq_4000.dot 3908761308 1.07876523206865 0.186512231652954 36 0.384352516916947 0.0258501817245763 8.90136568600001 25895978.2163833 1.39140795206972 1.63333303616983 36 3.55149223725671 0.223015445263937 87479726.1947951 5.98119481399998 87479726.1947951
3 chipseq_10000.dot 3793245764 1.10240993864114 0.190269942634105 36 0.340083714738825 0.0203350891961083 92.4821361549992 94342729.6392789 1.50603443131639 1.71862420778457 36 2.13144538868384 0.253007295728068 366105466.509635 140.297628042 366105466.509635
3 eager_1000.dot 19132169434 1.30862219391631 1.72578046895028 36 35.3441915030029 0.0671147702177138 1.320097289 19460688.5135214 2.71422136422137 2.27991827202366 36 58.4217933860977 0.248852926601674 33164283.2105816 0.232476123 33164283.2105816
3 methylseq_20000.dot 17027257018 1.16251500600242 1.87292502932047 36 4.20004252848937 2.3775978227173e-05 933.857258277996 695305739.906241 1.66666666666667 2.35788664883826 36 24.0110028795735 24.0110028795735 1811669896.71923 885.530307649007 1811669896.71923
3 eager_8000.dot 25705994498 1.37536417826404 1.27983639079263 36 19.4867823649969 0.0284685823946842 68.023815856 164222728.570917 2.49286905953572 2.20442597647497 36 26.6856964103295 1.07683353834655 276094812.085788 99.9467139750001 276094812.085788
3 methylseq_2000.dot 17027257018 1.1717823675655 1.91266234299838 36 3.85793386174993 0.000238569798601207 2.332915453 69458067.6610254 1.66666666666667 2.39373502199658 36 16.9408002891023 16.9408002891023 180517951.560662 0.909886344000004 180517951.560662
3 methylseq_4000.dot 6761426956 1.37489076377965 1.75962983948836 36 19.7942289384416 0.000133749061574653 11.117959585 59408012.3741575 1.66666666666667 2.35520776297996 36 12.4699957170761 12.4699957170761 180231279.106288 6.609270414 180231279.106288
3 chipseq_8000.dot 4807293396 1.09714146224727 0.401680970012585 36 0.955665962184229 0.0351369604583864 48.3698015890001 66329557.5669181 1.4496473354232 2.05141651403694 36 3.99028733206656 0.316205338468062 234775501.797856 60.8967860540004 234775501.797856
3 methylseq_20000.dot 6273818718 1.09712694601654 1.21719649871957 36 12.4215525867261 5.56870227689931e-08 978.574179981995 232285471.505949 1.58356676003738 1.66555969247112 36 12.2903164737377 12.2903164737377 624987189.855561 961.965081626007 624987189.855561
3 eager_4000.dot 19100037384 1.40069730018208 0.973121410698104 36 14.3911764167157 0.0419677541703999 11.249731777 61158730.3636391 2.67944831825429 2.73345105812157 36 35.2400487467989 0.9678984444951 130838396.192921 7.09654587699996 130838396.192921
3 methylseq_20000.dot 22500260922 1.11620680018042 1.23243187599227 36 13.5921203840485 8.38045426855761e-08 931.265324087997 702763163.56856 1.57799310200274 1.54580969451154 36 16.9449125442009 14.5099291190007 1533815787.74099 987.203572731015 1533815787.74099
3 eager_2000.dot 14754556884 1.43196312603855 1.43035944930462 36 39.8142594668299 0.0724271488037576 3.40004497100001 40171102.652334 2.49731360640451 1.98795943098762 36 53.6925901424901 0.745430867924457 50856887.3043899 1.17687460699999 50856887.3043899
3 atacseq_20000.dot 11187378708 1.0988536046627 0.6360792486895 36 2.1185561954508 0.0183650730700597 680.463509225 245195005.597946 1.34895019531251 2.19626568435062 36 7.42694822713755 1.87740212707088 1276392280.81749 877.417049149014 1276392280.81749
3 methylseq_4000.dot 22500260922 1.15292276403387 1.22727257123336 36 13.2277165242303 0.000602809735288863 10.95313399 140994525.975664 1.58930358930359 1.56602788901538 36 17.0064099782915 15.4744525332689 317244450.509421 6.685285085 317244450.509421
3 atacseq_15000.dot 2223941232 1.07521992780829 0.0799033442403181 36 0.125969305419785 0.0214841279548337 328.520246411999 54052265.3045529 1.30230058991452 0.743050189583337 36 1.76792240162338 0.155846152282204 105402155.567263 437.818092070002 105402155.567263
3 atacseq_8000.dot 2223941232 1.08875056813903 0.0645389611450655 36 0.13055135085148 0.0205091615476572 45.9797507039999 29034766.3106879 1.30191586304391 0.735888333795443 36 1.49043182839368 0.14720523206592 56291434.6042802 53.4801023780011 56291434.6042802
3 chipseq_200.dot 41366257414 1.20527017625232 0.845079226722463 18 4.90479023837732 0.0264604766465876 0.051070282 20542127.106607 1.37489370748299 2.25485256551139 29 2.76759202400668 2.1372298162264 80665640.6430272 0.008595025 80665640.6430272
3 eager_200.dot 19132169434 2.10345345345345 1.61530293012407 12 89.8319342758238 2.68132631330446 0.130972053 5890400.37226186 2.68168168168168 2.24401787186564 18 4.02813875629068 4.02813875629068 8973716.03618046 0.022564384 8973716.03618046
3 chipseq_25000.dot 4807293396 1.09619838786503 0.383905343491155 36 0.897085225343008 0.0357599994379628 1217.590391504 208907170.624407 1.45028361695029 2.07086295220622 36 1.02120960590315 0.322079345065853 733038087.701207 1450.88174790707 733038087.701207
3 atacseq_4000.dot 2223941232 1.10237977339152 0.0973546969705534 36 0.170683471641794 0.0171045502261261 9.583977756 14484167.7313813 1.29921583953447 0.745768078347825 36 1.09191597229199 0.170497680148037 29155668.7651777 6.04470670900001 29155668.7651777
3 chipseq_10000.dot 41366257414 1.05886710668196 0.840710822454198 36 3.53378900138096 0.00130035929181443 95.0369836780001 963214779.348091 1.31161609380595 2.28918396707138 36 2.56626014963671 1.71415789790297 4378969290.05786 144.415066417001 4378969290.05786
3 chipseq_4000.dot 4605965334 1.08585586975917 0.31814663478795 36 0.647125515541587 0.0241597215256017 7.948528467 38489989.6169398 1.45777178796047 1.73094697169461 36 1.76509050150066 0.250179682681966 139182482.007847 6.45549630800004 139182482.007847
3 atacseq_10000.dot 2223941232 1.07744133074298 0.0815254122234989 36 0.144045101615353 0.0216311361964278 115.955617495 36571252.1527009 1.30333850267932 0.748066291510072 36 1.60162694173583 0.152248272031627 70449291.7990758 139.818918912002 70449291.7990758
3 chipseq_25000.dot 3793245764 1.10708854458852 0.273705872324909 36 0.553071731784417 0.0183250256241687 1229.114502645 258747016.66329 1.48145466895467 1.75776644985037 36 2.92516582473119 0.242421724946432 918573215.056553 1469.33836446703 918573215.056553
3 methylseq_25000.dot 17027257018 1.2311398395172 1.87128165689868 36 4.22316383966566 7.33053420656021e-05 1584.568849985 869547198.468791 1.66666666666667 2.3584079399167 36 24.7773309667277 24.7773309667277 2266217572.10343 1540.17725081195 2266217572.10343
3 eager_30000.dot 19132169434 1.16322693178663 0.969884745650441 36 10.2024172465176 0.0222773672779945 2110.18685264903 406785665.142335 2.6729466249151 2.783397201747 36 27.7856842196101 1.29193658956515 971597886.692414 3386.93958713907 971597886.692414
3 eager_2000.dot 8330435694 1.33227583827077 1.3481270524183 36 37.48914906727 0.0711325793849615 3.571822575 17106013.1390702 2.6073866073866 2.28181951073954 36 87.2067328601712 0.096547134198758 27517427.9482983 1.15159738 27517427.9482983
3 chipseq_30000.dot 5058052541 1.124246700443 0.360733617665894 36 0.802902487249705 0.034761580266076 1848.21480391201 299291955.321206 1.44153113705867 2.01528197028662 36 0.845537453053572 0.311620436987595 1051272652.91644 2609.27683839108 1051272652.91644
3 methylseq_4000.dot 11897958606 1.35311501978169 1.87808444972809 36 4.25363101760252 0.000322942868603511 10.510903869 115184860.599483 1.66666666666667 2.36403926357937 36 18.8327308094966 18.8327308094966 307243281.62152 5.99097153899997 307243281.62152
3 chipseq_4000.dot 4807293396 1.09591551661127 0.384966475535062 36 0.891795586306116 0.0320291528651015 7.681771364 32601415.5737452 1.44896488469602 2.07649489451862 36 1.02575372500644 0.345642741394272 117409709.059404 5.82714541300002 117409709.059404
3 eager_200.dot 14754556884 2.17052767052767 1.68879678546599 12 136.383538134606 10.7656853426405 0.137330053 6018957.90231931 2.58794508794509 2.17829072126221 19 4.45375039609595 4.45375039609595 8377182.58801 0.020628253 8377182.58801
3 methylseq_15000.dot 22500260922 1.11873414075178 1.23354291172521 36 13.688687779294 3.40114298095867e-07 466.332464105001 526891207.791629 1.59718886220088 1.59872659028306 36 17.6959257429352 17.6959257429352 1219698306.34647 494.711475241007 1219698306.34647
3 chipseq_20000.dot 32978181418 1.23232200371591 1.15437865138434 36 5.61475766633665 0.00266819968342903 708.881911800004 1694233235.18389 1.46606248882532 2.73444052293106 36 28.2362651061902 0.658532559060056 6266414024.20328 856.180469522021 6266414024.20328
3 methylseq_2000.dot 6273818718 1.10932619366354 1.20396385178377 36 11.8528825680313 0.00123764878970095 2.455671447 23499784.5175367 1.5863453815261 1.64942546137144 36 8.70818394085305 8.70818394085305 62798066.2236942 0.912984387000006 62798066.2236942
3 methylseq_1000.dot 17027257018 1.31239242685026 1.94193524778207 36 3.89423527085367 0.00177345966345851 0.677203166 35065681.5069134 1.66666666666667 2.40963732122153 36 15.9985029239721 15.9985029239721 91348311.8919939 0.168154396 91348311.8919939
3 eager_25000.dot 19100037384 1.20587505629333 0.936198076697315 36 12.5569712688384 0.0231413442561868 1366.49928979001 347174384.731466 2.6870937807108 2.7838271792837 36 31.3188870646972 1.2528583643294 812089440.3026 1894.02291665901 812089440.3026
3 chipseq_8000.dot 4605965334 1.10471200038207 0.322476950963791 36 0.661158874306075 0.0241764207400317 44.299379923 78762428.0409455 1.45297805642634 1.75411021114444 36 1.90067036005429 0.255181896813825 287494437.742381 63.0824247830003 287494437.742381
3 atacseq_2000.dot 2223941232 1.12094283711931 0.194726481042943 36 0.3095456390328 0.0133187935903798 2.112922098 7192515.21705824 1.31057246130776 0.749986519794546 36 0.623992396074726 0.169037861510264 15350277.970235 0.915954080999999 15350277.970235
3 methylseq_200.dot 6273818718 1.35218253968254 1.73179851966218 28 24.9612610213258 0.0144907912973667 0.079343789 2880534.2050367 1.61111111111111 1.62262216972686 36 8.26784026800962 8.26784026800962 6738752.66651831 0.010041898 6738752.66651831
3 atacseq_8000.dot 11187378708 1.09833989400525 0.663728033626144 36 2.29789156775733 0.0183854879991371 50.4472179540001 98602419.7060113 1.3515829461866 2.20225942927814 36 8.27080583628112 1.87866423671708 511219440.360685 55.2607425020001 511219440.360685
3 methylseq 8885797810 1.83333333333333 1.57177065798244 4 169.753592193509 169.753592193509 0.003231894 1403036.20671181 1.66666666666667 2.05193544266634 6 124.031258205389 124.031258205389 1404330.22269559 0.000363932 1404330.22269559
3 methylseq_10000.dot 22500260922 1.12200435729849 1.23319018874357 36 13.6585403526601 1.90669396287281e-06 154.590850117 351185232.101097 1.59700070504391 1.59656432961831 36 18.7231806812385 17.3044167145612 811110773.960963 166.504138311002 811110773.960963
3 methylseq_1000.dot 6761426956 1.14465799706764 1.83565568456119 36 26.7544689977706 0.0017381903214539 0.720971581999999 14976039.3614404 1.66666666666667 2.40371343574337 36 10.3924855270112 10.3924855270112 45329892.4980511 0.170707633 45329892.4980511
3 chipseq_2000.dot 3793245764 1.11566499165392 0.272418539873673 36 0.559069095033841 0.0178920971311866 1.71460303 19936179.4024485 1.47860156720916 1.75924157047592 36 1.63834125339797 0.2350807732198 74062045.3622265 0.870217531000003 74062045.3622265
3 methylseq_25000.dot 22500260922 1.11889457868818 1.23388968476849 36 13.7262554709006 6.66599688195988e-07 1630.57688047099 879052521.165066 1.59630112246531 1.59768971219965 36 17.2400394685796 17.2400394685796 2033976959.80934 1708.86531940995 2033976959.80934
3 chipseq_30000.dot 3793245764 1.10475736298036 0.261500265434154 36 0.524391538782981 0.0184994765770789 1877.338599789 306295816.228098 1.47832519162794 1.7525402701375 36 2.68364613361689 0.238419834717214 1106604852.4312 2552.28575313403 1106604852.4312
3 methylseq_1000.dot 8885797810 1.15841142347166 1.86521919037275 36 32.5147419672496 0.0017545415953037 0.716854832 19506458.031952 1.66666666666667 2.41191425297129 36 17.7615606469809 17.7615606469809 58893172.2415611 0.174558166999999 58893172.2415611
3 eager 19132169434 2.11171171171171 2.49247455985306 8 60.2475069858277 60.2475069858277 0.037004078 5864728.43437928 2.56563706563707 1.69728316654539 8 64.379241261228 64.379241261228 5748317.92230419 0.005662052 5748317.92230419
3 methylseq_10000.dot 17027257018 1.28345147582843 1.87432083728039 36 4.24952634236915 0.00017539212416528 148.854884503999 347989517.62952 1.66666666666667 2.35938303667649 36 21.4612474218861 21.4612474218861 906924284.47127 159.991701199 906924284.47127
3 eager_200.dot 8330435694 2.09384384384384 1.50058580440617 12 67.5422134407101 25.3300237014289 0.144013544 3362888.99266591 2.64650364650365 1.90834770943025 18 7.934690547035 3.61611356807314 4333781.9986753 0.020185806 4333781.9986753
3 chipseq_10000.dot 4807293396 1.08802560482542 0.388623057126351 36 0.9124853418097 0.0358884286506906 94.7724663989993 81968905.7785075 1.44830827067669 2.02954913641885 36 1.01650101825617 0.31068256034679 293466847.601617 124.829670153001 293466847.601617
