algo_nr wf_name inp_size avg_spread_dyn cv_proc_load_dyn num_used_procs_dyn idle_to_work_dyn idle_to_work_30s_dyn dur_alg1 ms_1 avg_spread_stat cv_proc_load_stat num_used_procs_stat idle_to_work_stat idle_to_work_30s_stat ms_perc dur_alg2 ms_2
3 atacseq_30000.dot 14091675276 1.1791263669933 1.13487220027578 36 79.792291333452 0.713388972816428 1902.52990482301 14326746295.1257 2.31841496893512 2.07549469519397 36 0.125806035140489 0.125806035140489 2861326296.57649 2200.73691466138 2861326296.57649
3 chipseq_15000.dot 41366257414 1.1211991351025 1.41962722407872 36 77.2909093371831 0.0608000889369695 346.565970231002 24139808528.4382 2.13595575959933 1.44293220354398 36 7.85684973566117 0.0913996185710784 13629758035.3587 443.78028402001 13629758035.3587
3 methylseq_15000.dot 6761426956 1.22762019139121 1.80534273150836 36 187.856109983844 2.03131460243717 460.541928809001 2943479904.87116 2.83333333333333 1.84123434464012 36 0.165563604629696 0.165563604629696 450395630.395302 457.136305976004 450395630.395302
3 atacseq_15000.dot 3908761308 1.15947764191004 0.582258749038863 36 5.78517200631922 1.05365185987958 320.921121370003 2232487972.32701 2.10909288194444 1.79458054751721 36 0.106227824752231 0.106227824752231 286436307.459377 425.047485977005 286436307.459377
3 eager 19075314980 2.94594594594595 2.59700284820084 8 18.1466870567626 18.1466870567626 0.040066125 27218317.5268219 2.54761904761905 2.42629583823047 9 644.270720959959 644.270720959959 19325561.3245322 0.005005609 19325561.3245322
3 eager_1000.dot 25705994498 1.79096190971191 1.91976848950452 36 912.265483197109 0.777435503586858 1.243597129 322888272.685327 2.65934684684685 1.59575888084475 36 17.0632475011024 0.57518573241735 109933957.381926 0.278266973 109933957.381926
3 eager_20000.dot 8330435694 1.30565622841582 0.945628111528146 36 60.5776804930091 2.00773360364266 853.421307082998 3455230589.33923 2.85042303503842 2.97031901120966 36 162.459042414972 3.22242296233947 462847738.451393 1105.68996293307 462847738.451393
3 eager_25000.dot 14754556884 1.23140304643497 1.3356534342098 36 57.4772995550917 0.540253443639818 1397.693779736 4107496870.32646 2.71152124769146 1.77412083575934 36 65.9182088477923 1.75427015288809 1762332164.96988 1846.16078419903 1762332164.96988
3 methylseq_1000.dot 110641579976 1.36911136609932 2.20550841914516 36 6961.86844196014 0.00595829727966714 0.642176009999999 2691853840.0839 1.62784471218206 2.74002232805716 36 1220.50191472615 1197.49041043294 6218071555.57016 0.184121777999999 6218071555.57016
3 chipseq_200.dot 5058052541 2.48214285714286 1.28166544014961 16 3.96591376849763 0.735143292685828 0.061260583 26010177.3596133 2.46428571428571 1.80613834833982 17 1.16925808564226 1.16925808564226 6835906.95544507 0.00995031299999999 6835906.95544507
3 atacseq_30000.dot 11809629756 1.15069430312586 1.13962401211256 36 61.8576249688326 0.539679319167329 1895.846307394 7652236321.04856 1.86550715214564 1.93061543686196 36 16.0930683702084 5.71583778009095 3695168139.77758 2248.06536556829 3695168139.77758
3 methylseq_1000.dot 6273818718 2.21533754063874 1.65699899156486 36 67.9021824434561 1.79501721536456 0.718129181000001 117492721.625393 2.3714859437751 1.47012043051765 36 29.8391403099702 0.411734019968886 29180339.5612347 0.188356264 29180339.5612347
3 chipseq_4000.dot 41366257414 1.15024840201727 1.40752126966625 36 31.7672709248216 0.0578367538740048 6.96072258499998 6303993393.3042 2.14131289308176 1.43412849419835 36 5.99145934092948 0.0839128835193243 3677437112.59666 5.45346657100001 3677437112.59666
3 atacseq_2000.dot 14091675276 1.19704110341365 1.22113887433224 36 89.5275276391805 0.69935187372324 1.744336507 965695297.073863 2.31427015250545 2.07083614756131 36 0.134924619474937 0.134924619474937 202013178.495746 0.943282583000006 202013178.495746
3 atacseq_1000.dot 11809629756 1.53829461279461 1.38867390629037 36 53.1125129727354 0.781820139656857 0.607435825 194088103.627911 1.90016666666667 1.52976493509472 36 9.33618787466148 0.693195188204484 76956102.0393435 0.190162161999999 76956102.0393435
3 methylseq_200.dot 17027257018 1.87830687830688 1.79705797062031 28 81.5570810043061 2.31406456671508 0.08505591 109269387.74884 2.83333333333333 1.86611585437531 30 0.204991415570958 0.204991415570958 13055994.3684459 0.010354639 13055994.3684459
3 methylseq_30000.dot 110641579976 1.14409255765801 2.19501434021612 36 268.569585040162 0.000962864010517153 2544.07529689701 76345846538.0067 1.5879685207416 3.21589963968946 36 1134.7675250899 1112.12954918686 162846594921.801 2545.59638343382 162846594921.801
3 methylseq_8000.dot 110641579976 1.25900900900902 2.19524654068063 36 269.948018255532 0.0013457266431256 66.2915965069999 20455239600.0654 1.61778445111777 3.39918943718174 36 1774.65722843818 1750.50213638484 55962012505.4319 76.8768017340018 55962012505.4319
3 methylseq_20000.dot 6761426956 1.18193864847528 1.80390336215931 36 287.493993662857 2.03018179477603 860.441503401993 3920953590.1226 2.83333333333333 1.84169228597295 36 0.165572218397254 0.165572218397254 600526659.108148 827.940223541015 600526659.108148
3 atacseq_8000.dot 3908761308 1.17316910379859 0.555808698607637 36 6.63901081921522 1.22257155478545 48.686426716 1169166778.18787 2.04766260162601 1.75058044675324 36 0.122449568468011 0.104821549402696 159356204.772349 59.4915190529994 159356204.772349
3 methylseq_8000.dot 17027257018 1.33945254778588 1.9564374357658 36 108.355920822197 1.59889108571798 63.1315032599999 4073886407.40847 2.83333333333333 1.84718148568453 36 0.165899117170938 0.165899117170938 482934620.735316 62.230762867 482934620.735316
3 atacseq_10000.dot 14091675276 1.18312349136324 1.1282326347135 36 85.5382813948068 0.707590987067732 94.6498243949996 4764464450.83911 2.31841362847221 2.06374334094017 36 0.136948835337286 0.136948835337286 1001598119.70598 142.489429268998 1001598119.70598
3 atacseq_20000.dot 11809629756 1.1592214183099 1.14142022568668 36 56.2831195388876 0.552958780229401 689.542254126001 5086209987.41224 1.86609157986111 1.9290340740705 36 6.3478988086553 6.3478988086553 2453255388.25753 851.253048516014 2453255388.25753
3 atacseq_30000.dot 3908761308 1.16008217264433 0.55255974979739 36 5.69618443898733 0.957448296246971 1805.894172791 4553566595.27267 2.06479374367867 1.76358280414458 36 0.108612285532632 0.105267185092961 587632029.269281 2207.45578955323 587632029.269281
3 eager_2000.dot 25705994498 1.54031612106478 0.994798623096269 36 517.278619184847 0.826252786049519 3.164005226 667002477.565733 2.60810810810811 1.69368095682024 36 17.0393602175089 0.551298448823853 237461153.830156 1.149862814 237461153.830156
3 eager_1000.dot 14754556884 2.17189108751609 2.02225018835874 36 554.209092890286 0.441966831599162 1.347701831 179510006.917269 2.77791184041184 1.99760174791593 36 95.0328656461311 41.2660658197425 61882839.4566719 0.258334534 61882839.4566719
3 atacseq_30000.dot 11187378708 1.1488852497341 1.12286166507427 36 49.0953134088012 0.584286917621113 1873.445158838 7369720975.99494 2.15100419014593 1.6333895565177 36 68.3622884734947 0.493909522798176 1907043591.9287 2279.25464967352 1907043591.9287
3 methylseq_10000.dot 8885797810 1.22776570945838 1.82392247979545 36 291.85311844023 2.04058788025052 134.769482196 2572277562.10998 2.83333333333333 1.84871581996664 36 0.166007111272495 0.166007111272495 390032774.068376 158.142358205006 390032774.068376
3 atacseq_4000.dot 11809629756 1.19853514994446 1.17365166017758 36 58.0462301377688 0.594926764272057 7.79829328299999 974960549.803999 1.87440087145969 1.86506570201305 36 17.5323365137567 2.07761526994456 445179671.273456 5.423312333 445179671.273456
3 atacseq_1000.dot 14091675276 1.23987843637844 1.38982006060898 36 86.8595325521907 0.664217585294518 0.502665904 468401165.376722 2.28777777777778 2.15567718019577 36 0.121784661314413 0.121784661314413 86625161.5762095 0.175542105999999 86625161.5762095
3 methylseq_4000.dot 6273818718 1.38917886140108 1.67390828090479 36 125.170565525669 2.00526025198026 9.52262604299999 467685530.127635 2.32682682682683 1.50996707943452 36 78.8952753194719 0.477212729336004 116238029.344757 5.56755329099996 116238029.344757
3 chipseq_1000.dot 4605965334 1.42888014763015 1.08008265123366 36 49.3453591841823 1.07745703534405 0.693509674999999 246860138.75452 2.8125 1.92005931833561 36 0.00446206390282725 0.00446206390282725 18598333.3854032 0.167575692999998 18598333.3854032
3 atacseq_200.dot 11809629756 1.78611111111111 1.41466290863276 17 12.6312399221347 0.736900616160219 0.074979724 7662589.46344335 1.90138888888889 1.49462599433077 18 3.62917406618367 2.95288195172847 9368584.37130868 0.012915856 9368584.37130868
3 eager_8000.dot 19075314980 1.32502007235752 1.30886469446233 36 195.998396567328 0.359173456596237 64.307932564 1844525457.74448 2.09874922541589 3.09946694950279 36 232.904779874533 0.785718244534166 1228097406.32826 98.0175401140011 1228097406.32826
3 methylseq_10000.dot 110641579976 1.12213615604974 2.19520416938978 36 269.805941266234 0.00108315612288518 155.557028699999 25552942350.8754 1.66186474589836 3.86416134253701 36 1754.67031808734 1730.14198119222 69575738283.2989 183.990206333 69575738283.2989
3 methylseq_2000.dot 22500260922 1.49293204564289 1.37142445652704 36 57.4256381280289 0.0588567622739188 2.211543445 299363847.563237 2.6636546184739 1.47376543425172 36 14.8886048785552 0.254613866610281 206714985.589259 0.924311155999997 206714985.589259
3 chipseq_200.dot 32978181418 1.94196428571429 1.22542652433947 15 52.0071922528143 0.273410115325032 0.057438118 250442585.707249 2.73214285714286 1.3949018044333 17 0.10743056996371 0.10743056996371 236857224.900461 0.00855959000000001 236857224.900461
3 chipseq_2000.dot 4605965334 1.23024621739021 0.90411772481467 36 26.7377596665512 1.73335033188469 1.834266265 517101979.133745 2.8125 1.91048609457921 36 0.00202593875069451 0.00202593875069451 37125260.1458199 0.867287691000009 37125260.1458199
3 methylseq_30000.dot 8885797810 1.22901276912883 1.82104207647295 36 217.769564388275 2.05844129016515 2485.13828561901 7754794365.01025 2.83333333333333 1.8442312106754 36 0.166041010641105 0.166041010641105 1168692161.80022 2388.95633365069 1168692161.80022
3 eager_20000.dot 19075314980 1.2878430772307 1.26716188688185 36 130.092014546036 0.395967392425421 840.444794669993 4493008897.71047 2.0932752278906 3.43992945420332 36 239.773514579117 4.41413689454386 3219599506.99252 1125.37615692503 3219599506.99252
3 atacseq_8000.dot 11809629756 1.18593385498874 1.16081547480986 36 60.4447634442923 0.575308752271727 52.8413555640004 2036510528.00178 1.87031842818429 1.90250428399289 36 31.2178918945778 3.01311738991572 951560752.036464 62.1053747120015 951560752.036464
3 eager_30000.dot 19100037384 1.23654436392601 1.29420430293333 36 110.299271821823 0.405303578589288 2150.16828507302 6838227583.5274 2.09084886348666 5.03509939053291 36 217.452496306952 100.626966485128 8272937485.82732 2816.44718192913 8272937485.82732
3 chipseq_200.dot 4807293396 2.48214285714286 1.29346391581603 16 4.45361156136671 0.860794608867806 0.062572711 23918184.1805286 2.46428571428571 1.47411000195653 17 0.451376839772512 0.451376839772512 4047736.0631169 0.00997205999999999 4047736.0631169
3 chipseq_200.dot 3793245764 2.48214285714286 1.42527408979809 14 2.72035994637847 1.9700644744279 0.070461686 5555582.01036899 2.8125 1.28943225685908 17 0.835075262490322 0 5616791.1 0.010209772 5616791.1
3 eager_8000.dot 19132169434 1.32317215090175 1.29935927177446 36 147.867375983324 0.382057149201225 74.5812043760002 1887487030.05386 2.10422327088994 3.53557648677975 36 76.4196076062145 35.9949827481335 2095878118.43339 111.291414952002 2095878118.43339
3 atacseq_10000.dot 11187378708 1.16895974964536 1.11771808514445 36 47.8158286521949 0.591863144560937 93.2466415819998 2466189711.70006 2.14444444444444 1.6089346986459 36 16.9710479926333 0.493256714248023 608596244.649109 143.945658227001 608596244.649109
3 chipseq_20000.dot 4807293396 1.19082065853419 0.930245408242578 36 25.4625528782932 0.926089359537887 722.566103281006 5406397219.60191 2.49968710888611 2.62091729510194 36 0.416886457264388 0.416886457264388 475915104.759399 872.284778125005 475915104.759399
3 chipseq_10000.dot 5058052541 1.22152054294912 0.919520950334447 36 25.5651442875165 1.57315990556244 89.5190510360001 3009959891.64676 2.49937343358396 2.46114516617954 36 0.308005790415121 0.308005790415121 293033542.460888 148.782602408999 293033542.460888
3 atacseq_4000.dot 11187378708 1.19837800974443 1.16035466985701 36 44.8226511720903 0.512368082059512 8.22686992199999 957480950.317405 2.25871459694989 1.56663672375012 36 11.7830751063997 0.399592451537708 230336367.708021 5.83476063900001 230336367.708021
3 chipseq_4000.dot 32978181418 1.21438549003407 1.75094166962882 36 41.654738767891 0.0931138977866186 6.654144572 7111469224.39659 2.8125 2.2350395959192 36 44.6818084577666 0.0319371823052353 3789257161.60043 5.63327406500003 3789257161.60043
3 eager_4000.dot 19075314980 1.49409374665139 1.30719867913456 36 383.909925976987 0.348774354315976 13.2504998310001 902793274.531007 2.10571659079122 3.08453292732708 36 193.561761311657 0.860083889515404 572465475.479146 7.796170028 572465475.479146
3 methylseq_4000.dot 17027257018 1.41918903030014 1.9549613293988 36 111.725521214884 1.61313233001511 10.206081901 2054379219.84738 2.83333333333333 1.85406043641841 36 0.165859357299226 0.165859357299226 241469491.605808 5.54882733600003 241469491.605808
3 chipseq_1000.dot 41366257414 1.23078283895592 1.41063106532412 36 35.6970602573894 0.055243484776354 0.478327149 1493304989.21317 2.10496794871795 1.46101793488668 36 1.90543375106001 0.13126307869291 1006020043.60855 0.163735356999998 1006020043.60855
3 atacseq_10000.dot 3908761308 1.15590074437516 0.539556896113565 36 6.08507896278047 1.20886220433816 84.9069743139994 1472786608.5853 2.0915798611111 1.76767397269925 36 0.1193117377372 0.10642657299773 195620833.292472 136.266409236 195620833.292472
3 eager_1000.dot 19100037384 2.01376835439335 1.60213384187971 36 1038.22191452826 0.392018733900233 1.337168879 248199675.321134 2.10726351351351 3.51444750730522 36 333.92441049025 1.04399124642962 199206477.670346 0.222998036 199206477.670346
3 eager_25000.dot 25705994498 1.21126412410912 1.03862815526346 36 173.324312122288 1.14044430910784 1532.67303049199 8429078977.13825 2.56496161815311 1.75817748884447 36 17.034699973825 0.546638205139996 3001308176.07196 1826.08290394302 3001308176.07196
3 chipseq_25000.dot 41366257414 1.09222221201387 1.43034035533344 36 93.8994259271913 0.0628634803589947 1260.41095068299 40717173419.7037 2.25203328328328 1.41648682922139 36 11.5496016502128 0.0532881668462124 20768753970.1842 1503.59168217205 20768753970.1842
3 methylseq_15000.dot 11897958606 1.19216643155794 1.95675885161772 36 87.8751533202448 1.33748970825466 447.146233814001 5425021012.96549 2.83333333333333 1.84525343340058 36 0.165974501835559 0.165974501835559 767507900.689303 452.743485097 767507900.689303
3 atacseq_30000.dot 2223941232 1.1574263608607 0.425417917147001 36 4.12696538588362 0.81716087458128 1829.30938981901 2784027991.27136 1.79835464528248 1.70162523387737 36 45.9983151608469 1.9470045546755 902500218.132675 2239.37762452935 902500218.132675
3 methylseq_1000.dot 11897958606 1.30832855230446 2.0137725203456 36 91.1972670697053 1.34723072185795 0.752150031999999 363686168.769578 2.83333333333333 1.92454240775868 36 0.165618741474136 0.165618741474136 51537901.2467836 0.236436663 51537901.2467836
3 atacseq_2000.dot 3908761308 1.30881895428464 0.898903328568879 36 25.0456738277826 2.06278102095736 2.09101381299999 260246538.776741 2.04575163398693 1.78972148485032 36 0.109953950588045 0.109953950588045 39339409.7693945 0.939724542000004 39339409.7693945
3 methylseq 11897958606 2.83333333333333 1.58699289418819 4 539.92354998299 539.92354998299 0.003189157 1840860.02627885 2.83333333333333 1.84737755120371 5 429.744776319145 429.744776319145 1843325.45 0.000389281 1843325.45
3 chipseq_25000.dot 5058052541 1.20574010678176 0.875078836850845 36 24.3711073627445 1.39872785345642 1176.54170662499 7412398989.53864 2.5 2.61872090610236 36 0.447611171130181 0.447611171130181 732763402.242992 1415.86976401106 732763402.242992
3 methylseq_15000.dot 110641579976 1.138325475195 2.19502216311121 36 268.383194650162 0.000903653025836514 469.687418598003 38220983338.4394 1.59398630015125 2.92111373917175 36 855.313012858862 831.078747125574 82177996562.5974 492.012134055003 82177996562.5974
3 methylseq_15000.dot 17027257018 1.38213957409314 1.94904239822975 36 111.706458835595 1.60545198953445 458.145793653002 7667495349.56198 2.83333333333333 1.84449502675585 36 0.165929768920935 0.165929768920935 907129580.604703 451.553298119997 907129580.604703
3 eager 14754556884 2.88648648648649 2.63345813591841 8 826.569383727046 826.569383727046 0.038411875 10209221.0637356 2.9009009009009 2.61856410292853 8 262.372374945704 262.372374945704 6994160.86566337 0.006230866 6994160.86566337
3 chipseq_2000.dot 32978181418 1.22219822635171 1.78963207090275 36 45.5406001686183 0.0877904188711785 1.540031532 3489216244.35915 2.80537974683544 2.23228041494433 36 58.6712969299858 0.0499174080805558 2013377892.96024 0.853184878000002 2013377892.96024
3 eager_2000.dot 19100037384 1.67570739388921 1.38902131244452 36 816.231058959292 0.352080564557619 3.95668954900001 483607520.802107 2.10654810654811 4.58594200100227 36 53.8720946583094 7.09490610739792 524009218.085398 1.163988215 524009218.085398
3 atacseq_20000.dot 14091675276 1.18823215479744 1.13094711846704 36 80.5244065823777 0.717753638614161 693.614688386005 9511397595.71015 2.31892903645835 2.06171752506509 36 0.137246724565366 0.137246724565366 2012706494.70975 831.268522147996 2012706494.70975
3 atacseq_20000.dot 2223941232 1.16512864317787 0.4131580889015 36 4.67067253949534 0.913837702970742 708.793279064998 1814165446.42013 1.79530649336557 1.74471594626864 36 20.8460343040695 2.34591527288516 613978579.646706 869.37669917003 613978579.646706
3 chipseq_2000.dot 5058052541 1.28692266330716 1.08891841836327 36 72.9479111450702 2.5739309905834 1.7565158 566012308.291057 2.5 2.6354470672068 36 0.448236344692032 0.448236344692032 59628674.5554453 0.86683754000001 59628674.5554453
3 methylseq_20000.dot 11897958606 1.20045954889894 1.95790284894653 36 98.6717454805736 1.33454860543742 908.908107223003 7221489652.38068 2.83333333333333 1.84554430107842 36 0.165983141049787 0.165983141049787 1023342939.05049 871.085310284017 1023342939.05049
3 atacseq_25000.dot 14091675276 1.18464539763281 1.1330940752308 36 79.6204607072528 0.707615890332469 1169.84318154599 11897780673.62 2.31903211805557 2.06158070686912 36 0.137301416821826 0.137301416821826 2506589966.94883 1387.76146792598 2506589966.94883
3 atacseq_4000.dot 14091675276 1.17503950298068 1.17395280154439 36 88.4728872568762 0.750445886116924 6.639775513 1951760161.86022 2.31168300653595 2.19655363995222 36 0.154138543498753 0.154138543498753 331255612.510042 5.43405874100002 331255612.510042
3 eager_200.dot 25705994498 2.91591591591592 1.73998050728859 12 36.9246099227418 36.9246099227418 0.129277066 25609798.8368066 2.82539682539683 2.08829676123168 18 222.752946048775 189.86785145705 30281820.1262137 0.021105375 30281820.1262137
3 chipseq_15000.dot 4605965334 1.16152635622585 0.767616390697366 36 20.3874612506207 1.22112736484442 351.911188475 4302847821.63933 2.8125 1.89389132423554 36 0.000266707582296131 0.000266707582296131 265441107.749994 419.221529690008 265441107.749994
3 atacseq_15000.dot 14091675276 1.18800534739662 1.13870543436078 36 85.8049141601399 0.709800873236793 344.188329474 7149257421.97575 2.3187572337963 2.08584576017888 36 0.125471667975234 0.125471667975234 1415215996.2246 423.330180387997 1415215996.2246
3 methylseq_200.dot 110641579976 1.41269841269841 1.93416617582351 28 1908.47183224141 0.0381967071665082 0.077882644 573660767.420349 1.57638888888889 3.52187498421185 35 3078.97265677392 3070.28382457628 1344418091.54457 0.010174484 1344418091.54457
3 methylseq 6273818718 2.83333333333333 1.58020503685694 4 63.8693432218947 63.8693432218947 0.003212483 992116.119918884 2.83333333333333 1.84263092595401 5 213.825711824992 213.825711824992 994094.7125 0.000385421 994094.7125
3 atacseq_15000.dot 11187378708 1.15515365173998 1.12381628880491 36 46.6711022701831 0.655192675118082 344.913274648001 3583847438.42302 2.20562789351852 1.61351476440355 36 20.9273842672364 0.470746102803406 908154181.754682 428.538088462001 908154181.754682
3 eager 25705994498 2.94594594594595 2.64061715361216 8 0.00353726720730772 0.00353726720730772 0.037520196 25604149.3385752 2.82239382239382 1.99033527010989 8 427.008665433085 427.008665433085 30281820.1262137 0.005661297 30281820.1262137
3 methylseq_4000.dot 8885797810 1.22528878084434 1.83388018154929 36 218.119392103031 2.01873824393744 9.96326745199999 1025068202.14678 2.83333333333333 1.85522093079926 36 0.16595238709418 0.16595238709418 155733755.328733 5.56033981300001 155733755.328733
3 methylseq_20000.dot 110641579976 1.1958648538781 2.19515551346024 36 269.540128771934 0.0010101892127733 976.810918220996 50935635421.2442 1.61211151127122 2.9751060045303 36 69.6164507580853 20.3366192259545 116797888470.012 980.998243681008 116797888470.012
3 chipseq_2000.dot 41366257414 1.22024968702184 1.42967509207993 36 48.9623548540496 0.0597967788940853 1.852156194 3134783253.63269 2.1309335443038 1.44284384181667 36 5.84561573771736 0.100694017770474 1872074412.63194 0.845590837000008 1872074412.63194
3 chipseq_15000.dot 32978181418 1.21444513506805 1.78084373983306 36 36.0718801250876 0.09507932271266 355.026392466001 28305939461.3323 2.81156093489149 2.22908469893459 36 0.0228505475584075 0.0228505475584075 13474602225.1034 437.904924258009 13474602225.1034
3 chipseq_8000.dot 5058052541 1.24157016246555 0.934474371672384 36 31.5519985691794 1.53883905343599 50.3983589870002 2469341041.68538 2.5 2.62111283744007 36 0.447725700916606 0.447725700916606 235604566.555441 64.1643587839991 235604566.555441
3 methylseq_8000.dot 8885797810 1.18704021481799 1.8205463681058 36 299.011040479409 2.03109221247576 60.6825654719999 2049696012.08775 2.83333333333333 1.8479279917311 36 0.165992854539518 0.165992854539518 311465587.902614 67.3015285339994 311465587.902614
3 chipseq_8000.dot 41366257414 1.12475801366868 1.42296253719896 36 43.3829006302907 0.0676181847306145 52.2127808969998 13084566549.2252 2.19416144200627 1.43050219460511 36 9.44664366827283 0.0753933838798015 7063630459.7479 70.3702611079999 7063630459.7479
3 methylseq_8000.dot 6273818718 1.215721674055 1.68811229253841 36 129.794407959558 2.05386717800705 61.7811393899999 952135083.451188 2.32682682682682 1.50576877930554 36 107.210358317285 0.475067726430105 232460004.352996 61.7313107890011 232460004.352996
3 eager_15000.dot 19100037384 1.3063158328864 1.31081226972427 36 150.224188424804 0.390821412874445 442.017612764998 3455097017.31434 2.09252221850647 4.97244831257276 36 1721.52536688784 35.7626205760147 4113165085.75232 561.707892508001 4113165085.75232
3 chipseq_30000.dot 4807293396 1.16770878117573 0.978681437130581 36 26.625082990284 0.801877378451317 1874.57839069099 8126914202.90939 2.49979149291076 2.61272439613516 36 0.407576375622434 0.407576375622434 713106456.146465 2229.38876994233 713106456.146465
3 methylseq_30000.dot 6761426956 1.22936793765126 1.80305167864828 36 239.912786423547 2.03606359484891 2456.298019323 5892905093.51088 2.83333333333333 1.84096586187703 36 0.16558065079753 0.16558065079753 899708893.253054 2364.28977720559 899708893.253054
3 chipseq_1000.dot 32978181418 1.28434346102615 1.95829173261629 36 307.955544497434 0.0917990396802152 0.521670114 1682161400.73576 2.8125 2.23364162830672 36 0.0265848929901034 0.0265848929901034 947616870.571318 0.161670587999999 947616870.571318
3 chipseq_30000.dot 4605965334 1.15774106783541 0.783513399816325 36 26.2940838536541 1.22293479231951 1908.13718849802 8811553956.18918 2.8125 1.89330043567908 36 0.000135360746506011 0.000135360746506011 530831794.208355 2201.27011563732 530831794.208355
3 methylseq_10000.dot 6273818718 1.25133386688008 1.68718903919231 36 126.752715705712 2.05720752007069 136.108612029001 1187088366.74812 2.32713085234094 1.50549720931155 36 116.00243596939 0.477357116729554 291066929.561235 166.784146206001 291066929.561235
3 methylseq_25000.dot 6761426956 1.22560562070886 1.80276108059429 36 188.935671716862 2.03482135949126 1585.16847599201 4910720455.07466 2.83333333333333 1.84174101447539 36 0.165576998298721 0.165576998298721 750657687.82098 1444.31144655504 750657687.82098
3 chipseq_10000.dot 4605965334 1.15808291019758 0.772353423613427 36 18.9498579928302 1.22306257803987 92.4511191430004 2873264328.44655 2.8125 1.89319184407231 36 0.000407976208649803 0.000407976208649803 177832745.260402 130.738981033998 177832745.260402
3 methylseq 22500260922 2.83333333333333 1.62250932849562 4 1481.00634974977 1481.00634974977 0.003561238 3882492.42736769 2.83333333333333 1.88224274509993 5 1005.76360193113 1005.76360193113 3882956.87387624 0.000391102 3882956.87387624
3 methylseq 110641579976 1.83333333333333 1.71965084240458 4 23654.9309114007 23654.9309114007 0.003229636 204408706.440384 1.66666666666667 2.22167479341884 6 17007.1565441527 17007.1565441527 204410296.919888 0.000363251 204410296.919888
3 eager_25000.dot 8330435694 1.31011466956064 0.861236895150333 36 37.9999622019693 2.1767921408021 1481.15891468901 4455073234.553 2.85097194458897 2.98169337345308 36 158.049405060986 4.7871883539805 578866479.355055 1868.38247811003 578866479.355055
3 chipseq_20000.dot 41366257414 1.1253548612943 1.40443774568922 36 24.6907529577207 0.0596357315416056 732.615728313001 31966503194.2152 2.26083385481852 1.41495671007504 36 13.3298464407319 0.0535012532184074 16661538939.2735 882.193117808022 16661538939.2735
3 chipseq_20000.dot 5058052541 1.224413102542 0.855817128560597 36 29.0271450689408 1.4737224025332 726.189922410001 6062945276.10569 2.49949155193992 2.45876944729149 36 3.61555472276111 0.34506904018778 585621113.792978 859.981965826019 585621113.792978
3 chipseq_8000.dot 32978181418 1.23590214318075 1.77749212021078 36 37.184154107237 0.0953066862375407 44.5920686910002 14762161203.8538 2.81073667711599 2.23618450669676 36 0.0348199970122667 0.0348199970122667 7580455020.43322 63.4627147280007 7580455020.43322
3 atacseq_25000.dot 11187378708 1.15312442174689 1.1209706086847 36 51.4304951762014 0.562980475369746 1218.686301593 6139672715.22032 2.17415364583335 1.63100323817653 36 23.8023375995636 0.482317264726883 1559019432.66095 1424.06299233402 1559019432.66095
3 atacseq_25000.dot 3908761308 1.15704834295224 0.534251469651775 36 5.3574603145304 1.03209723743977 1240.922067375 3759688088.18842 2.15595920138892 1.78865420404298 36 0.103335245805786 0.0992338507868012 466916326.327272 1446.20762047495 466916326.327272
3 chipseq_4000.dot 5058052541 1.23448766903955 0.983762997762781 36 29.6346706402634 1.74790655937538 7.070058186 1186895692.0627 2.5 2.62411721089996 36 0.447894641923924 0.447894641923924 116847780.242944 5.44558785700003 116847780.242944
3 eager 8330435694 2.88648648648649 2.62643260908318 8 446.524012301676 446.524012301676 0.039899725 3289058.75380586 2.9009009009009 2.61529323674838 8 60.6588156307761 60.6588156307761 3276789.96875 0.006192291 3276789.96875
3 eager_15000.dot 14754556884 1.25564325371317 1.35116510439371 36 71.0740486786828 0.509993233273492 434.207164069999 2494869488.63768 2.71026864885133 1.77268492356523 36 65.3558790867576 1.48420387246418 1060387253.66764 549.951775516004 1060387253.66764
3 chipseq_15000.dot 4807293396 1.18423578716774 0.911959757181725 36 25.6981757513338 0.954113611906945 340.747959468001 4028664463.90508 2.5 2.61984209294529 36 0.415875988173443 0.415875988173443 356547689.615196 423.351843333006 356547689.615196
3 eager_4000.dot 25705994498 1.30216913965818 1.02191646898307 36 306.076952032694 1.02280489823556 12.65768633 1439053867.96391 2.58352062083406 1.73774758110221 36 17.0709454092406 0.582883640555611 479563627.919821 7.49482426499999 479563627.919821
3 eager_8000.dot 19100037384 1.34294326822705 1.27083322470104 36 176.122190136786 0.376291242912054 69.0525678800003 1850401017.11875 2.09461842795176 4.50136109653832 36 546.749530685858 3.45354551811091 1999400705.1913 99.2473975650022 1999400705.1913
3 methylseq_4000.dot 110641579976 1.1477548977549 2.19565750681841 36 272.696078978687 0.00180300112530677 12.706288926 10327965426.0379 1.64297630964298 3.33602874185814 36 1378.84525677136 1355.5760397779 26048747912.8259 6.13033647000001 26048747912.8259
3 atacseq_200.dot 14091675276 2.31944444444444 1.54437938488173 17 9.24397538845148 2.92243028082156 0.071696458 22643290.0303831 2.21388888888889 1.53563250757566 18 3.04276509199915 3.04276509199915 24581222.0050736 0.012983403 24581222.0050736
3 chipseq_25000.dot 32978181418 1.22774276420107 1.76841415306321 36 36.3463250900994 0.106085888226452 1191.63735334398 47817601350.8232 2.8125 2.26159973757874 36 202.486439937117 0.0756809077698703 28035487094.1975 1430.66205426603 28035487094.1975
3 eager_10000.dot 19100037384 1.26667549733297 1.27915775295079 36 169.047966961148 0.365312619499768 136.87073247 2343343176.71991 2.09376832453756 4.70950234105487 36 401.925604585648 7.44859288705092 2598173840.3233 204.878003071999 2598173840.3233
3 methylseq_30000.dot 11897958606 1.2311718338129 1.9567716756917 36 88.8629447120469 1.33453424517187 2457.52024455199 10831962777.8786 2.83333333333333 1.84485729712739 36 0.165991597056762 0.165991597056762 1533172760.47859 2338.91289691971 1533172760.47859
3 atacseq_25000.dot 11809629756 1.15860815304232 1.13774436992596 36 66.8091450254149 0.553029937471738 1200.53670500899 6360447970.36451 1.865546875 1.92816792213549 36 25.7849033466785 5.15942100324856 3071929886.53079 1406.00402803099 3071929886.53079
3 eager_30000.dot 19075314980 1.22884605489943 1.27870738117399 36 98.5860974066208 0.406899438902868 2147.84584155496 6844943211.65424 2.094672878728 3.41939084155724 36 223.885491332425 5.00486067168526 4676029406.53442 2809.08143064612 4676029406.53442
3 methylseq_25000.dot 11897958606 1.1878370380531 1.9579342477638 36 87.4348705070964 1.33547195404727 1527.432095996 9034579872.66603 2.83333333333333 1.84468334269027 36 0.165987933729415 0.165987933729415 1279177977.4117 1392.58249854101 1279177977.4117
3 eager_15000.dot 19132169434 1.2564682999357 1.29330991420842 36 147.805694969883 0.399921642194757 436.908460161999 3519136964.76297 2.10324131780824 3.5499895122409 36 98.91530796585 58.4910159726112 3952276137.93312 553.591624092019 3952276137.93312
3 methylseq_30000.dot 22500260922 1.24803466360087 1.38033062500219 36 59.4033845719293 0.0571481003625545 2490.937491915 4494703618.01827 2.66806722689076 1.44489320369751 36 145.673450319504 0.207288150663577 2914771748.5519 2532.84413834898 2914771748.5519
3 atacseq_2000.dot 11187378708 1.26077424753895 1.27372500330996 36 50.9447927842724 0.690017302398989 2.215731822 461955775.974008 2.13526688453159 1.47863694729494 36 7.23046391800434 0.380885994856508 104459572.520859 0.924573004999995 104459572.520859
3 methylseq_10000.dot 11897958606 1.23245488671658 1.96045492957469 36 98.9720870185487 1.33421362303605 146.872415142001 3610800496.49524 2.83333333333333 1.84937783197967 36 0.165957878636042 0.165957878636042 511672862.328116 156.594703394003 511672862.328116
3 chipseq_25000.dot 4605965334 1.17032655574321 0.778852096570834 36 25.8218286584665 1.18122892253669 1167.654086432 7287147568.08082 2.8125 1.89315059544945 36 0.00015908518108562 0.00015908518108562 443202446.385429 1425.09421578898 443202446.385429
3 methylseq_30000.dot 6273818718 1.22493706477301 1.70517448961921 36 133.214256580636 2.14557017470526 2278.32427049401 3624750161.41531 2.32406295851672 1.50758634853491 36 151.237449222123 0.483265185054758 872455159.361232 2336.075475725 872455159.361232
3 eager_30000.dot 8330435694 1.2715598645475 0.913520099459927 36 42.8421217407631 1.99658269847246 2202.83527770799 5370171010.84012 2.85369936866001 2.76809508323901 36 102.792445553263 5.54390417707961 718377090.510897 2874.55878506415 718377090.510897
3 chipseq_200.dot 4605965334 2.67857142857143 1.50494926418554 14 4.15491767313359 4.15491767313359 0.070226711 5344411.94304218 2.8125 1.51785586623447 17 1.5014954814227 1.5014954814227 5307813.72916667 0.009941779 5307813.72916667
3 methylseq_15000.dot 6273818718 1.28277966288375 1.69004981036618 36 127.469381267486 2.08529907278231 418.974403385 1794191306.07261 2.32385908726983 1.50847143398823 36 131.004825684021 0.482584971066327 436731544.552996 445.700031211994 436731544.552996
3 methylseq_2000.dot 11897958606 1.21510645757634 1.9908578153397 36 93.6056463018593 1.34703461685752 2.33593939 726354180.810119 2.83333333333333 1.89220088158289 36 0.16581085898166 0.16581085898166 103073016.887892 0.97550488 103073016.887892
3 atacseq_200.dot 3908761308 2.01666666666667 1.82070713716295 16 2.28535156949137 1.78503912183479 0.084631001 6610076.78018327 2.11388888888889 1.28764205571126 18 0.793234011766461 0.315917862399928 4722177.17073361 0.013044004 4722177.17073361
3 eager_8000.dot 8330435694 1.32704561516737 1.1147088499054 36 299.537795517233 2.1530585370238 71.7205739209998 1344342482.43779 2.84943610276943 2.92443400970783 36 183.84395164711 29.7043225266405 197066778.246242 105.481538870001 197066778.246242
3 atacseq_200.dot 2223941232 1.62777777777778 1.68977008652606 16 3.930690918564 1.85393412755432 0.086416067 3518928.67010645 1.97305555555556 1.9808757520229 20 4.2991490914696 3.49255468531368 8583080.84757057 0.013092902 8583080.84757057
3 chipseq_2000.dot 4807293396 1.33423064277495 1.03441540412038 36 111.76632325019 1.76041372534808 1.960374764 472646967.242526 2.5 2.63016029685875 36 0.416930253031295 0.416930253031295 48330107.5110337 0.923529968000001 48330107.5110337
3 eager_20000.dot 19100037384 1.27078722635132 1.28698076675895 36 111.008123671786 0.390340415845591 834.217633048998 4560571630.56778 2.09221859221858 4.97711003349757 36 2450.93664577706 41.3047900234374 5467332975.90949 1096.48591420505 5467332975.90949
3 eager_10000.dot 19075314980 1.23474465971945 1.30238476854021 36 147.890166868701 0.381468754063379 123.308806314 2372625241.25256 2.09709244324629 3.41945587880653 36 249.094623446472 8.0077955651814 1593595798.95073 205.843371778 1593595798.95073
3 methylseq_25000.dot 6273818718 1.25296745892044 1.70017977804051 36 129.996926802428 2.12197268913693 1479.176564598 3008964017.27531 2.32295834000104 1.50905021865306 36 146.711280332866 0.484659754359502 728059504.114413 1391.76510460301 728059504.114413
3 eager_10000.dot 8330435694 1.35729721841798 1.0433869004894 36 259.993980498603 2.07015865714189 141.965380026999 1724920362.94553 2.85349965349965 2.73180317812909 36 213.633584139255 2.46889422839349 241481320.157698 209.339485978002 241481320.157698
3 methylseq_200.dot 8885797810 2.21378968253968 1.82569026803374 28 821.456256586718 1.84571546236384 0.083664759 38656815.1914545 2.83333333333333 1.86666542801588 30 0.205056669224394 0.205056669224394 8419634.78823783 0.009976658 8419634.78823783
3 chipseq 32978181418 2.8125 1.72683683885847 4 0.0623352654623668 0.0623352654623668 0.006307671 91500356.4236956 2.25 1.72336261045761 4 132.332193373445 132.332193373445 90197827.2263673 0.000724068 90197827.2263673
3 methylseq_2000.dot 6761426956 2.14119971951297 1.87884621384551 36 123.110659053345 1.92857909636563 3.043141852 383077765.249974 2.83333333333333 1.88746883236146 36 0.165400319223406 0.165400319223406 60486987.4791845 0.918775782000007 60486987.4791845
3 atacseq_20000.dot 3908761308 1.15881610942501 0.562136414474293 36 5.52330452417836 0.993250705334826 704.589037367002 3009881456.78549 2.09704861111113 1.76191305170748 36 0.106570976131936 0.101271398248802 386779778.021021 841.823388512017 386779778.021021
3 atacseq_1000.dot 11187378708 1.64356216931217 1.36145472922948 36 72.7530322257531 0.637188308216872 0.610328173 187840516.465191 2.2635 2.14828522752574 36 2.51264845227109 0.215193588757962 37498784.5461367 0.184225161999999 37498784.5461367
3 eager 19100037384 2.94594594594595 2.59534724750512 8 17.4731467966981 17.4731467966981 0.039832 27298619.2046763 2.54761904761905 2.42777590270753 9 610.53329621822 610.53329621822 19405643.574563 0.005031973 19405643.574563
3 chipseq_10000.dot 32978181418 1.22851383683151 1.76123132692061 36 35.2180948789787 0.10132475997927 81.6963192600009 18637376934.803 2.81109022556391 2.25501522834331 36 175.486822206773 0.0734370393833421 11131357671.6372 124.824772235999 11131357671.6372
3 methylseq_2000.dot 110641579976 1.16316057882323 2.20017394897977 36 314.397138764889 0.00311203879585998 2.481587058 5215133867.44607 1.595046854083 3.2738130818241 36 1769.30003499586 1748.01298500505 13948363361.2973 0.926316954000002 13948363361.2973
3 chipseq_8000.dot 3793245764 1.16437066721158 0.606632098566841 36 7.38230429112564 2.1336646014845 45.620287775 1814573125.79901 2.8125 1.84842205499931 36 0.000514315899525577 0.000514315899525577 151653359.7 55.1435888150001 151653359.7
3 eager_25000.dot 19132169434 1.23539902983943 1.26114386806549 36 103.437762996251 0.392435651401246 1429.73577186799 5707004629.88249 2.10267866650845 3.55679217812286 36 122.828007882067 82.4037158888285 6589519331.46618 1821.25711609601 6589519331.46618
3 eager_4000.dot 19132169434 1.47902957346606 1.32076963797246 36 369.15972878241 0.363990752980686 12.225998427 920058811.792241 2.1064081138708 3.50490825538854 36 60.1698944893497 19.7456024961108 1034529933.63775 7.642325202 1034529933.63775
3 chipseq_1000.dot 4807293396 1.46543213730714 1.14505209350005 36 54.4011563548743 1.6067882877164 0.668833577999999 203131766.697825 2.49358974358974 2.6396491358315 36 0.428182480172455 0.428182480172455 23418600.34375 0.169441278999998 23418600.34375
3 eager_15000.dot 19075314980 1.29838780228584 1.30251069776415 36 153.451370005825 0.39428933896271 436.940478801999 3394020397.66854 2.09632799278469 3.36630974294217 36 233.74711759514 16.5408757382407 2316638001.39335 568.205299803028 2316638001.39335
3 methylseq_200.dot 6761426956 2.16517857142857 1.81939065676478 28 2134.16899223082 1.82152160936656 0.081051204 29401971.2201185 2.83333333333333 1.86462131402898 30 0.204491948055919 0.204491948055919 6483020.31628952 0.010318299 6483020.31628952
3 methylseq 17027257018 2.83333333333333 1.58974108336956 4 752.39087317484 752.39087317484 0.003676564 2178649.50221552 2.83333333333333 1.84754578305318 5 562.355609870572 562.355609870572 2179186.75 0.000377278 2179186.75
3 eager_1000.dot 8330435694 2.08690476190476 2.00761330769273 36 1015.59333670996 2.44908267039463 1.245566261 129667679.00079 2.85529279279279 2.63323582669151 36 56.4498168290093 23.309883565712 23153162.6731761 0.243889383 23153162.6731761
3 chipseq_4000.dot 3793245764 1.14004326386402 0.617232819006106 36 9.57240248039401 1.99598200923075 6.976958411 900460477.03078 2.8125 1.85357805458193 36 0.00100412260165432 0.00100412260165432 75826679.8500005 5.44401519500006 75826679.8500005
3 methylseq_200.dot 11897958606 1.59250992063492 1.8007276108637 28 79.6206781488557 1.92448473574054 0.078513534 77152947.0510208 2.83333333333333 1.86699488536902 30 0.205020673912908 0.205020673912908 11046024.6716266 0.010285329 11046024.6716266
3 atacseq_1000.dot 3908761308 1.50525925925926 1.22669686630799 36 18.8211528354441 1.66196650899852 0.756324171 93815942.7904866 2.04888888888889 1.80323169452094 36 0.10372410531148 0.10372410531148 20504539.3883144 0.180502612999998 20504539.3883144
3 chipseq_1000.dot 3793245764 1.26787795537796 1.04821927506224 36 30.129402430704 1.46383985168156 0.657955737000001 204887184.178344 2.8125 1.87062661249812 36 0.913991381896353 0 19658768.85 0.195873152999998 19658768.85
3 atacseq_2000.dot 11809629756 1.21995392951275 1.27413605598367 36 115.106275156419 0.634373609746071 2.119212685 487735049.649279 1.88417755991285 1.76576536433341 36 13.8335952693647 1.06619864641232 194016720.237959 0.959008109000003 194016720.237959
3 eager_4000.dot 8330435694 1.46153714907007 1.14827836825172 36 369.625957668626 2.33926001885036 13.18527119 616330545.253986 2.85371597610404 2.69289288762524 36 71.4549140744325 1.53320660160411 96764706.6445977 7.62681732499998 96764706.6445977
3 methylseq_200.dot 22500260922 1.84945436507936 1.85695421321437 29 13.5625386690032 0.17543809384207 0.083331825 39251694.9882963 2.83333333333333 1.95926938906169 30 0.241117900288223 0.241117900288223 18460741.3710229 0.010273998 18460741.3710229
3 eager_4000.dot 14754556884 1.50774034593175 1.3369945809702 36 207.231503372689 0.463812875160429 13.749393673 678802735.379364 2.72164467239094 1.75918460173843 36 67.3326079269761 2.45312841081818 278899451.867587 7.62570821200002 278899451.867587
3 methylseq 6761426956 2.83333333333333 1.58240908899681 4 64.7977324932696 64.7977324932696 0.003164471 1080370.93131591 2.83333333333333 1.84497552032454 5 231.704205533161 231.704205533161 1082623.6 0.000380147 1082623.6
3 eager_200.dot 19100037384 2.90630630630631 1.78619267871943 13 305.916519386951 31.0438003023623 0.139411853 27302913.8326704 2.24560274560275 2.02012657160218 19 242.188423028962 38.1332250078804 35815137.8384142 0.018362012 35815137.8384142
3 methylseq_20000.dot 8885797810 1.22203960949461 1.8212367368339 36 300.906959709899 2.05407915722383 897.286482115998 5164008642.33631 2.83333333333333 1.84490056717353 36 0.166032509349432 0.166032509349432 780063850.244371 827.955963044993 780063850.244371
3 atacseq_25000.dot 2223941232 1.15669214207846 0.403852779193724 36 4.28639648069607 0.776672340634746 1208.743716486 2314640842.34801 1.82506293402778 1.71316297068258 36 27.2466737790163 2.06865110946458 732280949.062497 1459.26156473601 732280949.062497
3 eager_20000.dot 25705994498 1.25477376649086 1.05638592436642 36 193.406336380437 1.23694696551931 928.841293634994 7065383523.5027 2.56547333470413 1.76189706597221 36 17.0516223484723 0.563560579787262 2404998915.35016 1130.06580078901 2404998915.35016
3 eager_25000.dot 19075314980 1.24836951427423 1.25175618730375 36 100.375699179381 0.367965629406816 1407.29553097499 5658485867.72282 2.09434327944965 3.46311149345966 36 260.215372017514 16.0447294006787 4077522359.14106 1792.36362423001 4077522359.14106
3 chipseq_15000.dot 5058052541 1.20625437445135 0.899970181057168 36 24.4778864523947 1.51552245766406 345.205995756997 4412752029.1777 2.49958263772955 2.24543695733595 36 0.23041826990397 0.23041826990397 440413352.010907 426.702802123008 440413352.010907
3 chipseq_1000.dot 5058052541 1.4281916000666 1.06003409372928 36 53.9408992958056 1.48404076094471 0.606925341999999 256207933.484077 2.5 2.63169373243585 36 0.448926010983991 0.448926010983991 28859834.2429451 0.174022031999999 28859834.2429451
3 atacseq_15000.dot 11809629756 1.15269561733016 1.15085647284025 36 54.3336156673153 0.622515426455536 331.781866968999 3754376296.7738 1.86671006944444 1.92543935934248 36 5.84392026695603 5.84392026695603 1830017135.01076 427.571398085999 1830017135.01076
3 methylseq_2000.dot 8885797810 2.1475027092497 1.88792227161538 36 114.939200420513 1.95415343411148 2.90663198400001 503834268.942803 2.83333333333333 1.89158000110423 36 0.165858967235693 0.165858967235693 78569108.920616 0.958241207999997 78569108.920616
3 chipseq 41366257414 1.76041666666667 1.15772861003365 4 37.6464761612367 37.6464761612367 0.005553872 88272179.5783277 1.8125 1.42515841075979 5 0.47273431683128 0.47273431683128 88716806.9769542 0.000715086 88716806.9769542
3 methylseq_15000.dot 8885797810 1.24764573563613 1.81922895602619 36 185.78262209198 2.05299741213752 432.572850310002 3872586142.08383 2.83333333333333 1.84465096642266 36 0.166023825114199 0.166023825114199 585048312.15638 445.833636102002 585048312.15638
3 methylseq_30000.dot 17027257018 1.17687657073414 1.93741587048984 36 353.407940311817 1.60114130236941 2280.46833618998 15303050417.0497 2.83333333333333 1.84428946932287 36 0.165946771920609 0.165946771920609 1812080511.70943 2492.27375534671 1812080511.70943
3 eager_2000.dot 19075314980 1.64693751511934 1.40314611928214 36 1240.2653293466 0.349478978100668 3.733786472 491225102.521432 2.11552981552982 3.04318694652231 36 220.499151107858 0.681554121465664 298338916.703638 1.108516565 298338916.703638
3 eager_2000.dot 19132169434 1.75121400575946 1.35049419481939 36 905.826458806416 0.378314759017301 3.625891155 468524753.509353 2.11046761046761 3.44850789317273 36 50.679667888153 10.2553758949142 504380188.81776 1.107821013 504380188.81776
3 chipseq_20000.dot 4605965334 1.18081458982193 0.781748954635445 36 22.0303855984899 1.35042344554317 738.724589929997 5594405211.05431 2.8125 1.89530168448703 36 0.000204046807852132 0.000204046807852132 355623519.85417 857.941815470014 355623519.85417
3 atacseq_200.dot 11187378708 1.84722222222222 1.39028170784558 17 6.60150122241196 0.554693881614115 0.073123434 7267199.96808135 2.15416666666667 1.43936419347359 18 1.44516753485478 0.971680943851341 8453407.8910133 0.012889352 8453407.8910133
3 chipseq_15000.dot 3793245764 1.18078181209441 0.593205477513501 36 6.82205337518262 1.77027821513913 345.074338153001 3419797213.63258 2.8125 1.84526863650891 36 0.000264040270937695 0.000264040270937695 280901786.637493 413.735223937999 280901786.637493
3 atacseq_8000.dot 14091675276 1.17301762238904 1.14001563010439 36 91.8566844205292 0.727678761729213 46.0339467139999 3860691195.31896 2.31558265582655 2.06381831663314 36 0.136826565220742 0.136826565220742 801976554.802016 60.2598195469996 801976554.802016
3 eager_10000.dot 19132169434 1.26208285672809 1.26169788413094 36 137.915987364036 0.384530630623036 154.931700363 2370943448.04826 2.10387014233168 3.54174128648698 36 83.5097903950742 43.0854984018354 2626027863.25337 212.613156127 2626027863.25337
3 methylseq_8000.dot 11897958606 1.20238095238095 1.95927471906832 36 96.9935718257766 1.33207865600528 63.05752289 2882587240.30489 2.83333333333333 1.84856140716822 36 0.165943688916761 0.165943688916761 408602915.595899 63.4044539499996 408602915.595899
3 eager_15000.dot 25705994498 1.25583728686776 1.03041270262257 36 179.282775976398 1.18798644028099 466.060269614999 5375422153.11473 2.56669605488504 1.75146596204246 36 17.0305396815059 0.542477912820899 1796057597.1065 572.208435312997 1796057597.1065
3 eager_1000.dot 19075314980 1.98043502106002 1.60184032341566 36 1094.00204126885 0.406910367591545 1.340918713 253316156.300858 2.14494047619048 2.85971683865739 36 166.586517640735 0.540357054133096 136256236.452732 0.257542979999998 136256236.452732
3 eager_30000.dot 25705994498 1.22221407382456 1.05105201195353 36 198.829402844181 1.19832242715056 2288.05847887099 10305903615.2034 2.56370909717365 1.76009306341636 36 17.0445341981067 0.556472429421689 3606057564.68522 2848.68239509617 3606057564.68522
3 eager_10000.dot 25705994498 1.25275540066788 1.03849042748387 36 188.003896431831 1.10678275913682 156.293181712999 3428582390.89043 2.56932291547675 1.74627624260758 36 17.0316473107425 0.543585542057519 1204113470.8008 219.033720409003 1204113470.8008
3 chipseq_20000.dot 3793245764 1.16682662222007 0.5748391301762 36 6.90023371633407 1.84279146827702 726.602241678998 4582102315.1051 2.8125 1.83684859888601 36 1.18112492588377 0 376325003.699989 879.620243445014 376325003.699989
3 chipseq 5058052541 2.375 1.61392632252785 4 6.81315611250246 6.81315611250246 0.006328351 2491596.0380438 2.25 1.5906782762045 4 5.10072228624005 5.10072228624005 2464160.5375 0.000905705 2464160.5375
3 chipseq_30000.dot 41366257414 1.09945037413239 1.39817941553926 36 54.9339391148841 0.0650180230495347 1937.42240390101 48974894366.443 2.1712364470392 1.42971583714933 36 6.80435387041835 0.0717480209409089 25959582791.4573 2317.34426131699 25959582791.4573
3 eager_8000.dot 14754556884 1.33671863876197 1.3444159419955 36 120.785422274827 0.502745230561158 71.9627198690002 1376068021.41874 2.71828209161542 1.76154792681458 36 64.4374174625342 1.67494348057591 557744495.137021 100.910623532001 557744495.137021
3 chipseq_30000.dot 32978181418 1.23957253651267 1.78439174667604 36 36.6008505070104 0.0975566077166866 1838.02952947401 57410213232.1328 2.8125 2.23144581432799 36 58.6292303152087 0.0209721820151214 26623128733.1353 2154.17977719654 26623128733.1353
3 methylseq_25000.dot 110641579976 1.12569630188453 2.19496457985099 36 268.106183103514 0.00093780637735329 1678.58897834902 63640743017.3443 1.55896943510962 3.20025017314428 36 624.590880266288 605.111784323905 118475306748.699 1573.43266576399 118475306748.699
3 eager_10000.dot 14754556884 1.27290394056106 1.37385765399746 36 116.375780869136 0.523734229576356 147.951029723999 1721158633.29093 2.71342974419897 1.76574191109552 36 61.0561919660522 1.32232532579399 707495018.003246 210.071239005003 707495018.003246
3 eager_30000.dot 14754556884 1.19277238629638 1.31095484585358 36 55.5994604255925 0.50028911938751 2102.27622507202 4945768882.31638 2.71016122984626 1.77469097762003 36 66.2272887018675 1.38562982478616 2121187602.04681 2782.10630154306 2121187602.04681
3 methylseq_8000.dot 6761426956 1.18108584775251 1.80828229853434 36 289.435143866738 2.00955683190716 63.9581677680001 1557961745.53882 2.83333333333333 1.84406972121865 36 0.165532880773778 0.165532880773778 239780414.522499 70.5830157859993 239780414.522499
3 atacseq_10000.dot 11809629756 1.1879714072894 1.13876783619304 36 57.5054807039221 0.565675442681844 88.0931566270001 2516166759.53251 1.86751302083334 1.91668191867861 36 14.9721266311567 4.67494126824007 1206778881.76398 133.518579771 1206778881.76398
3 eager_20000.dot 19132169434 1.24122305078306 1.26647695421773 36 111.169478795281 0.384677093689416 833.173571128 4499017751.07406 2.10293154523923 3.55419282511343 36 111.69748893527 71.2731969420316 5263271056.7863 1094.45321370004 5263271056.7863
3 eager_200.dot 19075314980 2.90630630630631 1.78749364951719 13 312.753368398651 32.2195643795384 0.142151545 27222513.2298708 2.36271986271986 1.89703866127765 18 193.507602090828 32.3411043862954 35710491.4477206 0.018817033 35710491.4477206
3 eager_20000.dot 14754556884 1.24329814050768 1.36522888487122 36 70.7909213947171 0.557542785656162 836.945981360999 3363154730.06482 2.71061699907855 1.76876429939476 36 66.5959095674727 1.32758640546612 1416056436.21995 1073.79981563801 1416056436.21995
3 chipseq 4807293396 2.375 1.62500712267827 4 7.58500150852164 7.58500150852164 0.006356571 2039847.52406673 2.25 1.60390460435114 4 5.69829947296504 5.69829947296504 2019466.88541667 0.000936506 2019466.88541667
3 eager_15000.dot 8330435694 1.31076399356857 1.15409521550236 36 172.588024818355 2.00723373955102 453.492238523998 2672851928.48394 2.85408952259345 2.77031147794373 36 120.097053487041 39.4557017226263 360100218.888572 574.018469423007 360100218.888572
3 methylseq_10000.dot 6761426956 1.19762825765226 1.80469979192934 36 265.627639457342 2.01808752262956 138.925356916 1954240161.45976 2.83333333333333 1.84447957880223 36 0.16554702737862 0.16554702737862 300264601.682445 162.119597136003 300264601.682445
3 methylseq_1000.dot 22500260922 2.21414228341939 1.3773394090176 36 80.8234126979554 0.0455027231062032 0.695159057 139801686.756915 2.66265060240964 1.48857925140564 36 8.66134990225431 0.28693296279732 106990018.260457 0.177926241999999 106990018.260457
3 methylseq_8000.dot 22500260922 1.25807752196641 1.38102591813684 36 58.7053851579209 0.0572754620374347 71.8319583099997 1193356394.08368 2.67542542542543 1.43158471533461 36 54.6250498150195 0.209474799077175 774164563.860779 85.4057323800001 774164563.860779
3 methylseq_25000.dot 8885797810 1.23277438675905 1.82011549019957 36 185.816911727009 2.05654353801759 1565.85405678 6460792529.62172 2.83333333333333 1.84406774074843 36 0.166037329422109 0.166037329422109 975079388.332362 1472.16270973398 975079388.332362
3 atacseq_1000.dot 2223941232 1.51914947089947 1.17175572574335 36 3.11767257752348 0.35265132943262 0.656517336 21156466.1996158 1.88766666666667 1.74848729745625 36 10.7176147399724 3.14906803170482 33876594.0080974 0.174806672 33876594.0080974
3 atacseq_4000.dot 3908761308 1.2066812862156 0.521632622214149 36 12.0410630199856 1.27564658764161 8.03401926700002 576910638.748497 2.05637254901961 1.75317757507071 36 0.194223941418735 0.108205619191651 78657037.7176513 5.78750273 78657037.7176513
3 chipseq_10000.dot 3793245764 1.13251461101556 0.647758933801099 36 7.05023317119812 1.8246103044152 93.9301003409992 2290823299.21731 2.8125 1.84797062026941 36 0.000405291796009765 0.000405291796009765 188184795.508035 143.781491788999 188184795.508035
3 eager_1000.dot 19132169434 2.01342247279747 1.60286425496115 36 1030.2720889326 0.395080044835458 1.368211319 252106230.223383 2.11981177606178 3.32848976190505 36 45.5036581417738 5.07936614853497 239130533.881795 0.223710149999999 239130533.881795
3 methylseq_20000.dot 17027257018 1.34580975247243 1.95146325808391 36 113.984119919921 1.60176238542837 938.620314228005 10205621372.033 2.83333333333333 1.84482289030728 36 0.165938362252492 0.165938362252492 1209504832.3975 860.697997061003 1209504832.3975
3 eager_8000.dot 25705994498 1.31671350592917 1.03564994024475 36 202.20972244174 1.10821299064743 69.9132653250001 2782167767.61302 2.57215787215786 1.73889973865038 36 17.0405564092747 0.552494640589675 960927729.557205 95.9696229770014 960927729.557205
3 methylseq_2000.dot 17027257018 1.37542232421751 1.98270408044516 36 104.964287431747 1.61687891356895 2.294648849 1026774278.95098 2.83333333333333 1.89020874895669 36 0.165767372842902 0.165767372842902 121824070.552905 0.902200239 121824070.552905
3 methylseq_4000.dot 6761426956 1.2303970637304 1.81638330909555 36 228.962239031058 1.99733853877769 10.119843699 779051578.929016 2.83333333333333 1.85104264266506 36 0.165492851049378 0.165492851049378 119891607.420869 5.80057563900004 119891607.420869
3 chipseq_8000.dot 4807293396 1.18227664446317 0.895282617174802 36 31.5442564979652 0.954795981672995 41.9160207719999 2133243237.0725 2.5 2.62156547577858 36 0.416016706448637 0.416016706448637 190858469.177702 55.1741368689993 190858469.177702
3 methylseq_20000.dot 6273818718 1.21584268628088 1.69430837227309 36 130.359169704231 2.09226147557077 878.215654677006 2395589502.19936 2.32252901160463 1.50984624398545 36 140.335140394901 0.484300391698798 582396159.544757 881.270891834024 582396159.544757
3 eager_4000.dot 19100037384 1.42243704730651 1.3342919695808 36 365.448265856464 0.345392495616425 12.450375174 900916004.693974 2.0941912061315 4.27287269846996 36 616.128292389732 2.8329707891938 934050553.153165 7.20725341800001 934050553.153165
3 methylseq_20000.dot 22500260922 1.20826267014746 1.38048001312489 36 58.5530446960487 0.0590569308733627 948.464382953997 3015318156.24409 2.66106442577031 1.46373651325964 36 104.948439781313 0.23096634074449 2034536081.96646 951.48890804501 2034536081.96646
3 eager_2000.dot 14754556884 1.636722818541 1.4002349121219 36 599.986076219644 0.590159199155543 4.143108889 388716188.062819 2.74179634179634 1.71003317991076 36 81.3100985466255 25.5521692699109 134965089.475906 1.187950027 134965089.475906
3 atacseq_20000.dot 11187378708 1.15612154825446 1.11378236324605 36 49.3885763952416 0.578567326073197 688.625721354991 4910051129.03538 2.17908257378474 1.62258726628805 36 73.5262993722902 0.470759485168966 1237998575.03296 873.04148368403 1237998575.03296
3 methylseq_4000.dot 22500260922 1.40322862545085 1.37599637363566 36 56.4424876776154 0.0607001272626315 10.601768768 607605602.078687 2.66466466466466 1.46136847790325 36 33.8354485856281 0.228272989868907 402322226.828984 6.19186798499999 402322226.828984
3 atacseq_15000.dot 2223941232 1.16020051964731 0.450797475864118 36 5.20905718900016 0.953631913733104 330.664934030997 1344824159.69272 1.8243019386574 1.73070719188254 36 17.5059976899899 2.3606095138806 460117865.218489 432.413402963005 460117865.218489
3 atacseq_8000.dot 2223941232 1.1791645502128 0.466221084951247 36 7.38081619791907 1.22694015935688 45.2657092149999 705088273.58961 1.81199864498646 1.73072850863517 36 10.197573802736 2.26275295823373 247077804.214098 54.2966185520001 247077804.214098
3 chipseq_200.dot 41366257414 1.47767857142857 1.144793791221 16 18.0363056006632 0.202061060882306 0.051770334 289769163.561154 2.43303571428571 1.33849250469466 19 3.53949840638737 3.53620954841209 279500263.871531 0.00858472200000001 279500263.871531
3 eager_200.dot 19132169434 2.90630630630631 1.78665212409211 13 297.587239016324 31.5835500672711 0.140276633 27394858.5572789 2.38845988845989 2.56912606714755 18 188.206423615887 31.7248727287397 36424112.0602865 0.018885435 36424112.0602865
3 chipseq_25000.dot 4807293396 1.18443954381454 0.962750911022452 36 27.9760159163008 0.789843938165873 1209.53640920902 6848496107.33104 2.5 2.61938190569157 36 0.415811750201017 0.415811750201017 593520970.094355 1393.09620597202 593520970.094355
3 atacseq_4000.dot 2223941232 1.25132832740063 0.449636020954533 36 15.290449457946 1.50876262685477 8.97207169100001 325233518.408941 1.87053376906318 1.6547919302966 36 9.07805077933884 3.01687045861037 111219994.156344 5.88749020399999 111219994.156344
3 chipseq_10000.dot 41366257414 1.08861471913634 1.40634216216752 36 37.1698817639949 0.06336319905711 101.900628576 16135723124.4256 2.28869047619048 1.41071151745529 36 11.6779442332454 0.0485039601912052 8301535832.69806 154.958488584002 8301535832.69806
3 chipseq_4000.dot 4605965334 1.14422543520421 0.876362496977217 36 18.8363440709394 1.7226568330419 7.083435349 1065853202.83095 2.8125 1.90134989026038 36 0.00103471596339332 0.00103471596339332 71676470.6770696 5.66586319200005 71676470.6770696
3 atacseq_10000.dot 2223941232 1.19336611683163 0.420691093807696 36 6.26937370382683 1.13483601981338 91.525382998 879518981.345805 1.82708333333333 1.70821118302429 36 21.4817748735675 2.66875395340788 306998751.053717 151.275811261001 306998751.053717
3 chipseq_25000.dot 3793245764 1.16801032426032 0.572070582201492 36 6.65048775096372 1.93306792271732 1208.03296179998 5750597605.10444 2.8125 1.84443817633708 36 0.000161205277304816 0.000161205277304816 469024350.508023 1404.99248512701 469024350.508023
3 methylseq_25000.dot 17027257018 1.38008621061911 1.9474922840535 36 111.614407464455 1.60302703282574 1565.01839811901 12769131514.0255 2.83333333333333 1.84496618919249 36 0.165943126856184 0.165943126856184 1511880084.19031 1522.02756777806 1511880084.19031
3 eager_30000.dot 19132169434 1.24105260623106 1.2692782208899 36 99.6301888355923 0.39718089376656 2097.65810712897 6754355192.39697 2.1025636153589 3.55845878871105 36 132.530203454983 92.1059114617439 7915418041.09414 2760.21879341812 7915418041.09414
3 eager_2000.dot 8330435694 1.73027421663785 1.3188528821442 36 828.124876023751 2.67908435632169 3.931552892 285816322.892478 2.85547365547366 2.7055409873227 36 73.7579503506674 31.2877440500788 48732497.3985836 1.212882297 48732497.3985836
3 chipseq_30000.dot 5058052541 1.20197950853706 0.882780744474105 36 23.1589630864644 1.47712523338623 1874.594624115 8941412158.64785 2.5 2.61885345147362 36 0.447602218528296 0.447602218528296 880116271.005507 2222.80673440979 880116271.005507
3 methylseq_4000.dot 11897958606 1.22775156108489 1.96529562134591 36 87.5263668216107 1.34389349657435 10.434572795 1453451543.78549 2.83333333333333 1.85587534389368 36 0.165903571557653 0.165903571557653 204302992.875787 5.678061594 204302992.875787
3 chipseq_4000.dot 4807293396 1.21409725625527 0.931033105244594 36 32.8386397194838 1.29005310957356 7.19306622200001 1030031425.67971 2.5 2.62430214078794 36 0.41631923469028 0.41631923469028 94671704.2610332 5.28739876799997 94671704.2610332
3 eager_200.dot 14754556884 2.8981552981553 2.22286244287036 18 586.862234671762 115.17613711914 0.137560009 10812400.9857264 2.85885885885886 2.21574290687443 18 113.06620385998 113.06620385998 13441298.8210609 0.021650895 13441298.8210609
3 methylseq_15000.dot 22500260922 1.31823554081362 1.37793451342712 36 57.8040748137974 0.0563507726896941 455.637624189001 2237022293.76075 2.66506538564185 1.45657352656947 36 81.5508993153013 0.231207877209026 1507691718.50975 488.395672717998 1507691718.50975
3 chipseq_20000.dot 32978181418 1.23002436263152 1.76499405428274 36 35.6084268419161 0.105870403601961 725.383213758997 38204724967.5417 2.81179599499374 2.2637815452574 36 225.613206117149 0.0672576987142693 21553072769.7556 869.049486987028 21553072769.7556
3 methylseq_2000.dot 6273818718 2.0512287244215 1.67005789848997 36 85.5926330069805 1.88163810214211 2.28819492000001 230494154.501449 2.32530120481928 1.51670847339762 36 52.7205072883389 0.468463037062153 58622979.5447568 0.947511647000001 58622979.5447568
3 methylseq_1000.dot 17027257018 1.45491489768598 2.00348186905516 36 103.22438168379 1.61650793102932 0.67739973 513966892.294165 2.83333333333333 1.92241769936109 36 0.165576683457666 0.165576683457666 60913947.8896078 0.174481275999999 60913947.8896078
3 eager_25000.dot 19100037384 1.2281324383689 1.26681557010441 36 104.478149823653 0.367712904796633 1409.51525474601 5683966840.56073 2.09093135688879 4.92844266656838 36 4951.30999376844 18.581537751746 6741756538.50615 1799.45048627004 6741756538.50615
3 chipseq_8000.dot 4605965334 1.16957991394708 0.824931640380268 36 19.0134037982008 1.60084788443467 48.8750371530001 2177059353.1096 2.8125 1.89658768436337 36 0.000498023795160665 0.000498023795160665 143281534.729154 58.8204261909992 143281534.729154
3 atacseq_2000.dot 2223941232 1.28204474356435 0.813450918712237 36 26.2336907021819 1.94337659775808 2.335714864 136975323.02952 1.87805010893246 1.65670891725979 36 11.3129611653643 2.99966197023298 59730218.3702344 0.899668879000001 59730218.3702344
3 methylseq_200.dot 6273818718 2.33680555555555 1.76922613632616 28 2.59094179288839 0.00250210396967782 0.085076063 14809778.3167396 2.35416666666667 1.60677774683472 36 7.41950341187621 0.425958836469745 6245661.54475681 0.010198479 6245661.54475681
3 atacseq_8000.dot 11187378708 1.17582656085347 1.14066308346137 36 50.5883225799863 0.582232978992281 47.201409799 1958299398.92388 2.162527100271 1.61327527105881 36 43.4097803044603 0.493144885597145 492975216.641351 60.3958525420005 492975216.641351
3 methylseq 8885797810 2.83333333333333 1.58678727108774 4 108.985083280423 108.985083280423 0.003135101 1403249.64354571 2.83333333333333 1.84677389352205 5 322.706753968161 322.706753968161 1404687.375 0.000380766 1404687.375
3 methylseq_10000.dot 22500260922 1.23554977546575 1.37805225856114 36 57.0570583606344 0.0548382167855917 142.506187342 1480037185.37533 2.6734693877551 1.43353149599082 36 73.5857935698634 0.202697924316254 962408645.176673 172.007829856003 962408645.176673
3 methylseq_1000.dot 6761426956 2.59150889271371 1.92468445138634 36 59.88103323347 1.81218005171663 0.938399519999999 185300048.733255 2.83333333333333 1.91994589257529 36 0.165208643309191 0.165208643309191 30244765.8679634 0.209879882 30244765.8679634
3 chipseq_2000.dot 3793245764 1.22261533297926 0.701560738018197 36 16.318650969929 1.33635087298161 1.764161557 460047039.586304 2.8125 1.86377086604508 36 0.00200483368030801 0.00200483368030801 39277599.7205376 0.885008653000004 39277599.7205376
3 methylseq_25000.dot 22500260922 1.61858849796912 1.38100179858989 36 60.318242590331 0.0556702409770439 1689.700692298 3723990093.81056 2.65906545047208 1.47312397894915 36 91.7226067585792 0.243907674986183 2546617924.96786 1550.59197915498 2546617924.96786
3 chipseq_30000.dot 3793245764 1.16210256677572 0.564445986117636 36 6.61428883018782 1.9050953856468 1887.99633190101 6904133161.49332 2.8125 1.84460597751707 36 0.000131386260407565 0.000131386260407565 561741341.637489 2195.09899732136 561741341.637489
3 methylseq_1000.dot 8885797810 2.62564543889845 1.93075738835384 36 71.0783351295305 1.83787639163874 0.809365040999999 243697946.842048 2.83333333333333 1.92395597613006 36 0.165665456418957 0.165665456418957 39285403.4064842 0.173845647999999 39285403.4064842
3 eager 19132169434 2.94594594594595 2.59592856582849 8 17.8120664277185 17.8120664277185 0.041010966 27390403.62926 2.53603603603604 2.43480720196451 9 612.657330915199 612.657330915199 19489217.5246003 0.005018084 19489217.5246003
3 methylseq_10000.dot 17027257018 1.40225296467793 1.95003570207101 36 113.271734561585 1.60106288156858 145.878370981001 5101491348.30486 2.83333333333333 1.8475628455275 36 0.165913238529146 0.165913238529146 604754328.811911 146.189774209006 604754328.811911
3 eager_200.dot 8330435694 2.88013728013728 2.06453751015994 16 262.740062698413 96.8181737111996 0.139741153 4773990.09324215 2.87327327327327 2.21101515412027 18 54.3620680641326 54.3620680641326 6107811.60011789 0.022061697 6107811.60011789
3 chipseq_10000.dot 4807293396 1.20593126067751 0.878413290667253 36 29.4897282778781 0.895574133608471 94.9988515339999 2665954194.17792 2.49898182957393 2.60180368867063 36 0.392504926784464 0.392504926784464 237406972.167905 144.23794268 237406972.167905
