algo_nr wf_name inp_size avg_spread_dyn cv_proc_load_dyn num_used_procs_dyn idle_to_work_dyn idle_to_work_30s_dyn dur_alg1 ms_1 avg_spread_stat cv_proc_load_stat num_used_procs_stat idle_to_work_stat idle_to_work_30s_stat ms_perc dur_alg2 ms_2
0 atacseq_30000.dot 14091675276 1.11064767839514 1.00249013567962 36 11.2468248349844 0.170407202059909 28.569677079 2022929364.63271 1.17424781697377 1.40410577098821 36 34.8648727188805 0.346951556782602 835411749.468444 376.686849774005 5277900385.34717
0 chipseq_15000.dot 41366257414 1.09487252105155 1.13964103653677 36 9.16067013537477 0.0206084540999433 12.385571806 3475256540.84201 1.11720730924611 1.31428453277177 36 22.7510762989938 0.110217887330945 1356080063.23398 59.7069630579991 6497101388.33199
0 methylseq_15000.dot 6761426956 1.34286053181171 1.76549791023348 36 35.914206153069 0.128619807923026 105.35609945 395740037.473493 1.12015538356614 1.79707104805453 36 77.1512135926945 0.438096358085036 244605567.897312 113.345674483001 831315850.941562
0 atacseq_15000.dot 3908761308 1.1137526111403 0.292460692803796 36 1.38988829002459 0.358627744267199 14.393359949 287941938.876488 1.15040147815642 0.614986265669615 36 9.3719046374326 0.408890593059887 126168354.635812 57.6690036569999 980829365.672507
0 eager 19075314980 2.5036036036036 2.61361733187928 8 145.103578610222 124.116368133099 0.037062917 9975976.94493886 2.66924066924067 2.72333177470182 9 4218.62863245646 338.875847493856 5660097.175 0.008481974 8967355.36590975
0 eager_1000.dot 25705994498 1.69621245871246 1.68721299422248 36 135.712981996259 0.183442691330415 0.970137454000001 56261599.2935497 1.86662272379184 1.08947122814695 36 87.5640744860184 0.687172963374549 19247708.7737304 0.453843669000001 98821966.807766
0 eager_20000.dot 8330435694 1.23557261367779 0.7643129113043 36 22.1299438669978 0.402537307379064 98.4074506610001 419004482.349177 1.71100750729184 0.837041892533815 36 18.3746296166442 0.572147862476389 99321838.4579595 399.659326147002 1115040483.19855
0 eager_25000.dot 14754556884 1.22238117427826 1.04602118541559 36 23.0699149025844 0.129119618051734 110.243008128 674000254.953406 1.68552317926533 0.98714135936965 36 81.1207794901628 0.30653601315536 277351814.107772 832.711982494002 1935064068.68801
0 methylseq_1000.dot 110641579976 1.23701153821636 2.06102854282847 36 305.071802465373 -0.000301925505975558 0.53088901 440530176.947259 1.17382227321986 2.06069495714442 36 399.299470292 0.0318047588705716 211065176.1 0.257682643 539899960.626802
0 chipseq_200.dot 5058052541 1.93154761904762 1.15326915612339 14 2.04057116619107 0.624723925303419 0.055384972 7277890.14410545 1.65178571428571 1.5192423561501 28 11.0782887340074 0.749074916543115 3739327.1625 0.011401607 11719947.5037353
0 atacseq_30000.dot 11809629756 1.12065307395496 0.733923051872485 36 6.27122185605805 0.161843770816482 58.9629405449999 946314011.234476 1.15746277574952 1.29919137092038 36 30.7088389221913 0.329221125549057 381596307.013517 386.678300488001 3032398789.92699
0 methylseq_1000.dot 6273818718 1.36801172945751 1.30185800352601 36 27.3930815338203 0.12046801340333 0.516884641 20430226.3701831 1.19049212723911 1.31479115130181 36 49.1012102778798 0.312162473249688 12674002.9523164 0.229943663 48147884.2675689
0 chipseq_4000.dot 41366257414 1.11240917756248 1.09365535248456 36 8.48016376043729 0.0178048286697913 1.750151501 903529844.701787 1.10492566919453 1.31885813779235 36 22.012363186579 0.112619864099229 358968887.031191 2.692523787 1714455227.30268
0 atacseq_2000.dot 14091675276 1.10995112861102 1.0333045073888 36 7.57915696006824 0.17697035961254 0.737268010000001 135672323.250095 1.15325591256964 1.12325315112693 36 28.5711064310195 0.532960907821978 52567306.1354086 0.582815276000001 311434524.249258
0 atacseq_1000.dot 11809629756 1.21403914603915 1.32017979956319 36 12.3826905887078 0.1316303379533 0.470385912 27602952.9213636 1.15922963147963 1.39800169879486 36 42.098355693335 0.580964673354608 12416262.0915829 0.174642571 90004198.3521553
0 methylseq_200.dot 17027257018 1.99355158730159 1.80423150918562 28 6.52503837237732 0.152495238116802 0.077072464 17091508.8037055 1.53083664021164 2.22854623305112 36 1227.4709750622 0.727884053611783 6491612.94008689 0.015330588 29615142.9775456
0 methylseq_30000.dot 110641579976 1.10432903320061 2.01639074071206 36 45.8808312936956 6.26478613839459e-05 531.686969676002 13245318454.2675 1.07768610089542 2.02107393053836 36 51.7438707303966 0.0158872095623195 6280477368.30572 625.865897072002 14903365037.7431
0 methylseq_8000.dot 110641579976 1.12320256764701 2.0183058703096 36 46.2554989729425 0.000538464971546828 24.534240982 3557859066.39971 1.09532349810127 2.01491591349868 36 50.987623533531 0.0179843204514858 1673433368.875 20.1477817600001 3998865780.95305
0 methylseq_20000.dot 6761426956 1.40382502207234 1.7842548213502 36 23.1851965607604 0.126271106720237 195.660775636 523084988.493913 1.11879990091278 1.77908266865746 36 73.6986379940714 0.439099687255525 327387400.82543 251.716362946001 1084116850.86045
0 atacseq_8000.dot 3908761308 1.12622870527103 0.32020331526852 36 1.4851457806294 0.363857886436601 5.93837844799997 150231473.962621 1.1516766477518 0.476679019008844 36 8.80700193268142 0.52208967905492 65237318.8527816 12.659429653 487017918.964879
0 methylseq_8000.dot 17027257018 1.53581557748224 1.96798201116355 36 17.5874676884696 0.10979788412416 20.4169708140001 638390181.032832 1.11098797209908 1.98647663011722 36 114.884686329613 0.424172313956238 258066869.298673 21.556700056 1317765451.50648
0 atacseq_10000.dot 14091675276 1.10444567878507 1.02594297947078 36 12.5592796057097 0.169626855825712 5.52690608399999 673869447.569713 1.16907799412683 1.37352205628071 36 34.5573929129469 0.380145940718413 278425425.581933 20.313666822 1766219175.42654
0 atacseq_20000.dot 11809629756 1.12391843856363 0.717531640972123 36 6.0719380809312 0.163435297818704 37.1031098580002 613260662.265884 1.1548433935016 1.21407232270544 36 30.5181700804923 0.410817402611271 250122237.552859 133.486789886001 1901391904.67415
0 atacseq_30000.dot 3908761308 1.10637201718652 0.306745001393296 36 1.28294094920417 0.363016068433825 39.7077409399999 575009077.762732 1.14782158134943 0.771656360669279 36 10.0343422151752 0.300497865241114 256172399.476596 357.150817457 2238579933.08981
0 eager_2000.dot 25705994498 1.40005333225147 1.14474248678853 36 52.7123296080445 0.178855301010344 2.126940171 95482024.9145263 1.74114905023996 0.933790823514289 36 106.162325530668 0.670235725277672 33996029.758065 1.721313189 199329372.579233
0 eager_1000.dot 14754556884 1.57627575127575 1.89645796353045 36 125.497540508476 0.159595191895201 1.192841686 38482500.091549 1.84847549521504 1.00610132456933 36 64.1042752702982 0.545601514322584 13486510.6266066 0.405952303 67754075.4256249
0 atacseq_30000.dot 11187378708 1.12413688026951 0.705545160825988 36 5.41574318459858 0.146543380828451 65.9220049619997 958449614.706856 1.15013541297486 1.21917706905643 36 26.2609079678087 0.32943706623688 413063452.925737 393.074861022007 2917699046.50733
0 methylseq_10000.dot 8885797810 1.32189224896309 1.78875647631164 36 37.4331805219232 0.127883377990136 40.5009210459999 343675995.433461 1.11503172697652 1.8597747559223 36 84.7413884514699 0.3934666368157 208896212.034981 43.2733004749999 786837046.486528
0 atacseq_4000.dot 11809629756 1.12117257988978 0.83208640500144 36 7.52992718492044 0.161311676773059 3.088162426 123664629.059276 1.14672381856097 1.1942809776789 36 32.3314920391357 0.452301729755372 47997461.912702 2.536193823 370343685.072289
0 atacseq_1000.dot 14091675276 1.13629714729715 1.03796436648557 36 8.64033105471274 0.168884233476243 0.349219969 64215077.8419872 1.15991537166537 1.28380228091677 36 36.4222271625317 0.604437574653423 28035142.5349603 0.161942895 163835498.687749
0 methylseq_4000.dot 6273818718 1.29639957417735 1.32003493549291 36 19.3365138061086 0.136557657976867 4.84379872 79757779.4595821 1.09561148450037 1.28540754923645 36 52.5666513574042 0.313411462082948 50860200.0225974 3.472916811 207799601.252385
0 chipseq_1000.dot 4605965334 1.12716556947326 0.787934576999533 36 5.6701738452422 0.259118401440208 0.501374362 31486618.7867459 1.1328706016206 0.742770259277829 36 23.2782358843876 1.02095397703243 13462430.3775822 0.215290913 96917533.8943814
0 atacseq_200.dot 11809629756 1.4453835978836 1.27117698768649 17 4.92938033289381 0.268389618505033 0.062768428 3895085.22958854 1.32709656084656 1.32627043074264 27 11.7012464404494 0.439695696613118 2678089.51615118 0.012836612 4571360.51544794
0 eager_8000.dot 19075314980 1.2994903722045 1.11643737567754 36 33.180994146593 0.135485982199831 18.34631496 273138723.24382 1.71801450997529 1.09086964030506 36 162.77441006101 0.359154704119899 97901934.4535572 40.6012851109996 772689927.739382
0 methylseq_10000.dot 110641579976 1.1130341025299 2.01667947052541 36 45.9350693078425 0.000152325287830224 46.1598224499999 4422931744.39052 1.0902900842877 2.0228951157266 36 52.8330670432045 0.0159216849176428 2095552395.60568 35.2721885909997 4998038127.64126
0 methylseq_2000.dot 22500260922 1.20293873908332 1.26456146363813 36 17.3190658484448 0.0026406924043602 1.288045315 96508158.0777988 1.11298368075476 1.2944596698313 36 34.0066348466466 0.0888847363718906 67785783.0734354 0.831894566000001 175685627.39971
0 chipseq_200.dot 32978181418 1.40539965986395 1.24993448694256 16 39.6819170852163 0.150265915169476 0.051121243 39280526.0404318 1.41687925170068 1.65045976885349 30 57.3826693142461 0.445701430159076 18968084.03125 0.010328984 94689536.4205306
0 chipseq_2000.dot 4605965334 1.12756784354886 0.458763063473054 36 2.87831598749058 0.379859949737143 0.895512252999999 63874809.6656667 1.15273782125048 0.74280192681076 36 17.883260456941 0.724591620590564 25111019.1225755 0.815794034 208028784.213798
0 methylseq_30000.dot 8885797810 1.27010222078247 1.7931595417008 36 38.1507163385058 0.131177391450428 595.080304090998 1038964512.7112 1.12222455119617 1.92806470261076 36 93.6490842924355 0.376378064319291 627319176.265455 749.19034570201 2451296557.0985
0 eager_20000.dot 19075314980 1.23017846060425 1.13571011812328 36 27.8192171358137 0.147266807263516 99.0534261060002 661747138.191989 1.67540717048425 1.24371367690555 36 126.21681789507 0.275785568997614 241787669.013793 450.128297853003 1934150663.04668
0 atacseq_8000.dot 11809629756 1.12226082764014 0.747584920375052 36 6.61327237489359 0.159995884584871 9.36967044000003 244458554.112127 1.14218193989178 1.18259029215772 36 27.7503048843942 0.384268727135028 97211732.4718482 12.1709362610001 710644560.091229
0 eager_30000.dot 19100037384 1.21266438286831 1.11853263586917 36 26.1924990891198 0.149261661724899 199.688217238999 997555866.677946 1.70716930164899 1.20152226137612 36 158.794180593395 0.282982122063924 357112817.573967 1356.059687934 2852084816.19761
0 chipseq_200.dot 4807293396 1.89434523809524 1.13738980273262 14 3.03088480855046 0.988450998463625 0.05564273 6756202.58361214 1.62489370748299 1.50464711006757 27 16.0471991847338 0.786912408189576 3168891.87007503 0.011812309 8766937.92438583
0 chipseq_200.dot 3793245764 1.6264880952381 0.999977891223754 14 2.79732633523814 0.587334648305412 0.062354296 5051500.89628778 1.28709608843537 1.11659678983408 30 3.03184057184866 0.144119240406109 3183793.42327717 0.012200115 4942751.08931541
0 eager_8000.dot 19132169434 1.31592549268502 1.11670874029187 36 35.7092947329482 0.139060943558273 18.103312363 272994990.902471 1.71619707619708 1.09296137106876 36 149.570798465312 0.346265039741528 97335185.5409578 43.1404430400004 748319329.153961
0 atacseq_10000.dot 11187378708 1.12441460521008 0.711908043549032 36 5.3604909348028 0.142689823161367 12.333916522 302628602.838576 1.1455785026988 1.13726838047898 36 25.7149012276131 0.405389974167031 136265657.224692 21.4144642460002 891861219.89706
0 chipseq_20000.dot 4807293396 1.14132394514119 0.495228739412357 36 3.37039530802698 0.374583433012876 21.086612932 661583436.898167 1.21293517965138 0.89917719451691 36 22.658348372894 0.566208541979186 228293876.568375 136.893441674001 2190080475.18988
0 chipseq_10000.dot 5058052541 1.17665693746521 0.652995082170779 36 3.34879375678175 0.387711699758881 6.95225640500004 374676596.591527 1.26508528282495 0.966277345507815 36 30.1176046016171 0.573118034867857 138567506.898587 32.0130343830002 1171376361.97101
0 atacseq_4000.dot 11187378708 1.12568007105565 0.788372698292572 36 6.44417878910506 0.153154475016889 3.050620644 123348096.433188 1.13941210587332 1.06853749686853 36 24.7737144876559 0.442072959056603 52384539.6666502 2.47527836200001 335706081.221006
0 chipseq_4000.dot 32978181418 1.19260777220683 1.36954618516599 36 12.243137754236 0.0297922710148453 1.597215008 931143624.98914 1.25026018923425 1.61278287237433 36 38.0560153369865 0.193983938509634 306452426.459484 2.940801477 1721957804.63808
0 eager_4000.dot 19075314980 1.40432669720596 1.1627034484012 36 42.4260720811857 0.122358813147727 6.1806508 135959580.551057 1.62185409169605 1.07300980524691 36 116.128861493986 0.379582654609762 52466146.3416567 7.04946615300001 347833918.935307
0 methylseq_4000.dot 17027257018 1.53354545021212 1.96849469054785 36 17.3439549669582 0.107802075618358 4.426167222 317026333.845572 1.10032254476699 1.99361642837222 36 108.914550601653 0.427563949017213 130311903.642777 4.275646938 614342091.203695
0 chipseq_1000.dot 41366257414 1.11309323689131 1.08232200759503 36 6.5712998086562 0.0181437518841494 0.328197736 216237806.05317 1.13035682266452 1.28324659917432 36 18.6624357872171 0.146588383876439 88955669.3084062 0.168555408 435126496.996332
0 atacseq_10000.dot 3908761308 1.11677827922946 0.32136170314807 36 1.52367125795485 0.364847256938799 8.036691302 189243559.041216 1.15067480180432 0.46848432266869 36 8.84427468088266 0.542578330019797 83229712.0113555 21.9050938370001 635299182.880876
0 eager_1000.dot 19100037384 1.68380937755938 1.69037439816464 36 138.042719380206 0.171739248490394 1.215332737 43013301.0704366 1.90152334086157 1.17233331912935 36 62.2840083983909 0.427053321359007 13457568.8823707 0.382243047 75395747.2329988
0 eager_25000.dot 25705994498 1.23642793148095 0.982919169186792 36 37.9628127603998 0.185129931652546 200.763811643 1170576258.95528 1.78255601084135 0.917153541856626 36 53.0583691056847 0.425004429538632 411837631.524264 904.187472232003 2763907767.70461
0 chipseq_25000.dot 41366257414 1.09567305400637 1.17100521643003 36 11.5109132744165 0.021906787214792 33.289409504 5833799642.57377 1.11734876318208 1.32059150349324 36 22.7003339260955 0.107340793681797 2275178016.53641 227.002201753003 10789724135.8496
0 methylseq_15000.dot 11897958606 1.53991235316296 1.96049185953142 36 19.9159992822215 0.0863716906500327 87.723898887 912888633.101811 1.11175607152391 1.85485467954292 36 85.8806230335323 0.408706817045008 417379811.029047 120.090621841 1483973670.15766
0 atacseq_30000.dot 2223941232 1.10964988644055 0.256178022324888 36 1.12743233063515 0.347797050611904 52.478720785 340365008.770797 1.14578838983409 0.682933127202335 36 8.67299723063395 0.302046869648627 153373333.913794 364.433961429004 1525609297.77503
0 methylseq_1000.dot 11897958606 1.61407534901511 2.0171724797134 36 11.2899049452576 0.0852197250014821 0.527049636 60861180.8752941 1.18733664818002 1.8323471155586 36 96.2553980841736 0.465199525184228 26546881.9607198 0.260253335 104225340.364089
0 atacseq_2000.dot 3908761308 1.15856041199178 0.516932546827793 36 3.39448352729034 0.284517716799427 1.195017751 35010353.8407779 1.15088882159961 0.347508339229212 36 11.9289050879427 1.26701541851328 16536021.2373734 0.662512756999998 122909622.545397
0 methylseq 11897958606 2.83333333333333 1.5873381951677 4 112.814142035002 112.814142035002 0.003244169 1776803.75331105 2.83333333333333 1.8186222353431 5 786.00693820173 786.00693820173 1840539.7875 0.000482576 1776806.53557242
0 chipseq_25000.dot 5058052541 1.16322839239504 0.626104965937624 36 3.26887445336052 0.398849784674942 26.157902009 949616389.487974 1.28079280683447 1.23770534817776 36 35.7342551809009 0.372115302473249 350368582.545032 337.203112657004 3428380473.31812
0 methylseq_15000.dot 110641579976 1.11171900483352 2.01675918534842 36 45.979836897472 0.000251244062149528 112.34703567 6639749909.44032 1.09872236413472 2.0238267848868 36 53.0142700492039 0.0165362258274458 3141973783.99964 114.053603576 7453566325.41005
0 methylseq_15000.dot 17027257018 1.54544588051394 1.96315139678987 36 21.9600179892766 0.109508110251954 85.1299798890002 1195153540.84337 1.12600027111639 2.03813753188501 36 120.646800051605 0.362916657852639 491558668.279265 118.888415034002 2479438461.41726
0 eager 14754556884 2.5036036036036 2.60828517637856 8 103.077071238802 92.9105158787074 0.03729128 7584372.97724782 2.66924066924067 2.63492145083082 9 225.329259472817 223.277529271335 5674952.4125 0.008561056 7124022.89900087
0 chipseq_2000.dot 32978181418 1.17232714542841 1.33807392794555 36 10.7490036438184 0.027729798237677 0.701023347 451621972.325228 1.23628777604252 1.60395690610143 36 35.323342570577 0.203050735111967 151036845.026121 0.715623841000001 856084042.677805
0 eager_2000.dot 19100037384 1.46573219541134 1.3467520548675 36 109.892158168614 0.127829913940453 2.694888776 75197680.2942411 1.75900498868413 1.16517573005488 36 119.810447408871 0.463424465763226 26251904.4178417 1.672280108 178790090.283018
0 atacseq_20000.dot 14091675276 1.10712490215914 0.986922663775343 36 11.6311038859313 0.164137523701978 17.243539038 1297174158.60721 1.17339086423557 1.34353540757107 36 34.2722784425558 0.369154513060704 559021328.050853 120.819322009 3484793454.92941
0 atacseq_20000.dot 2223941232 1.11734793575936 0.282345862490861 36 1.21214517691022 0.359633364776535 29.066619949 225629499.162 1.14471147251907 0.577607244486983 36 8.08979576349621 0.43023386242813 101063706.200382 124.492191333 928208641.983841
0 chipseq_2000.dot 5058052541 1.20985165941653 0.77856113582014 36 5.40602603326164 0.430605864687694 0.950936885000001 70581544.70933 1.24989580567112 0.769297362174783 36 26.6114563645884 0.973652090492405 25840556.9254745 0.853961768 218280083.820467
0 methylseq_20000.dot 11897958606 1.55061548428897 1.96150279822086 36 19.9025461450567 0.0864623298534048 168.636481293 1218008031.23124 1.11152079879574 1.85485164492198 36 84.755163853906 0.407568354234539 556642559.137337 264.425986191997 1996694645.9626
0 atacseq_25000.dot 14091675276 1.09171927798593 0.909600400691276 36 8.75528272053459 0.165422335107065 21.273691737 1688230072.12542 1.17153078630502 1.38156821116766 36 35.0109177557848 0.36261154626253 696819436.793131 223.308067337 4412838593.81251
0 atacseq_4000.dot 14091675276 1.09956821000831 0.965575366357683 36 14.1415043067777 0.154199970844619 1.696733321 248075134.599178 1.15020902186956 1.29276823253453 36 32.4546177748432 0.42568440750579 107293338.956553 2.405286232 700889747.802043
0 eager_200.dot 25705994498 2.26767481767482 1.65804873784627 14 92.2288435357084 9.38672234231075 0.1252063 13480611.3466724 2.47277992277992 2.70261508610668 26 129.466902877915 2.06807140433279 7396128.70833333 0.028756869 14055399.0693229
0 chipseq_15000.dot 4605965334 1.11612981828965 0.450404518667748 36 2.35856377193754 0.405009577205363 9.51892863500001 500024615.800752 1.17844599751945 1.07277998436796 36 19.3390461636998 0.310829306120499 200424274.022747 78.5749987369999 1802612943.92596
0 atacseq_15000.dot 14091675276 1.1060969991543 1.0060235258239 36 11.3548382768906 0.162228542632338 10.284315814 1003517385.79336 1.16658968099204 1.35353704158128 36 36.1285168633864 0.383529305064341 421708485.523907 58.6064251640001 2697906070.20627
0 methylseq_200.dot 110641579976 1.82886904761905 1.83636009110814 28 7.07725207173007 0.0324362018359049 0.071384814 100615929.287889 1.71337632275132 2.12788897570579 36 21624.5019251433 0.0611705135828902 42534973.25 0.015678573 118801532.707166
0 methylseq 6273818718 2.83333333333333 1.58134638827232 4 111.629096187502 111.629096187502 0.003226763 1499295.02597706 2.83333333333333 1.88753678574154 5 804.871061208836 804.871061208836 991875.3625 0.000479342 1498816.70238136
0 atacseq_15000.dot 11187378708 1.12305297374661 0.704503132148009 36 5.41528913630844 0.148843601025493 21.4547591900001 472488767.520206 1.14496550782356 1.10100930067875 36 24.7114640480293 0.416693983813763 204539679.746004 63.9874184880001 1337628474.29939
0 eager 25705994498 2.67927927927928 2.61235890935334 8 99.5179299957391 99.5301991222172 0.035305554 8778330.81271431 2.6036036036036 2.54533049449847 10 276.547878114521 196.343631704981 7396128.70833333 0.008287715 9035674.50301144
0 methylseq_4000.dot 8885797810 1.41032302143413 1.81890768795651 36 23.0143246024079 0.126080705854994 4.86279868800001 137769730.263807 1.08044552488997 1.89974418539426 36 84.9951008956289 0.399575019609945 84718695.8481879 4.14799619199999 340921924.9197
0 methylseq_20000.dot 110641579976 1.1196597686694 2.01719444377162 36 46.0692790413362 0.000242645725703155 229.306336933999 8860084214.72086 1.076953797392 2.0228506613525 36 52.539957668799 0.0160079025447683 4188400936.51628 211.301608587003 10012649531.4041
0 chipseq_2000.dot 41366257414 1.07387983851592 1.07518693778203 36 7.68496765819927 0.0173656565979284 0.7382943 444356357.896678 1.13087525607304 1.31832714109239 36 26.3426926487111 0.131412178185541 177477213.35185 0.634802314999999 877906811.882891
0 chipseq_15000.dot 32978181418 1.21131592565752 1.50157569980579 36 12.8976083019883 0.031108598336291 9.15258884499995 3581885009.09422 1.26277554352992 1.67342288561406 36 42.2616055216637 0.176864132685494 1167610719.53396 70.8467119909997 6900905004.57541
0 chipseq_8000.dot 5058052541 1.1740386703161 0.63436420204193 36 3.38464203477284 0.405273845570941 5.32983507900002 299024045.972936 1.25684273602573 0.904001201770056 36 29.1007623615552 0.657930600642973 109343681.29263 17.97083357 917220620.243307
0 methylseq_8000.dot 8885797810 1.40359605637384 1.8067831362535 36 33.3154866432732 0.128088568448915 25.1707588209999 275265824.764385 1.11560767116323 1.93297520851732 36 90.9432154107553 0.344112911648026 167462550.325192 24.5428388940001 655623551.530339
0 chipseq_8000.dot 41366257414 1.09165114861628 1.12008522841257 36 10.1489970131125 0.0193578364743372 4.552463144 1834688426.03772 1.1148827987582 1.31352895965202 36 22.1750723673927 0.116906103978313 720389456.255884 12.7549339960001 3503737062.29865
0 methylseq_8000.dot 6273818718 1.30458831847721 1.31635074817524 36 18.8310819077057 0.135624924583991 23.370527827 159889146.239383 1.1128390295057 1.2744502695911 36 49.5584693388686 0.323978819573311 99115438.7413027 19.279169737 384901351.097789
0 eager_15000.dot 19100037384 1.2615065622757 1.11245802711093 36 30.608977816374 0.144620739300578 53.0092107949999 500203817.073186 1.69940734294604 1.23703145407284 36 139.937993630463 0.296140922036805 187013188.93223 212.892109077 1500616069.61926
0 chipseq_30000.dot 4807293396 1.13979788455914 0.496108818241737 36 3.35764630383511 0.356697933162413 50.9636276649998 1000853324.37776 1.21822564685105 1.06387574436255 36 24.8463449119589 0.442460112629984 347007666.420014 409.185319575003 3554698390.21453
0 methylseq_30000.dot 6761426956 1.53054608086619 1.81073386421842 36 14.0702032101694 0.128210430865238 451.885452949001 789086373.140381 1.12462392364356 1.79269069699948 36 75.186343283743 0.428882094684367 488662888.791997 710.572607520997 1633111985.22791
0 chipseq_1000.dot 32978181418 1.1775520152924 1.48932097449161 36 42.7634709465614 0.0294729168629903 0.318652635 220325270.827226 1.28337981462982 1.59480696288766 36 36.9846823010446 0.230287467430186 76333801.0322057 0.188715194 421774417.920596
0 chipseq_30000.dot 4605965334 1.11251840233022 0.511295268099268 36 2.84943615110385 0.354158083527617 36.7542813540004 1060298758.07377 1.18262346494205 1.05531136461051 36 19.754035586653 0.306599387893446 401540924.54967 482.002241044999 3518420053.63574
0 methylseq_10000.dot 6273818718 1.1530151743237 1.32734662038729 36 19.357850566232 0.136285199390574 51.5732242440001 198973079.343693 1.11126037716676 1.27349260962059 36 50.546285634053 0.367577252129533 124011331.063887 33.232063724 456501546.923355
0 methylseq_25000.dot 6761426956 1.32865448948023 1.76034838944054 36 35.2348582598997 0.12660636199463 347.029693935 654425803.153262 1.11843799769871 1.79670086599799 36 77.6261970087097 0.441704739447168 407743954.447713 483.090662590003 1361131583.0236
0 chipseq_10000.dot 4605965334 1.12149041695565 0.470365250416776 36 2.64572788472308 0.355456591514676 6.51191623599999 344151330.667861 1.1795181505003 1.05882619906849 36 19.0041437015904 0.322971625746551 133347345.251254 27.299038356 1179756185.49571
0 methylseq 22500260922 2.83333333333333 1.59156686061835 4 135.886495990668 135.886495990668 0.003074312 2099780.13736099 2.83333333333333 1.8042036836613 5 850.957484125396 850.957484125396 2895226.88541667 0.000481003 2115701.58799338
0 methylseq 110641579976 2.83333333333333 1.66067633046582 4 2810.92956247994 2810.92956247994 0.003179444 36208128.3735305 2.83333333333333 1.89542661652291 5 25878.9899593196 25878.9899593196 15084215.225 0.000479709 27858531.4326122
0 eager_25000.dot 8330435694 1.2668251458186 0.811120681338353 36 26.7666474561229 0.39536882010048 193.032419129999 546393203.291128 1.75850905400338 0.850535878363903 36 18.2313481220122 0.545189813817555 120677696.204255 721.69170868 1385982015.83142
0 chipseq_20000.dot 41366257414 1.08766764498536 1.12900549771873 36 9.10055327506204 0.0211278028399005 20.9443524570001 4639276945.59653 1.11808410873647 1.31769158370747 36 22.7708845319287 0.108502622020772 1809699797.19807 131.580134914 8641867238.89845
0 chipseq_20000.dot 5058052541 1.16600513978093 0.634734157440031 36 3.1592719757588 0.380569339729246 18.5212759059999 768658984.151815 1.27082348059741 1.18125159574947 36 35.5601140023682 0.403968969682036 278749293.346013 182.227221597 2618912559.71633
0 chipseq_8000.dot 32978181418 1.1828306391884 1.44039075258382 36 12.3156766712946 0.0313940919965594 3.993975689 1899060754.75167 1.26400459193367 1.6757562596183 36 41.785548300364 0.180942566922677 622853351.883133 14.48810672 3670278753.84718
0 atacseq_25000.dot 11187378708 1.12448249194083 0.698795196578448 36 5.44546378153911 0.14898876317774 49.319478816 795697005.065943 1.1504771745118 1.19055540746401 36 25.6227693099761 0.345712741773832 345107974.927368 237.652349401 2358063952.51996
0 atacseq_25000.dot 3908761308 1.10829815182009 0.314904900446329 36 1.31704959837422 0.363123644487407 30.464306717 478104168.260985 1.14736155875458 0.759386739863985 36 10.0006435730928 0.312064088958435 211722391.956122 217.498149801002 1871546410.05789
0 chipseq_4000.dot 5058052541 1.17918932482612 0.625872234399832 36 3.46359749665166 0.409842654505669 2.19547556299999 147437114.498589 1.26397806203231 0.978714336388711 36 32.1585327960607 0.65913382565107 54217003.3215021 3.635250941 465343609.80653
0 eager 8330435694 2.5036036036036 2.60478229626736 8 105.58115415415 94.020110973051 0.038743604 3509493.07106246 2.60617760617761 2.72837262001705 9 220.982210925584 220.982210925584 3178859.14583333 0.008836421 3385408.78437663
0 eager_15000.dot 14754556884 1.28658777168629 1.07996733795569 36 27.1661335896213 0.123269266731009 66.3170289950001 409227774.180309 1.67141617828281 1.06891822375989 36 71.4125785329445 0.275761455131768 170075718.340798 211.304244053 1165557404.87293
0 chipseq_15000.dot 4807293396 1.13247392736644 0.487545274014894 36 3.34286641445961 0.367260505578056 14.5713312950001 488354684.75538 1.21986901176174 0.940374643750018 36 22.8578189329431 0.555747869610876 168896436.169603 64.8263127289998 1648018033.87595
0 eager_4000.dot 25705994498 1.3374381202855 1.01952303963297 36 45.2284531414277 0.191772982719317 6.16536305400002 192048825.416565 1.78786260919711 0.916504446416648 36 74.6867967364474 0.601440292899324 66895759.6892315 7.56710224899999 402349957.973378
0 eager_8000.dot 19100037384 1.30932176576138 1.09896292313134 36 32.8675475073022 0.133374318676105 16.518868315 265582381.915509 1.71898119290276 1.12373463756286 36 110.87275088134 0.3177998860157 96677057.9010237 38.9849308549998 715012791.748698
0 methylseq_4000.dot 110641579976 1.11442394775728 2.02339799774991 36 47.6112516116529 0.000155079465917554 5.46392121500001 1765078818.29163 1.10865230309674 2.02825029944143 36 56.1727423366374 0.0196021675249073 838060684.558915 3.909927256 2063566573.62345
0 atacseq_200.dot 14091675276 1.43428571428571 1.28981339125164 17 8.25564000660473 0.457562158014227 0.059500447 10647652.3147547 1.41412698412698 1.47105510784267 27 8.8777266214614 0.690657156569438 6043971.41731024 0.011220095 12381800.3385469
0 chipseq_25000.dot 32978181418 1.21494438161104 1.58343500797334 36 19.884372163087 0.0328240145412946 31.3101440130001 6036155739.81301 1.26471779075945 1.68620480105936 36 45.8640753021789 0.173735832118359 1953487149.00272 275.624162879002 11501154667.9959
0 eager_10000.dot 19100037384 1.30785798426902 1.13962988687553 36 33.9772690918269 0.143847142318119 27.0301828019999 336143917.586927 1.6837211745148 1.13859020580418 36 122.957802198537 0.302812281090309 121497104.067017 70.9159463730001 933892029.66057
0 methylseq_30000.dot 11897958606 1.54928002947209 1.96054294825559 36 16.5600468308626 0.0849481226177907 461.152888312998 1815658888.6491 1.11860723125232 1.83963738020256 36 84.7406072245796 0.430598316314095 837231137.961124 772.828517411002 2949250062.37938
0 atacseq_25000.dot 11809629756 1.12714738832959 0.740279974544947 36 6.37028232707607 0.16766439706602 52.057863188 800020240.295288 1.15112367084678 1.24891220733673 36 28.9906832597714 0.359904052672837 315925049.070251 231.764873505003 2415743160.08398
0 eager_30000.dot 19075314980 1.19343393830026 1.13875771262457 36 27.5402473999963 0.15679854452907 205.656428330999 1021055761.90056 1.71151747888666 1.18150007143666 36 156.768882977213 0.284603687480622 358263952.104259 1310.16411872301 2854169967.40588
0 methylseq_25000.dot 11897958606 1.53580763398334 1.96154083870974 36 18.590532347488 0.0857926028287986 293.753762064 1518898288.96858 1.11137972551802 1.84266071582283 36 85.5732090083378 0.433421034041267 690105917.40607 460.938549415005 2509405112.97409
0 eager_15000.dot 19132169434 1.23785424613601 1.09899856628915 36 28.1912498551529 0.155445175686485 59.5695502960001 510387224.738064 1.67197499161374 1.28034094148407 36 125.260447202122 0.268295539028239 183791402.972691 215.196645484 1430477785.04467
0 methylseq_30000.dot 22500260922 1.11834522168659 1.2764574100009 36 18.535558224769 6.10678083213834e-06 556.427236989 1423174181.47901 1.09660107429218 1.30712374532024 36 34.9611553777898 0.0822063582086398 1012435495.77329 653.167881418008 2548330655.27997
0 atacseq_2000.dot 11187378708 1.12191306146756 0.88842966294539 36 8.04957222303949 0.140719560113932 1.280564351 58026890.4665394 1.14473715962686 1.09089949214265 36 27.4979405050217 0.526150542278473 27391025.1144399 0.606626774999996 178668600.802473
0 methylseq_10000.dot 11897958606 1.54937371774106 1.96413091209789 36 19.9460518692748 0.0827283590276753 33.251775713 600208578.999436 1.10787648392692 1.84224209714556 36 83.5063275085384 0.414971754086759 274584633.22398 38.1727851680001 981682627.754396
0 chipseq_25000.dot 4605965334 1.11614692343857 0.467804516766068 36 2.51299254657161 0.37278229934252 19.9922574790002 865495527.862865 1.18468007009673 1.04838441565144 36 19.1121387794663 0.310241879528678 330895061.848842 302.262781313003 2957570101.69246
0 methylseq_30000.dot 6273818718 1.1739436515347 1.33853341362186 36 20.9774637226995 0.135697119270546 711.978502016999 595915930.571167 1.10872179559658 1.27961804319245 36 54.7533910290435 0.369042827766868 373538677.986658 612.199055855993 1469662349.06448
0 eager_30000.dot 8330435694 1.23750313950205 0.845640221801468 36 23.6801082701117 0.372704977746603 252.269845818999 668695734.944027 1.75831234218795 0.783882764612691 36 16.544073962494 0.576869117978028 142608376.469008 1313.13378007101 1712227231.16908
0 chipseq_200.dot 4605965334 1.54272959183673 1.12264591548125 14 5.28763560386567 0.479764080003462 0.063212605 4906981.35307625 1.51020408163265 1.47730600281662 27 4.90017713754374 0.730196077107211 3835436.70833333 0.011641877 9800587.86695149
0 methylseq_15000.dot 6273818718 1.31648493397894 1.31845223449329 36 19.2628502123726 0.135235766837081 90.7756930509997 297207406.238096 1.10967080542744 1.30509057611648 36 55.6886423805028 0.365068781931635 186887036.987484 103.3010394 764445471.428076
0 methylseq_2000.dot 11897958606 1.55977879773061 1.99485036909326 36 11.7039502464238 0.0884264619743117 1.374371574 122917140.739174 1.13083285523044 1.85887699537098 36 98.2969212279891 0.385037533403701 54685681.7841156 1.037202657 194915817.938728
0 atacseq_200.dot 3908761308 1.24916666666667 1.19722114444947 16 3.62432089040556 0.771543295486702 0.0703621770000001 4043010.21510377 1.27236772486772 1.10380018334949 27 5.15693414715028 0.252858543162251 2113956.5125 0.013167824 3360494.97023703
0 eager_8000.dot 8330435694 1.29912184009189 0.869685820383355 36 31.1765899935853 0.394513098097287 19.458296381 159354059.320985 1.67646644234878 0.822730097818023 36 22.7577244106326 0.603816345362135 40624800.3882811 37.1371317259994 412800655.865114
0 atacseq_200.dot 2223941232 1.42455026455026 1.28565411151494 16 3.33878142006029 0.721762626033434 0.072201847 2837188.29576589 1.30537037037037 1.15748870732258 32 5.40601454997738 0.252014252366191 1389129.6301296 0.013030055 2031386.38647188
0 chipseq_2000.dot 4807293396 1.1923448387056 0.785080646549588 36 9.88645338075749 0.372873712061229 1.098474975 58029865.4570429 1.224259126949 0.78975146272126 36 24.8883225099206 0.88286761082242 20983298.5921281 0.699717142999999 199359300.165196
0 eager_20000.dot 19100037384 1.25350599063163 1.13652224915103 36 29.7531922066457 0.157907552044815 129.808242283 688961644.475544 1.67142509704288 1.23041728806282 36 140.441072119682 0.28633654112935 244337973.886162 443.394994795007 1927184018.56145
0 eager_10000.dot 19075314980 1.28807860670115 1.09820307717206 36 30.9674333114003 0.155441089586464 29.035449303 346897977.983225 1.70238664622587 1.14751427217339 36 132.228983742184 0.289764306596526 120893028.864997 72.9783419070002 920425907.413118
0 methylseq_25000.dot 6273818718 1.24987744070799 1.30639962969105 36 18.8781278121627 0.135334825168149 351.520775996 495226766.951683 1.11115810275679 1.29944653427613 36 56.2521351672774 0.377259831660886 311572750.598183 407.085448927008 1271768896.76258
0 eager_10000.dot 8330435694 1.31607992841068 0.794909469728833 36 31.4176485985995 0.396992905075605 32.939666183 208114232.244155 1.68335436290538 0.775266973726432 36 18.362874396108 0.640084124615272 48654104.5594104 65.8811714650002 526556376.861711
0 methylseq_200.dot 8885797810 1.93253968253968 1.82309001078537 28 6.45790672893774 0.125102903792008 0.0730450250000001 6757797.52892805 1.52967923280423 2.09646967931546 36 827.392069387519 0.327463327960957 4188096.6625 0.017289013 10625354.0577953
0 chipseq 32978181418 1.85416666666667 1.34151664153435 4 4.49351117190193 4.49351117190193 0.005874102 16510139.2432266 1.72916666666667 1.83429815542561 6 3958371.70270314 3958371.70270314 10334451.1841704 0.000977703 31961977.2677527
0 methylseq_2000.dot 6761426956 1.34758876776949 1.82276709699319 36 41.6176238699881 0.124165865697283 1.467639667 53005520.2839422 1.12812360553324 1.8132183571547 36 86.2412718345345 0.410787874066698 33520174.5539507 1.11295901 106005760.316593
0 atacseq_20000.dot 3908761308 1.1134060324813 0.282077426748109 36 1.30243414104159 0.373257480601306 20.0823915780001 383194014.392114 1.14586391490112 0.784678808214898 36 10.0069257350867 0.295294640661641 171404536.917356 122.797017354999 1426621499.8278
0 atacseq_1000.dot 11187378708 1.19164368964369 1.02631796645266 36 5.78466857922046 0.125189616302093 0.45752876 26591390.7785226 1.15646838346838 1.31220696436032 36 30.8166381385211 0.482723406958313 13668041.7704442 0.163087067 82811211.6860713
0 eager 19100037384 2.5036036036036 2.61372195642485 8 158.430348250169 133.476646632019 0.036942351 8148449.30332926 2.66924066924067 2.61243594670974 9 385.01120683088 381.884019403876 5666456.15 0.008475064 7499665.7888596
0 chipseq_10000.dot 32978181418 1.18774779418577 1.45112701981464 36 12.3875052886848 0.0308620786770893 5.29125703900001 2374593573.05372 1.25716708364735 1.6472612318418 36 43.4421800029644 0.180382295289893 776617067.59986 24.424847588 4556698253.28681
0 methylseq_2000.dot 110641579976 1.14068974309938 2.04211253084767 36 54.2303720297489 0.0024999472139621 1.517846149 925600476.886379 1.14110409893542 2.03415254442488 36 66.0930385843359 0.0226585853302376 419422697.432054 0.858134685000001 1038099123.58467
0 chipseq_8000.dot 3793245764 1.11360834176273 0.314176293050731 36 1.43132871043994 0.361144375200092 4.40942370499999 226193775.201833 1.14682600576018 0.872982905587243 36 13.2610792371079 0.350814802980198 99775220.4918088 16.2603724530001 825249403.58862
0 eager_25000.dot 19132169434 1.23267323955783 1.14343811102011 36 28.1889152840983 0.143446604319492 163.042802409999 846127734.708225 1.70003870316759 1.16329465833607 36 130.830207926321 0.296013650976701 299683270.140045 794.005497324004 2401346109.03838
0 eager_4000.dot 19132169434 1.38238810145146 1.15629588984229 36 42.2957119405866 0.12700947589977 6.04483938500001 134382930.127485 1.65298659648967 1.06981026029861 36 111.336601525187 0.362348673404456 50261954.2301934 7.08774953899998 340537640.925402
0 chipseq_1000.dot 4807293396 1.22888276253661 1.03487972803782 36 9.55040543926011 0.329171255380726 0.475156528 28902125.9160368 1.27452582140082 0.837638437526945 36 40.9690104695985 1.32610245229527 11318240.4831781 0.19281614 96020033.3273326
0 eager_15000.dot 19075314980 1.245024838658 1.17117548086369 36 30.8082399311448 0.142359300564831 54.544341787 507157965.09741 1.70880711106512 1.23680142880227 36 136.833212507323 0.271829130418543 181728839.859713 212.638636509 1449528688.47866
0 methylseq_200.dot 6761426956 2.05787037037037 1.8197189566488 28 6.260872093656 0.114844688537485 0.077213621 4769229.54287201 1.52967923280423 2.00531404876403 36 387.317144332678 0.323211416309353 3217870.0875 0.01506494 7936841.37449948
0 methylseq 17027257018 2.83333333333333 1.58804343233177 4 90.7130948679045 90.7130948679045 0.003148698 1482926.27727219 2.83333333333333 1.75750703507401 5 585.999371070658 585.999371070658 2175361.36458333 0.000486191 1482662.57401342
0 eager_1000.dot 8330435694 1.47359982359982 1.62392487853593 36 96.6485833330973 0.383314290494066 1.102689647 25103146.8641637 1.71260301039713 1.39632254293109 36 124.928613802862 0.995611311696685 7392872.45380594 0.465096016 38026050.4363964
0 chipseq_4000.dot 3793245764 1.13821470720056 0.302836407333966 36 1.49286169755218 0.343659806656123 1.890787717 111193813.143395 1.14093532253909 0.711303578681653 36 12.0257406086607 0.463800625294308 48601069.1074655 3.43894956999998 387215249.631251
0 methylseq_200.dot 11897958606 2.02827380952381 1.80391150025771 28 7.36717773149548 0.112023294627125 0.074089742 12085239.6926975 1.52678571428571 2.07202318772083 36 1057.46550491277 0.460690807981923 5498618.0875 0.015104131 20886651.9864211
0 atacseq_1000.dot 3908761308 1.21700904650905 0.603485622500991 36 5.13902061154835 0.209201383490921 0.489943554 17133398.9481315 1.17242128242128 0.470501125465935 36 11.3799372102433 0.966461968624442 8573668.99064519 0.172624287 48035403.1075376
0 chipseq_1000.dot 3793245764 1.10796201661586 0.589015956055563 36 4.70311088678748 0.215645365026912 0.48495515 28152407.4389987 1.13893918581419 0.57419660737392 36 13.8619662194744 0.847506525916168 12149010.984274 0.202844677 84450948.1429081
0 atacseq_2000.dot 11809629756 1.14599285651765 0.968228140194422 36 11.6241307028032 0.155192631032861 1.290832151 60120848.3332718 1.14966865469316 1.15603409247674 36 31.2521394769401 0.47979131898112 24666108.0711511 0.618598112999998 177501309.667572
0 eager_4000.dot 8330435694 1.38014011907779 0.997489159035268 36 48.5940363587601 0.433291954559162 6.688373075 87850413.898434 1.64533015727045 0.898856676173678 36 32.3532474147491 0.750978851838516 21368601.5528902 7.26855099200001 215460347.519842
0 methylseq_200.dot 22500260922 1.859375 1.77940609360876 28 4.36348114740297 0.00973541938782144 0.073577822 10475814.5967507 1.56051587301587 2.13117380986735 36 228.76410863406 0.0683674127337979 8654480.86458333 0.015350316 14176008.9443381
0 eager_4000.dot 14754556884 1.37540101339603 1.07096491294545 36 28.7708527870028 0.10847877911252 6.064807039 107894683.934804 1.63759133004084 0.979640130655384 36 97.2810629024094 0.509970635236466 47818589.5502644 7.27287092200001 324560997.508775
0 methylseq 6761426956 2.83333333333333 1.58378317094577 4 59.9415950972507 59.9415950972507 0.003300423 840434.205823589 2.83333333333333 1.70389788515092 5 665.71137027589 665.71137027589 1080079.2625 0.000475958 840232.029734157
0 eager_200.dot 19100037384 2.57953667953668 1.70204902389484 12 46.975754734867 33.499601594941 0.126703888 11727855.2488494 2.40446985446985 2.57755570770112 27 256.186087365191 4.24100115519407 5666456.15 0.030617142 9295562.13812462
0 methylseq_20000.dot 8885797810 1.52317831894664 1.82414012460288 36 15.5719272855879 0.128013286971238 171.604371961999 685344851.688727 1.12401309730244 1.99904287592709 36 99.2595271527617 0.338205335004342 424464932.687294 272.529863870001 1789521275.5758
0 atacseq_25000.dot 2223941232 1.11432514108984 0.252620020606953 36 1.14499865449226 0.33971190730116 40.6426190509998 285113401.577471 1.14649723463831 0.599278805357116 36 8.25391799337257 0.386430591426912 125781671.16878 231.096887779 1200609148.09167
0 eager_20000.dot 25705994498 1.236306008772 0.991586211205553 36 39.912353097866 0.18623339557674 136.450421705 930950441.9648 1.75994799854 1.01129560391907 36 58.1267614299065 0.415349367358493 332663872.014872 512.697148049004 2315089018.43691
0 eager_25000.dot 19075314980 1.23092977659539 1.11111006566274 36 24.520196442098 0.156748355083472 141.849942331 844466589.530363 1.71089866171215 1.18218768120089 36 163.998618845948 0.291733335612939 299075072.826254 837.447355954012 2457733144.16515
0 chipseq_15000.dot 5058052541 1.16572461344997 0.640923113791964 36 3.1928283276755 0.400145736942976 11.552411637 567084090.372158 1.27339592273335 1.04846924342981 36 32.5439851976687 0.49468647049472 208979834.942056 87.0499045590001 1822821683.18901
0 chipseq_1000.dot 5058052541 1.25910654516424 0.904486003171391 36 7.68593129825903 0.321145132101766 0.455808129 33908331.3136939 1.32229402541903 0.882459803857803 36 41.662780144558 1.12792488352256 14027142.1055713 0.218266887 113682118.068339
0 atacseq_15000.dot 11809629756 1.12203223232107 0.720010138732866 36 6.42267186372443 0.161685036823579 24.003209541 471066190.523306 1.15129291442814 1.14070497676958 36 31.0635336417903 0.456582713552788 188463774.143273 64.1061060349999 1351915740.25967
0 methylseq_2000.dot 8885797810 1.34845732134889 1.84749157519842 36 34.351605968729 0.116772559196178 1.459494149 67518150.6999951 1.1248725058966 1.97377457162069 36 103.73850124827 0.354274489441632 42043981.7062247 1.104409556 173188075.283356
0 chipseq 41366257414 1.69791666666667 1.08587309803044 4 6.67265856121747 6.67265856121747 0.005326511 24163782.963069 1.49702380952381 2.16033268721256 8 28.4051890523133 28.4051890523133 12920451.0667234 0.000876382 27439768.1506958
0 methylseq_15000.dot 8885797810 1.51570674529042 1.82379038422767 36 18.2281761878139 0.13087044135852 87.4160059879997 519183558.245291 1.11501688122988 1.97481287152052 36 94.7995647309928 0.316050762939004 318017290.600872 114.570510193 1268900849.81502
0 methylseq_30000.dot 17027257018 1.13767729313951 1.94177847955905 36 54.828725333248 0.108959743915325 357.281458338999 2385982271.03767 1.12579635028617 1.97832895490689 36 112.04596378055 0.454223184172989 985809041.961702 765.819235853004 4745798679.80804
0 eager_2000.dot 19075314980 1.45218249656752 1.32270822442922 36 87.2333927775575 0.12560861887668 2.65483125699999 74392724.089062 1.69921402889317 1.11446153550541 36 131.621281039277 0.439793962171605 26017857.9423991 1.72101274000001 166549624.06787
0 eager_2000.dot 19132169434 1.5110841271269 1.32583661095999 36 92.4071511359603 0.124476537739399 2.813051977 71656135.9678317 1.7294252683079 1.13834785838199 36 98.6264322329743 0.484833846937468 26161723.510161 1.747262802 180473938.963003
0 chipseq_20000.dot 4605965334 1.11618795524457 0.44156512829374 36 2.29743196467561 0.377807654716459 14.054251945 676673804.776461 1.17490058439682 1.04097748050493 36 19.0919834128283 0.321151390152741 264410539.314051 164.459928472001 2390089818.66879
0 atacseq_200.dot 11187378708 1.36759920634921 1.22998299645102 17 5.36699669088825 0.193053235759752 0.060910816 4279980.70573754 1.27805555555556 1.35011362853392 28 15.8720235925604 0.258699092594917 2962370.65315594 0.012924233 4479192.76990585
0 chipseq_15000.dot 3793245764 1.12420464204687 0.322200999189857 36 1.4339533942409 0.379375192227197 9.72360723499997 430473508.021543 1.15957769275799 0.989089666085695 36 13.6377918548549 0.268167102097955 189234814.177505 74.4395116159998 1621223631.0348
0 atacseq_8000.dot 14091675276 1.11340303089228 1.00811254154222 36 13.8373818349247 0.165351748071336 4.071147515 519585975.267108 1.16206199457725 1.35211804600006 36 33.1586483076143 0.378640565110875 218289108.903736 11.598009935 1401442682.14487
0 eager_10000.dot 19132169434 1.31868110995007 1.107855105024 36 28.743374249103 0.143528869515521 23.93530823 334848990.696394 1.6808273452026 1.14475331310249 36 109.178469127159 0.303030966125394 121497927.998006 70.830735292 922194372.089879
0 methylseq_8000.dot 11897958606 1.53567853567853 1.9629476372741 36 16.425823328931 0.0847795106234749 21.03859021 484036753.338058 1.10309317253762 1.82745877917124 36 81.9117540478078 0.414296401912357 223447667.030061 23.8875802770002 766569053.453666
0 eager_15000.dot 25705994498 1.27481231114311 0.984491469743948 36 40.214534899932 0.185262799983466 72.3328019210001 700852205.269725 1.77145016290456 1.02460183732303 36 53.6517747575379 0.402758797841602 249403287.582021 230.908734808001 1700600681.67634
0 eager_1000.dot 19075314980 1.55297306859807 1.63105163274962 36 119.362322049464 0.187381094631587 1.148964405 45355099.2448893 1.90352834102834 1.13973200247742 36 55.695411457191 0.447822697744406 13442638.8595641 0.382247593 73879952.2215802
0 eager_30000.dot 25705994498 1.20545917067122 0.96565181499828 36 37.5647044050626 0.190496361187706 300.959596808003 1413314946.06022 1.73225628273683 0.983860441739369 36 50.7631529208332 0.391598147228904 496366102.77226 1631.22635941602 3310749988.711
0 eager_10000.dot 25705994498 1.31069214098412 0.960530999043225 36 36.3033166003266 0.189122218633648 32.0256880950001 473605892.698622 1.7292502822089 0.918914518461641 36 51.8332252116646 0.423759088908754 165736860.429385 79.0163147229998 1063502048.46804
0 chipseq_20000.dot 3793245764 1.11524713292546 0.328999406995447 36 1.53937131564614 0.35834323777411 16.34905665 587602108.217278 1.15521348306469 0.972937818989311 36 13.5022993526661 0.273187826861402 252639102.863615 169.737581061 2155310427.36366
0 chipseq 5058052541 1.97916666666667 1.17182556433423 4 2.97401912834455 2.97401912834455 0.0059353 1841928.5365853 1.6875 1.66612754343858 6 9.06740660197602 9.06740660197602 1937898.29268461 0.001083347 2071490.48279389
0 chipseq_30000.dot 41366257414 1.09715044303763 1.14701109016639 36 9.52584101707002 0.0211799385147481 50.4519669599998 6982278563.90496 1.12307838290427 1.31782467831511 36 22.6413721062901 0.109776986390499 2723985336.08885 384.317963823001 13000342611.5175
0 eager_8000.dot 14754556884 1.28857842063207 1.03575857665896 36 27.8204812331832 0.119197372264883 17.6853537289999 215782429.432211 1.67666630313689 0.909952816390383 36 93.0040642235422 0.424765682394818 89414431.1415566 40.7472485039999 645719043.786165
0 chipseq_30000.dot 32978181418 1.20241155060534 1.53769617427085 36 13.5433887376514 0.0330724799396068 29.850722842 7232014559.18588 1.26229911491066 1.69500166073489 36 47.8400527547748 0.175644901893221 2354517058.78358 455.827081971006 13956309184.4083
0 methylseq_25000.dot 110641579976 1.13478347011715 2.01672720113196 36 45.9737863980465 0.000142459573700796 428.567890665003 11056189692.7064 1.10775819369197 2.02634059094993 36 53.5314929273595 0.0166000783629544 5237531260.64965 465.951796328999 12582584513.8083
0 eager_10000.dot 14754556884 1.31401512843063 1.04315410365271 36 27.8845716588969 0.127072031092362 27.9298055529999 274078563.027237 1.66230992802525 1.02743493756045 36 57.8959452537336 0.332735495235701 113635054.259071 72.2164842599992 801749515.021174
0 eager_30000.dot 14754556884 1.23011346749273 1.05208726834826 36 19.5700043721931 0.125485846253974 151.441732474001 798358022.030683 1.68356214126248 1.04377529509749 36 93.4170458654816 0.289488124549987 338174155.798457 1407.43922938799 2362062100.69446
0 methylseq_8000.dot 6761426956 1.28336272780717 1.77206807224811 36 35.6556282458709 0.124069980744257 28.2088231330001 208197765.502896 1.11194925083814 1.79518710513983 36 80.6950774184448 0.460225578823978 129457396.25739 25.315246763 455201269.570529
0 atacseq_10000.dot 11809629756 1.11639760534882 0.73350058013036 36 6.46365520944564 0.167419795028849 12.058794833 317483077.305262 1.14629595345933 1.12639469875259 36 28.5614924331175 0.466935440668485 125344514.143684 21.396137811 894579683.002813
0 eager_20000.dot 19132169434 1.23890193908884 1.10901316022663 36 26.0208646123203 0.153290918572646 84.6145244269996 690264828.357676 1.69480017181022 1.22999915208359 36 114.045480008211 0.278330092732711 242964758.932569 445.556353664 1928881731.65865
0 eager_200.dot 19075314980 2.47758472758473 1.76762296233995 13 70.5041823552262 11.5255162723564 0.130904088 10764095.8884542 2.40537075537076 2.68486175706454 27 50425.9703510136 3.06920068840145 5660097.175 0.030806263 10626386.8199461
0 eager_20000.dot 14754556884 1.25437973229438 1.03075456478799 36 21.43914277355 0.128912358058238 82.0672104330003 545614421.279024 1.66577582283515 1.05289222410011 36 74.3804134835953 0.300529522156368 225321866.119446 444.383109691006 1612664761.08463
0 chipseq 4807293396 2.25 1.2521206673814 4 3.98607273075791 3.98607273075791 0.006361598 1338116.4595815 1.6875 1.74696058934283 6 12.9748289690928 12.9748289690928 1590463.19791667 0.00109434 1363759.15923101
0 eager_15000.dot 8330435694 1.25408882359045 0.785369683333784 36 23.1257648690232 0.40347375576967 63.3728218030001 320040134.773721 1.68326871788272 0.799286754866421 36 18.0940435859799 0.593371780167751 75374257.4589086 187.458070864002 813017184.26502
0 methylseq_10000.dot 6761426956 1.41452453997473 1.78625193124909 36 24.6145831893333 0.128163538711566 38.5422427539999 264029114.689384 1.11527626923787 1.78423471425791 36 74.5550386657571 0.435226544183061 160253774.898268 40.6761041049998 542058664.152951
0 methylseq_1000.dot 22500260922 1.38316759099892 1.28288126708553 36 30.3781465048804 0.0127799714486153 0.491743976 51700927.7648128 1.24477274176069 1.29634636734317 36 38.0201407078629 0.12541028977752 34575768.25 0.235314318 92067715.309105
0 methylseq_8000.dot 22500260922 1.12786596119929 1.27319777308813 36 18.183480168798 0.000425298009501515 23.395587426 379617677.001889 1.09905540461096 1.29961658198438 36 34.0805515804487 0.0883109438077508 269646363.854171 19.4484192670001 700475776.790845
0 methylseq_25000.dot 8885797810 1.46637366740583 1.82053198416094 36 21.8227362232296 0.1309390115958 314.067203268999 865087179.175179 1.12066692575578 1.96245212824918 36 95.5436933870473 0.38236367503103 526063893.261777 476.187740519006 2129861592.67521
0 atacseq_1000.dot 2223941232 1.20699848299848 0.622305385233837 36 3.23145438401572 0.0853821701061083 0.534910896 6971404.12013277 1.14126941114441 0.573967598674645 36 10.831835180266 0.817826675831664 5401140.41145832 0.168987869 32249942.6017334
0 atacseq_4000.dot 3908761308 1.13483157177469 0.386072502502426 36 1.9320950798212 0.34380708165131 2.666483762 74160924.2820587 1.15346325854183 0.363044710428741 36 10.2831103527799 0.858683418997841 33333170.0804547 2.583917482 256640041.678862
0 chipseq_10000.dot 3793245764 1.11284962166071 0.362461902125548 36 1.51198883475531 0.366436991301838 6.45904114399997 291964057.397875 1.15522802176938 0.911012386690275 36 13.3753682569062 0.318574401541874 126245066.082775 27.5806482939999 1024701856.65856
0 eager_1000.dot 19132169434 1.46208425583426 1.77200040725264 36 145.480712099056 0.177175016822877 1.272721941 49648812.526286 1.90978386093518 1.13995445287346 36 85.4636453839307 0.548190581409792 13278255.921395 0.378970498 80544885.7517129
0 methylseq_20000.dot 17027257018 1.53426608738735 1.96246028110748 36 20.1611651394151 0.112263925758852 163.518981829999 1610311506.98218 1.12473084471887 2.0885087197827 36 121.732374558653 0.376043361224714 655155772.801322 277.864715218001 3379178180.38814
0 eager_8000.dot 25705994498 1.32535605299277 1.01241379188859 36 41.5046613964947 0.187715460012173 23.677117718 383567209.954753 1.7597132483407 0.916523219892277 36 73.1822428659284 0.501941936773722 133313177.176676 42.6794134630002 925898322.996043
0 methylseq_2000.dot 17027257018 1.57071141709696 1.99421084337701 36 17.1235663259538 0.109308494701171 1.361868806 159829000.140043 1.0837636259323 2.02794402357277 36 123.306070157769 0.367103480652627 68060117.4701298 1.029862556 327816919.203986
0 methylseq_4000.dot 6761426956 1.26690182245738 1.7542717526089 36 33.2817559201873 0.125937970687953 5.41148010299999 105629533.814585 1.1089700811923 1.77419582898491 36 81.1519503738751 0.494465444051286 64760564.7445322 4.345559487 235403412.255652
0 chipseq_8000.dot 4807293396 1.14179529652688 0.502623116331247 36 3.56308722213172 0.361984665970574 5.337998324 260901924.468703 1.20742932615974 0.891641820842132 36 23.3178882634565 0.615791365633139 90664133.6951047 13.853871838 850460636.095744
0 methylseq_20000.dot 6273818718 1.27307351512035 1.30845065269453 36 18.9281398261606 0.13537317053292 208.578428978999 396862133.914577 1.11319686604804 1.29058295460785 36 54.9966518179862 0.38773193306056 252720371.518421 219.155521425002 1016771106.6473
0 eager_4000.dot 19100037384 1.41792381600386 1.14250492537491 36 41.0599262894853 0.134099925292513 5.68233296100001 137114256.159836 1.65828287066215 1.09915010686525 36 110.39810084876 0.390998322577953 49827063.3963371 7.021436935 361008299.883505
0 methylseq_20000.dot 22500260922 1.11411469349648 1.27559945288207 36 18.4268029246321 1.25132625865197e-05 204.872152436998 948551905.907238 1.09613607347704 1.30409579975009 36 35.8058750986932 0.0913515888792719 675000098.307274 217.346545603 1758822025.34814
0 eager_2000.dot 14754556884 1.38836557365969 1.34107066074224 36 93.5694495345849 0.141041060755086 2.871087797 65406405.2611657 1.68721442598448 0.838363795433919 36 64.869434027763 0.618450624404556 25556597.9713111 1.597627565 161921779.030724
0 atacseq_20000.dot 11187378708 1.12141726915321 0.692470424984476 36 5.30973911633392 0.147679350023028 38.9741613769999 627093870.005738 1.14874177837145 1.12546587501386 36 25.3631150704744 0.401123578528774 273317626.503178 137.504326135 1749260924.11386
0 methylseq_4000.dot 22500260922 1.12673784896007 1.27139995885293 36 18.1382245730636 0.0018128939878591 5.359399587 192051137.968384 1.10777841333396 1.29615429985446 36 33.1079662836402 0.084844053134353 135397267.828429 3.76225326300001 338370942.003227
0 atacseq_15000.dot 2223941232 1.12382891563631 0.26749317583791 36 1.20376902955708 0.337084650948417 17.855118386 169206347.381665 1.14477283861856 0.502639239700214 36 7.65901373310481 0.510967261432216 75503968.954074 60.4381290769998 656899078.284995
0 atacseq_8000.dot 2223941232 1.14161571331587 0.297314027538798 36 1.33988735672514 0.344625386382549 8.12495224700001 88572996.1255001 1.14068314904848 0.473658741412914 36 8.05148488679665 1.10516167868469 38987392.5640552 12.5094786870001 350778591.856911
0 chipseq_200.dot 41366257414 1.42240646258503 1.10485500916547 16 1.43990242924818 0.0343951488976036 0.048152001 41315494.0662094 1.18060064935065 1.39619607255327 31 7.78399660161064 0.244470245183422 21078180.563549 0.010105887 81814262.2914927
0 eager_200.dot 19132169434 2.32837837837838 1.54566836857038 13 56.0455611471232 3.85712517271764 0.127670414 11279288.1245869 2.40537075537076 2.67303817571458 27 223.951360453432 4.0252385262952 5645708.725 0.030362643 10215388.6340268
0 chipseq_25000.dot 4807293396 1.13950580617246 0.477558029803513 36 3.37370354194212 0.358833582234582 34.5609560369999 822047308.721993 1.23005304776137 0.943239392683761 36 23.7117388510456 0.559595334460421 282425632.751899 259.671776657001 2759744920.55889
0 atacseq_4000.dot 2223941232 1.15079426699417 0.186106766111448 36 1.68982028711656 0.285957740810583 3.34415653299999 42156149.1561112 1.13389384195144 0.465891292547823 36 8.15751962305044 1.2976248377563 18859523.4835027 2.503966078 160182431.388092
0 chipseq_10000.dot 41366257414 1.09907306300634 1.1492827244084 36 10.3749371585615 0.0194053836972399 6.63034333 2306289209.50156 1.12072422669228 1.3087186744726 36 22.6695039240095 0.115695982870944 901158458.509174 21.9829397769999 4343232793.8712
0 chipseq_4000.dot 4605965334 1.13269556046679 0.424531067886354 36 2.30495145370618 0.390856838976587 1.852306813 131727508.36343 1.14034206752367 0.867045132647416 36 18.0347007365107 0.501062797032345 51437809.86374 3.35859975500001 428377820.28398
0 atacseq_10000.dot 2223941232 1.12718403497141 0.271916730072168 36 1.29809681696355 0.337171015315721 10.439378955 112010293.256617 1.13262606523464 0.42207164619977 36 7.43481450041202 0.875512842972961 49906052.3426295 21.476009903 424785724.39915
0 chipseq_25000.dot 3793245764 1.11278600341099 0.323895669636689 36 1.50021367068139 0.363869687903704 22.647171147 726901794.248969 1.15853113769779 0.983851083803001 36 14.0031891122009 0.27560888038004 319696849.255902 298.821273792 2703926004.63923
0 methylseq_25000.dot 17027257018 1.54284241034121 1.96155755562544 36 22.3392294057347 0.109097182716533 282.919285534999 1990147723.39544 1.1219249048102 2.07691479117702 36 116.44450557495 0.445848484446707 807032107.303043 437.833155620002 4140725954.42767
0 eager_30000.dot 19132169434 1.19782166281454 1.14301449677488 36 26.9666996453769 0.150905763651219 173.491549675999 1018002040.70298 1.70793268729237 1.1900213759905 36 140.975183447023 0.278739167166467 357177692.483486 1355.435363349 2845772174.77615
0 eager_2000.dot 8330435694 1.45499056194243 1.31509989847554 36 110.488234958396 0.334553394713685 2.597435928 45754753.1988746 1.69140430958613 0.879264467781127 36 51.004675633144 0.782657124062523 11602059.6297325 1.614374067 99744350.5903257
0 chipseq_30000.dot 5058052541 1.16162423898036 0.615489606538202 36 3.09344466254552 0.398985739661529 34.4075967209999 1134645962.31071 1.27825576998064 1.21949226567532 36 34.975469396167 0.37257382188536 422176725.576303 525.893485406995 4143704474.45583
0 methylseq_4000.dot 11897958606 1.5590272812495 1.96859097813135 36 15.874331558793 0.0885316627377277 4.51748512899999 245546796.905042 1.10624513402291 1.81072499828873 36 77.7597949550857 0.42270729114282 107840753.420887 4.201563407 384863533.167254
0 chipseq_4000.dot 4807293396 1.16389500174877 0.543616605319457 36 3.74180482379664 0.39327819680625 2.223154128 125002266.392577 1.22133562847006 0.926190374155488 36 24.3037041558533 0.612235378604338 42493917.2790521 2.87764741300001 419848031.449556
0 eager_200.dot 14754556884 2.56861861861862 1.62064689853312 14 250.112295597749 22.1215912035519 0.131452608 8731301.53839014 2.40521235521236 2.42827566356719 25 159.023484444483 3.54596500016029 5674952.4125 0.032944949 7362663.47609427
0 methylseq_15000.dot 22500260922 1.11579528172805 1.2767706954579 36 18.6698637925242 0.000499740907337573 114.365204451 713676508.256872 1.09814306471635 1.30846759866977 36 35.0475863798634 0.0831195195736525 506735875.757636 108.838151213 1284463170.44405
0 chipseq_20000.dot 32978181418 1.20544037340422 1.52551344191908 36 13.1942725800862 0.0315917364130545 14.8333348190001 4790703118.18933 1.26178902970204 1.6855193387986 36 45.3670930034638 0.176914824057069 1565921731.27312 158.123967678 9287596693.94881
0 methylseq_2000.dot 6273818718 1.35327819213361 1.31409328240882 36 18.3781316021038 0.12329034685884 1.382107741 38492396.6687034 1.14086504749155 1.3181028961714 36 56.574841488808 0.334256318637023 24815461.4605444 0.860657105 104956204.815955
0 methylseq_1000.dot 17027257018 1.57826544272327 2.01613331722456 36 13.9597518033478 0.107509597765999 0.517651318 79743112.8971294 1.15965449097979 1.97420596237047 36 115.768134970467 0.362741378908025 31578013.2079409 0.264596442 145040478.045263
0 eager_25000.dot 19100037384 1.21261350119461 1.0988530613537 36 23.6462144377984 0.148452063591114 151.779893864 836353518.001863 1.68892897806998 1.20239560734473 36 150.395227294802 0.285938750371098 304364109.031113 793.366012506009 2404065975.4564
0 chipseq_8000.dot 4605965334 1.13483792852915 0.41138434209598 36 2.15330681056657 0.403052666296675 4.266842379 266563122.81779 1.17018905532817 1.00115581093833 36 18.6650894536242 0.381556086618436 105353589.849543 15.860326751 927670251.559474
0 atacseq_2000.dot 2223941232 1.16054809428151 0.429509575121355 36 2.63497762930091 0.238183676493886 1.383067736 19029609.4608186 1.1445387219897 0.420715560947511 36 8.58527798756168 1.03131192114706 9230969.3212465 0.631045997 72698231.6252183
0 methylseq_200.dot 6273818718 2.1875 1.77200033084516 28 3.34526679833496 0.0320094932099002 0.077146946 3276079.00685355 1.52678571428571 2.04571339131269 36 285.533188834124 0.0989129664045649 2955613.4875 0.015221341 3709410.3803355
0 atacseq_8000.dot 11187378708 1.11735808448686 0.732730135058601 36 5.8059315507105 0.145214288928666 9.05987762600001 244163728.175882 1.14349168489862 1.09827853030432 36 25.073429962967 0.415983698496974 106364404.19771 12.696731794 697175118.897314
0 methylseq 8885797810 2.83333333333333 1.58815195539342 4 108.609450356988 108.609450356988 0.003332377 1026219.11226602 2.83333333333333 1.86438464734443 5 868.567165863511 868.567165863511 1402989.4375 0.000485412 1025773.30807044
0 methylseq_10000.dot 22500260922 1.13328506005578 1.27343518330467 36 18.1185847647054 7.27298541145859e-05 44.8669327069999 473948863.1151 1.08522774189042 1.29216353617294 36 31.6705653197967 0.0852849721588434 337991814.944446 33.5969856009999 842269587.991006
0 methylseq_1000.dot 6761426956 1.4201727545101 1.87999770178344 36 19.7420865777696 0.109208642944194 0.533500449 25781468.8617896 1.18037228278192 1.79726850627846 36 113.61068402699 0.594359655271261 15899619.9976222 0.259302093 62429991.5836227
0 chipseq_2000.dot 3793245764 1.10594554443447 0.368958516737024 36 2.11834487444839 0.365538019335872 0.895871762000001 56999846.0487586 1.14106338018522 0.577852946438485 36 12.4275365730281 0.666644920892838 23986336.4240901 0.834973705999999 180383460.204859
0 methylseq_25000.dot 22500260922 1.14329149806829 1.27706107650932 36 18.6480101819319 1.90907063083043e-05 370.941648482001 1187073771.34491 1.09793185957376 1.30149931323732 36 34.7051847650646 0.0868902987325729 844070744.69168 446.775302366001 2154742591.14582
0 chipseq_30000.dot 3793245764 1.11493787957246 0.343696872617485 36 1.61745644610681 0.353393789160321 32.267622862 885164891.085583 1.15885222471439 0.986852184206072 36 13.7735578799572 0.267452817326355 384160873.852735 483.160610360005 3175935350.87421
0 methylseq_1000.dot 8885797810 1.43195002231147 1.89545461122465 36 22.2148347473822 0.107369966576887 0.539799227 33376209.1755588 1.14021164021164 1.91529425086774 36 123.821311078965 0.461289002706504 21151641.2029563 0.25870226 96182252.2397242
0 eager 19132169434 2.5036036036036 2.61256281834012 8 157.340516399161 135.083411644463 0.037221787 8223710.44517918 2.66924066924067 2.62479193866937 9 373.544506928528 372.539838202458 5645708.725 0.00849322 8583211.92997646
0 methylseq_10000.dot 17027257018 1.53907118402916 1.96342840552208 36 19.8386906572115 0.110273809535903 34.3272754839999 799802537.492082 1.10742709782327 2.06268695116422 36 119.229639491188 0.369137487679354 325805865.47114 37.3840531309999 1675639781.86405
0 eager_200.dot 8330435694 2.23794508794509 1.88487108761086 14 108.392174550606 55.89031814542 0.138938555 5971027.5770218 2.43268983268983 2.63845068841485 26 283.614495534686 8.72121150979133 3178859.14583333 0.031465903 5383845.50102112
0 chipseq_10000.dot 4807293396 1.14956622064235 0.496349368508374 36 3.36304231661976 0.366777018060407 7.25070171 323662654.459526 1.21606674966638 0.932738318069305 36 23.0673790389349 0.546564435518506 111752662.518694 23.200548003 1069061182.70812
