algo_nr wf_name inp_size avg_spread_dyn cv_proc_load_dyn num_used_procs_dyn idle_to_work_dyn idle_to_work_30s_dyn dur_alg1 ms_1 avg_spread_stat cv_proc_load_stat num_used_procs_stat idle_to_work_stat idle_to_work_30s_stat ms_perc dur_alg2 ms_2
0 atacseq_30000.dot 14091675276 1.18186209613628 1.13563488236113 36 80.2678086590737 0.711202719199502 55.3174983039999 14311980453.425 1.71808609832829 2.10407219292964 36 646.834247196816 0.572868820901953 1115893423.05358 436.522667154003 50269666296.435
0 chipseq_15000.dot 41366257414 1.10683807879653 1.4101947649605 36 41.9704439518296 0.0610913417812509 15.585539369 24076130677.662 1.53151864308477 1.88391834304833 36 240.400846692408 0.166180281470133 2139415153.88143 78.8507466680002 59808648511.0966
0 methylseq_15000.dot 6761426956 1.22669352413148 1.805337882252 36 168.041534723389 2.0313128432026 120.816743415 2943479613.20809 1.1187616760075 1.82064021914368 36 546.917216904498 3.85259853947555 240634230.97596 119.301781232001 5964653361.98354
0 atacseq_15000.dot 3908761308 1.15011024636914 0.544715968694294 36 5.39632813339196 1.12407003456633 12.360903226 2245540315.63919 1.42464227034541 1.96687759472899 36 138.322217248654 0.322764929663373 194185974.404653 77.5573191539997 12293202020.7984
0 eager 19075314980 2.94594594594595 2.59700284820084 8 18.1466870567626 18.1466870567626 0.040513089 27218317.5268219 2.63063063063063 2.63934904649468 8 440.397859339044 440.397859339044 6180168.3584802 0.008860859 31708623.58057
0 eager_1000.dot 25705994498 1.9035111003861 1.93989101241664 36 644.375338803044 0.79043097936943 1.039050706 331404909.834358 2.37797363109863 2.30363543177561 36 2348.13415625982 1.07691232123202 23858063.4942464 0.450028673 708525588.103751
0 eager_20000.dot 8330435694 1.31006569588699 0.880010894922479 36 50.933169688832 2.09618757233546 97.1452931370003 3484928048.94824 2.59576975745613 1.80748464446413 36 2806.13807513042 0.586212574845082 172021962.903523 568.880852463002 10553722282.7957
0 eager_25000.dot 14754556884 1.22946285823894 1.34803117130077 36 62.6445918965933 0.508150915777157 92.2867551980002 4122171111.88502 2.54118788906023 1.60944225241969 36 2019.61528943836 0.399297414198374 434175491.82708 1040.47041940202 18194255228.8379
0 methylseq_1000.dot 110641579976 1.4175909989163 2.20550970785715 36 7015.07059739215 0.00392035840869078 0.496373022 2691853813.04462 1.18567922483585 2.20319657992729 36 1142.77933884479 0.0356851691476745 223531369.090594 0.244260381 3197123661.09914
0 chipseq_200.dot 5058052541 2.21130952380952 1.39252545944953 18 7.93086793380063 0.664134685440034 0.05915953 25849979.7846133 1.78422619047619 1.20977907085241 18 59.5389866191265 6.72270627770307 4502214.4625 0.011563203 61271561.5593217
0 atacseq_30000.dot 11809629756 1.14782918799261 1.13475926404787 36 67.9875409712853 0.540116856326425 53.6490874439998 7633434579.6848 1.30240863339449 1.81233353103842 36 191.843255268863 0.489502946799383 580339599.811779 348.841162551003 31098178873.9427
0 methylseq_1000.dot 6273818718 2.17661120673169 1.65647964209994 36 69.365825408744 1.79769962793008 0.543071237 117492721.615743 1.23589596481163 1.90849505357964 36 357.18600142011 1.76866220067529 11795977.1228345 0.228064718 325198865.358839
0 chipseq_4000.dot 41366257414 1.14529217506812 1.42942650872158 36 39.8474856057129 0.0588746338466447 1.940505903 6309736293.33035 1.40137901930354 1.86914705990679 36 138.295572800027 0.172993872863837 539530680.397978 2.88764107599999 15632443905.4953
0 atacseq_2000.dot 14091675276 1.15870737511453 1.20757269695541 36 74.1837968450912 0.715174739759484 0.794982429 963957443.290235 1.43430965820672 2.02814741056237 36 518.098413239599 1.21223530157438 57922650.2408176 0.715151912 2659505871.81156
0 atacseq_1000.dot 11809629756 1.43716005291005 1.40762515328017 36 42.5528275780036 0.810829759103807 0.453863343 196911290.744241 1.26356505531506 2.13026018323912 36 662.591864269824 0.807230598234525 14108926.123649 0.198341197 616151358.562138
0 methylseq_200.dot 17027257018 1.82771164021164 1.79701344487143 28 81.5166553353134 2.3141063836089 0.074722052 109269464.02862 1.66749338624339 2.82312385640214 36 5019.8361970445 3.22304012620455 6494049.08333333 0.01443733 176089387.388757
0 methylseq_30000.dot 110641579976 1.14818731725496 2.19501709752826 36 268.587945371409 0.000895050024377205 617.616543649996 76345846510.9675 1.10471596045829 2.19709280553513 36 323.578720913107 0.0245821987063736 6747785286.36064 637.237523176996 91888627948.5289
0 methylseq_8000.dot 110641579976 1.27615115115116 2.19524493359016 36 269.938556131819 0.00108512800517529 22.415597906 20455239573.0261 1.09446351113018 2.19721863770721 36 326.117611217855 0.025325116367607 1775549013.97529 18.6891118659999 24576238797.7242
0 methylseq_20000.dot 6761426956 1.18755359286574 1.80381442054429 36 287.485577247743 2.03018121188796 176.390973362 3920956245.13957 1.11752558166127 1.83421613911283 36 549.381679832547 3.77152734194638 313944899.476101 251.855227705 7949749189.85177
0 atacseq_8000.dot 3908761308 1.16970244953119 0.567366113644295 36 6.85929626673947 1.42297940995277 5.89105989600001 1146805833.94304 1.40821815041327 1.77115229491406 36 121.027621940884 0.54098244979259 105826006.608483 18.178493896 5735423373.50581
0 methylseq_8000.dot 17027257018 1.33861838028504 1.95643677281466 36 108.347525286892 1.59890141568835 23.3440687259999 4073885870.15847 1.18387037831483 2.41093632084341 36 909.838917323827 1.15740088420794 250032684.853948 22.906527618 10511214659.2812
0 atacseq_10000.dot 14091675276 1.18284384939085 1.12831070790838 36 83.2388327160457 0.706598211357634 5.837384242 4764833414.15466 1.54824014418741 2.08335490058197 36 481.699407126088 0.649846613728647 389275313.684128 22.676543436 16744774437.2807
0 atacseq_20000.dot 11809629756 1.14812631976291 1.12480435378632 36 54.6221927383194 0.564819654303208 52.749655936 5096162465.184 1.28536261779669 1.77395685272749 36 242.191491195142 0.596601443726781 382389711.789274 122.884443525001 19470106442.6405
0 atacseq_30000.dot 3908761308 1.14714310530569 0.492106131491697 36 5.2296498103665 1.05314559215363 34.543001219 4555918337.78789 1.43684474269648 1.97609815262397 36 138.438151216468 0.313050814567726 381002062.259481 445.209350927006 24596172401.521
0 eager_2000.dot 25705994498 1.52139326123283 1.01464086368284 36 562.258525161732 0.911606753806805 2.30178538 680636515.026149 2.35231677958951 1.8256529311257 36 3667.12692456143 0.58219666872239 56765648.0602599 1.87734791500001 1797243042.30473
0 eager_1000.dot 14754556884 2.07389544577045 2.04104801041912 36 432.717186182901 0.439435301917493 1.176014861 178381219.900717 2.41709042646543 2.12856746568443 36 1860.40048996171 0.540247802938541 15751034.608569 0.460482666 412194824.62652
0 atacseq_30000.dot 11187378708 1.14972524273446 1.1068229306944 36 49.9502107599395 0.558919728419882 60.6974534260001 7396878417.8088 1.27864490013791 1.78707084738257 36 167.069035857635 0.493722303566131 634201540.27216 333.866714264004 28683944475.1301
0 methylseq_10000.dot 8885797810 1.22739413225607 1.82382793690094 36 302.970921401007 2.04050133059792 38.0785497440002 2572277301.90797 1.09749772925045 2.21158474763509 36 615.231581146996 1.71488852740394 200149317.964163 39.4836853289997 5837791609.76413
0 atacseq_4000.dot 11809629756 1.15860686788275 1.18566974239349 36 56.7091114882084 0.596984197971763 3.088853173 977973908.624521 1.2317597571274 1.82468801527216 36 305.913231052288 0.66929304270009 77830111.2694954 2.721549664 3301261717.97568
0 atacseq_1000.dot 14091675276 1.20618189218189 1.37390005414196 36 86.5833633206761 0.68589343237248 0.360472443 483198529.638179 1.38714947089947 2.05235816828769 36 488.66445402336 1.2933360649359 31235465.7601737 0.185698279 1380185114.77414
0 methylseq_4000.dot 6273818718 1.24940416607083 1.68449968783395 36 128.91772326238 2.00523826389235 4.67855998000001 467685530.091612 1.12286492842048 1.74608801703147 36 377.172191248235 0.765817421206034 51293822.1611621 3.937603011 1517090591.37298
0 chipseq_1000.dot 4605965334 1.56939241314241 1.13858302622248 36 35.5673273451487 1.18482256457889 0.523679458 227729287.716445 1.86378205128205 2.08005546247899 36 263.992318111001 2.0673716357171 17451141.662693 0.253180750000001 651938293.765505
0 atacseq_200.dot 11809629756 1.65861111111111 1.38507929625427 17 14.2662820478128 0.659346577478398 0.065396497 6620611.83008642 1.44736111111111 1.63215272940069 27 13.7363765854254 0.527801103552335 2969685.31121578 0.011942781 5737957.96619551
0 eager_8000.dot 19075314980 1.35469166495997 1.30211798594613 36 192.863325880456 0.373347571197549 18.40817378 1866304941.39467 2.52102024102025 2.03051218389742 36 5426.73320652019 0.301870043246081 129118067.68331 49.1993487830006 6356616530.7397
0 methylseq_10000.dot 110641579976 1.13202900207703 2.19520215433196 36 269.796015117014 0.00107935607590593 46.440496405 25552942323.8361 1.10357317530189 2.19682033953073 36 323.941247095011 0.0262743264870166 2218902341.24419 33.4900565849999 30888737120.6635
0 methylseq_2000.dot 22500260922 1.46448492382227 1.37077204360723 36 56.2283293613626 0.0588563984902282 1.249592759 299363383.115321 1.17917702556257 1.54458053115047 36 202.315388989313 0.169861551250442 73457550.0101193 0.891518006000002 1040951074.38035
0 chipseq_200.dot 32978181418 1.62011054421769 1.27761094457399 16 55.7044409379139 0.373511867183544 0.051688313 289937656.433206 1.84970238095238 1.55521806047176 18 179.519371186741 0.933499109415193 24701429.1458333 0.010518775 701021378.837969
0 chipseq_2000.dot 4605965334 1.18624183042696 0.918313300856111 36 24.7382903598309 1.86201358377194 0.921089322 531657809.26188 1.88168701024714 2.08055126058003 36 636.59658525643 0.673085145860186 33785017.1341508 1.036011334 1714616503.47557
0 methylseq_30000.dot 8885797810 1.2288830876266 1.82105491180128 36 218.529984171804 2.05844044247735 672.140024722998 7754794104.8065 1.13990305116758 2.40778875627389 36 710.562091869109 1.49790146242061 608539700.328229 755.472272645999 19020303324.5675
0 eager_20000.dot 19075314980 1.31624312255739 1.28131177354574 36 122.237266882302 0.418938145902654 71.3172198400002 4605651396.48004 2.53127150849042 2.00432545593286 36 1938.88082110761 0.324516972197201 344936020.227932 568.234523341997 17311454599.3387
0 atacseq_8000.dot 11809629756 1.18649071626206 1.17786264225586 36 57.3301739412322 0.548933100655321 11.347829238 2047628898.91289 1.22851208637795 1.76333055364562 36 272.880697741492 0.639540716371234 148213173.638321 12.3437406939999 7111291099.87143
0 eager_30000.dot 19100037384 1.23675320680264 1.27430952786485 36 111.040349783496 0.412319992534008 151.395129110997 6830273069.64378 2.60273385814734 1.99460059430382 36 2645.34344524494 0.326401462517769 500922587.03617 1751.70047237505 25343798617.0248
0 chipseq_200.dot 4807293396 2.40476190476191 1.24651210774004 15 4.89155093468845 0.896569552673474 0.059666874 23918184.1805286 1.83333333333333 1.29907798932958 20 70.3628775112542 5.61558639852034 3661916.94791667 0.011286831 57989116.437434
0 chipseq_200.dot 3793245764 2.24107142857143 1.42539326209549 14 2.20526926609563 2.20526926609563 0.066318982 5910210.21829863 2.38839285714286 1.67034536630565 18 10.7680066260482 1.94350626817163 5364183.59448032 0.012966544 28457482.1802732
0 eager_8000.dot 19132169434 1.34593338847208 1.30679844467104 36 156.956424769599 0.389765317078825 19.294374238 1884786862.79152 2.53514804848139 2.03554038790018 36 4307.75489728113 0.308081525815009 131005044.500964 50.2254221959997 6430254265.8336
0 atacseq_10000.dot 11187378708 1.14762021006062 1.12426318491589 36 49.7972919760609 0.581183426215316 12.750154113 2466596308.5432 1.20776712798198 1.6452235090683 36 165.35225675033 0.707243992631703 195817113.119514 19.4066023550001 8628646236.52753
0 chipseq_20000.dot 4807293396 1.18437317923001 0.940687010174692 36 33.3841729597314 0.817720146316339 23.761026327 5457525680.379 1.67806230325788 2.08929704772501 36 313.49699586528 0.416128934562455 278580572.528724 162.417093337001 24866189667.7909
0 chipseq_10000.dot 5058052541 1.22696087851163 0.887740968846601 36 26.3347692163763 1.55076428300234 6.84340133600001 2977321331.48107 1.8360708318415 2.0409076438631 36 308.072408005154 0.696364903773647 185231684.866533 35.5750699160002 12092486406.8425
0 atacseq_4000.dot 11187378708 1.16688466761996 1.16860152150825 36 44.5132496362788 0.52257913858164 2.854048216 966410204.044321 1.2140558266171 1.76454063409065 36 252.502190140737 0.747182316832163 86627966.0328363 2.644276131 3107027538.55262
0 chipseq_4000.dot 32978181418 1.22755565974905 1.76873729172694 36 42.4051776964013 0.0934269697212692 1.734553993 7114798863.06894 1.84845294249775 2.19884165218844 36 1608.00619950109 0.251869307807972 389530700.24297 3.607065745 16498656822.5141
0 eager_4000.dot 19075314980 1.48577474815403 1.34994272270932 36 473.886556636892 0.354010447119311 7.01070150099999 920896180.065431 2.48337559307708 2.06312134866334 36 3002.28023809429 0.323283747099872 66989052.8076518 8.80052775200003 3060955548.50319
0 methylseq_4000.dot 17027257018 1.41818802929914 1.95495722049424 36 111.670244664599 1.6131343064556 5.44260209500001 2054378682.59813 1.10976849865738 2.50268447108953 36 859.911566367274 1.38430571809932 123665446.770824 4.098807426 5064141591.96514
0 chipseq_1000.dot 41366257414 1.14743509695433 1.40003829799243 36 27.8626112282608 0.0574083678191867 0.335826871 1500287140.05967 1.44347145909646 1.8314349411839 36 140.887176868488 0.180005396452472 123460057.449275 0.153574948 3458787120.4767
0 atacseq_10000.dot 3908761308 1.16393267924461 0.569454367574458 36 6.33785426684986 1.14685228382413 7.34684799499999 1473581099.73042 1.42338996814094 1.87559362936183 36 128.908095256945 0.429374479224382 127517289.750925 29.2519372279999 7308252392.01677
0 eager_1000.dot 19100037384 1.8869680994681 1.59174676464859 36 868.094272522816 0.411792926431403 1.117267015 255492448.206322 2.43344192406692 2.26842107143778 36 1717.49077426163 0.47149687556137 16928470.3426701 0.460178163 545551410.014247
0 eager_25000.dot 25705994498 1.2475630866679 1.05496321219119 36 207.023385667239 1.2926017031499 230.734502421002 8961184128.71668 2.56222057924185 1.68557243574119 36 4326.24004579035 0.45859655332461 644015039.91234 1035.796814052 25889156020.1731
0 chipseq_25000.dot 41366257414 1.07131024839357 1.40972782798677 36 43.8942972268683 0.062661497129349 33.5277223489999 40609379302.5293 1.53882007007008 1.87619635452145 36 237.665905751447 0.164576321091943 3583368097.52795 311.520852669004 99958887580.3356
0 methylseq_15000.dot 11897958606 1.19281456911561 1.95676588634656 36 87.9828922493179 1.33748653652928 104.171586177 5425020692.73015 1.10046238048643 2.08010415636967 36 602.176032337414 2.28082601611039 409465861.881423 111.822010453 11012681333.3104
0 atacseq_30000.dot 2223941232 1.15689595589845 0.417742368815885 36 4.24243558536149 0.849367892828418 53.6756342060002 2778832941.21288 1.33753152009816 1.56778687519129 36 46.9547307401223 0.256623982831878 225325763.118354 356.168808450003 16988409296.9554
0 methylseq_1000.dot 11897958606 1.32496653279786 2.01385128028492 36 91.2291775943316 1.34717873272091 0.519059986 363685848.534241 1.21731369924141 2.0817708759097 36 635.799838498213 2.62509729587881 25625449.5625 0.251135292 692372885.086189
0 atacseq_2000.dot 3908761308 1.27375345696424 0.883275322338684 36 27.4243595135565 2.22495244658026 1.215782456 264642314.941887 1.393052313518 1.50040681120085 36 185.749016847528 3.93017362384937 21723908.7823754 0.91889894 835226850.205721
0 methylseq 11897958606 2.83333333333333 1.58733757259425 4 933.988157933272 933.988157933272 0.003190149 1840539.79031881 2.66666666666667 2.06896472368518 6 2157.08006567623 2157.08006567623 1840539.7875 0.000483785 1840539.79577557
0 chipseq_25000.dot 5058052541 1.21168298772465 0.868423972455162 36 25.1979440261238 1.51176067824482 27.2409113119999 7608501476.83888 1.91392657538493 2.13371085759764 36 387.904482525079 0.340597933788684 446073776.29768 368.947097566003 35113064784.5116
0 methylseq_15000.dot 110641579976 1.14923367265243 2.19502767392837 36 268.421661973476 0.000903603117844949 123.510568954 38220983311.4001 1.09718674410431 2.19692879197514 36 323.850844559654 0.0256016017988294 3367607266.20529 99.628410001 46189609813.236
0 methylseq_15000.dot 17027257018 1.38196165397927 1.94904123948476 36 111.655827353874 1.60547936652554 107.918770053 7667494812.31198 1.14547405119866 2.37372258335257 36 886.075674841804 1.40632633834228 476100078.931998 112.371565181999 19730769018.5857
0 eager 14754556884 2.56981981981982 2.63170237580409 8 398.589233754615 398.589233754615 0.037400591 10456938.7931481 2.63063063063063 2.62597207134783 8 401.411673902289 401.411673902289 6385053.99772278 0.008936943 16424406.8759447
0 chipseq_2000.dot 32978181418 1.25366537470968 1.78574261878938 36 43.2815544202779 0.0893900461154134 0.743212613 3518445720.25853 1.71542533152502 2.18662060479246 36 1291.15250236052 0.27790654676099 190436990.405138 0.749363797999998 8218638973.12861
0 eager_2000.dot 19100037384 1.68882377518741 1.38741925868989 36 923.135075356822 0.326668497265961 2.64277232000001 467599594.512076 2.39454265363357 2.10745838161498 36 3049.82173792367 0.426831373422659 34904629.9638141 1.92414355699999 1327246546.49942
0 atacseq_20000.dot 14091675276 1.18558738497128 1.13116567827568 36 80.0491369419108 0.71587482353721 22.5745614509999 9518282133.18323 1.68428723737562 2.09818248204034 36 607.662295157348 0.621318090860183 746105876.551054 147.642997548001 33741760088.2721
0 atacseq_20000.dot 2223941232 1.16621710187023 0.397383289923342 36 4.92078573177373 0.950377190666518 30.115213637 1826690114.84301 1.33659346883224 1.49741407895839 36 41.4871821835334 0.324913249970398 146800402.173353 127.628982007002 10791015224.867
0 chipseq_2000.dot 5058052541 1.23135619654607 1.11277397995092 36 54.4466854361945 2.80903508503448 0.927426638 571256429.009912 1.7947087854129 2.10282929024711 36 254.748154372158 0.906587571502763 30741257.8683771 0.976081954000001 1844801646.4987
0 methylseq_20000.dot 11897958606 1.20157348653749 1.95789882240358 36 99.03358722107 1.33455177520021 217.54559531 7221489367.80303 1.12741048800476 2.14638349590374 36 620.267363863617 2.28011056452046 551632695.814077 251.576871023001 14899156910.7735
0 atacseq_25000.dot 14091675276 1.18723667477717 1.13641050334766 36 81.3620020454915 0.70875786536405 39.9382332109999 11909658182.0349 1.69181160563973 2.10019202985951 36 645.04674673618 0.576451087132999 932754875.702298 267.621059056 41732428414.805
0 atacseq_4000.dot 14091675276 1.16596600180438 1.16755429651425 36 95.1720526052307 0.754852899994991 1.965185619 1950318432.09 1.3717249526073 2.09449348560793 36 382.579409278882 0.631441262611269 122679364.811303 2.564486274 6289778673.10444
0 eager_200.dot 25705994498 2.91196911196911 1.8307045639899 13 26.6128537818157 19.038968373471 0.121974837 25609798.8368066 2.5029601029601 2.23082006523737 18 805.374957194127 375.348726018595 8362390.95724123 0.029925992 84331268.6215813
0 chipseq_15000.dot 4605965334 1.17905241843575 0.78279731092132 36 21.1126449564306 1.19783651156294 12.665319366 4474089176.93742 1.95010409213769 2.10678018858585 36 339.315787326863 0.37045067909663 321717574.980041 98.1157162859997 18513745763.5031
0 atacseq_15000.dot 14091675276 1.18528445253514 1.14155254995301 36 86.3572128796461 0.708201251701769 12.3642185220001 7138859115.73085 1.63785111192338 2.09127017955786 36 563.428035799234 0.639518503699089 552290447.712588 68.4659248699999 24961443299.8741
0 methylseq_200.dot 110641579976 1.70411706349206 1.93416857817094 28 2150.93334801944 0.0344942639242095 0.070101409 573660740.38107 1.49280753968254 2.26201647858049 36 65155.1651967129 0.0519959203714455 49318276.7957298 0.015137951 622999890.223498
0 methylseq 6273818718 2.83333333333333 1.58134638827232 4 73.6626302603698 73.6626302603698 0.003149365 991875.366416112 2.83333333333333 1.83781418135881 5 966.21430532846 966.21430532846 991875.3625 0.000479024 991875.375235142
0 atacseq_15000.dot 11187378708 1.16579105089703 1.12510949923213 36 47.0341238126695 0.621861557402174 24.4630326690001 3614653305.43468 1.21001496574412 1.5935131582192 36 197.946201043093 0.74846736486396 307705421.955758 54.617629537 12522584720.1056
0 eager 25705994498 2.94594594594595 2.64061715361216 8 0.00839121598407713 0.00839121598407713 0.037804424 26571038.0243425 2.65765765765766 2.64137137587757 8 3114.07567779587 3114.07567779587 8004106.34485963 0.008691157 84674493.8723857
0 methylseq_4000.dot 8885797810 1.2243155854267 1.83392436933105 36 218.466535244513 2.01873217310287 5.03386134099999 1025067941.94303 1.10087071198182 2.4037605123794 36 653.912797884601 1.36302045097955 80083218.6841476 4.10487761499998 2510616996.75977
0 methylseq_20000.dot 110641579976 1.19453654477668 2.19515368217907 36 269.529886489156 0.000910548662714046 238.043444818 50935635394.2049 1.09033216461191 2.19683491908481 36 322.110372385406 0.0250590137666369 4511998355.12115 207.783831950001 61441382276.672
0 chipseq_2000.dot 41366257414 1.19651656360517 1.424711441282 36 54.7466263460028 0.0600189766903678 0.803839786999999 3143190325.69679 1.37712854128994 1.84777853489602 36 118.082374953113 0.181998787405372 256371281.994416 0.636381010999998 7428727028.4715
0 chipseq_15000.dot 32978181418 1.21971746950878 1.78534246749879 36 38.6615796143608 0.0923312151935159 11.555695325 28085445765.3734 1.92848075164957 2.18952116015126 36 1369.48563854867 0.252979979778401 1541757322.78536 82.8059819600002 64458326810.1758
0 chipseq_8000.dot 5058052541 1.22167096226658 0.950602056397166 36 26.6801727588054 1.63733587848556 5.32146249799998 2415347747.1091 1.79064505896403 1.99200488112862 36 296.837133145773 0.825330687189631 147277756.540166 21.359920226 9107239893.357
0 methylseq_8000.dot 8885797810 1.19064302397635 1.82035312878949 36 298.725958913833 2.03108341516939 21.608418084 2049695751.88575 1.09633840189396 2.33190290620495 36 675.688279579707 1.17019094215629 159558382.343009 22.72965441 5181653275.49449
0 chipseq_8000.dot 41366257414 1.1048505602287 1.42296103297901 36 55.1331568644156 0.0671764821309288 5.60859321399998 13077944776.9349 1.47871502191644 1.87817798204249 36 168.056821880305 0.165008615124042 1074891574.44511 14.781500111 31267258965.5969
0 methylseq_8000.dot 6273818718 1.20746341579675 1.68911862269517 36 131.390818992984 2.05384435527102 18.676861713 952135083.415165 1.09684287462065 1.68430843639386 36 410.015920913217 1.05666839355437 99827984.6371036 18.789436812 3240316905.7079
0 eager_15000.dot 19100037384 1.30063578464583 1.29845151435783 36 126.231616355106 0.389864022598038 53.1112193829999 3478872902.06587 2.55391788462653 2.01746331342101 36 2321.1540418647 0.324865652351501 255634031.488633 281.587927036001 12911882644.0257
0 chipseq_30000.dot 4807293396 1.17010392217596 0.873312834809064 36 27.2987923358853 0.921554486370452 44.1977320030002 8152840539.40838 1.74083516566838 2.12494119957917 36 337.324756342506 0.331239916872215 429081796.485244 503.894931361007 39762841092.7496
0 methylseq_30000.dot 6761426956 1.22916256449671 1.80307392380265 36 209.808137735099 2.03606254265102 729.329811806 5892904801.84548 1.16515812674278 1.81459408097426 36 556.842384955849 4.00021739381206 466005244.59207 717.419412549007 11902138841.3758
0 chipseq_1000.dot 32978181418 1.28722893025778 1.96430270245696 36 149.965848197195 0.0938583221648713 0.319557664 1683348804.35426 1.7454594017094 2.18101866685232 36 1402.90277302775 0.33632320399219 87054348.3402194 0.189007004 3781495149.67436
0 chipseq_30000.dot 4605965334 1.11977151375869 0.709815685459095 36 17.0235293428126 1.15110993190354 27.4640590419999 9503591119.88625 2.01067667997141 2.11158461599684 36 363.851124204351 0.353578659839138 614198769.473049 594.766695786001 37317321261.5135
0 methylseq_10000.dot 6273818718 1.24820245558541 1.68750990487229 36 127.80327074591 2.0572381767232 32.6489754499999 1187088366.7121 1.09954457973668 1.48883840006078 36 376.390874011658 1.6694030162351 128926471.579195 33.6113755360002 3514273289.37517
0 methylseq_25000.dot 6761426956 1.22504997625019 1.80276962269731 36 169.003936359356 2.03482030236356 448.472167405002 4910720163.41158 1.18696007234177 1.81618426730005 36 547.587222011416 3.95462457896917 394021829.584874 444.363415863999 9974398888.324
0 chipseq_10000.dot 4605965334 1.16214416848816 0.807133087323561 36 21.8669657808757 1.47265015147839 5.78608692700001 2790782053.50157 1.9407913384652 2.11684996401212 36 378.610321290207 0.362028820656834 197727415.974412 34.877672963 12427666406.5947
0 methylseq 22500260922 2.83333333333333 1.62224228866899 4 1491.84901267155 1491.84901267155 0.003405733 3882027.97945102 2.66666666666667 2.10924442510907 6 2786.9242259895 2786.9242259895 2897379.09375 0.000493626 3882027.98397048
0 methylseq 110641579976 2.83333333333333 1.71974467181194 4 15869.8658686348 15869.8658686348 0.003147296 204408679.401105 2.83333333333333 1.98668359578694 5 223677.815690494 223677.815690494 15084215.225 0.000472587 204408680.155765
0 eager_25000.dot 8330435694 1.29642414597617 1.01510729999162 36 62.2268526049854 2.17568015582451 195.457323934001 4490618218.16402 2.6101788580512 1.76352557906942 36 2009.31935155828 0.618689600117288 216630311.341796 1107.376479445 13149887981.2815
0 chipseq_20000.dot 41366257414 1.11604094565216 1.41140905183541 36 26.2131665200107 0.0595924493793919 21.9418385549999 32100384139.93 1.54212770698221 1.86348333945822 36 199.883404308983 0.168056611566882 2878082108.29617 165.396670889 79898919048.6913
0 chipseq_20000.dot 5058052541 1.21911161429308 0.909143524560573 36 24.9150645875758 1.7448936339638 18.7147806300001 5883047595.77837 1.89622817211992 2.09405761303054 36 343.710352929911 0.417577147069564 370933183.326711 198.570361791001 26498765212.822
0 chipseq_8000.dot 32978181418 1.21834146456992 1.78912278908594 36 36.4985622425809 0.0865845783528916 4.61991636699999 14721719666.8169 1.90294493581131 2.19371150929046 36 1427.41781315903 0.256973457558054 795291561.986174 16.9433880480001 34055664352.1836
0 atacseq_25000.dot 11187378708 1.15056935477546 1.1151809922215 36 49.2397742218918 0.5687222392749 47.1663269410001 6129767104.53355 1.26169414461405 1.78745120790181 36 179.791278633572 0.59583487982392 546079245.769107 205.838963381999 24054892250.6453
0 atacseq_25000.dot 3908761308 1.15178785966297 0.559911996046417 36 5.40987293446351 1.02511366527433 27.8083313230001 3796994880.35635 1.44199087732289 1.94201830946186 36 117.528850894662 0.321751646870641 317994710.623511 275.791596570002 20450815228.122
0 chipseq_4000.dot 5058052541 1.23176888625002 1.03500061713582 36 36.0990811524127 2.04993998703755 2.171972587 1193694035.90973 1.78611672656484 2.05997199650889 36 414.015631272667 0.836911610589859 65049837.6197958 4.32099250400003 4412842201.02627
0 eager 8330435694 2.67927927927928 2.62459382318979 8 272.681448463276 272.681448463276 0.040306226 3760085.23116141 2.7027027027027 2.61500134589953 8 95.8341571565239 95.8341571565239 3387619.98513362 0.009330341 5948482.32500428
0 eager_15000.dot 14754556884 1.28067571647205 1.38479253718511 36 82.3073941715758 0.55097125651119 42.915479862 2543231323.59654 2.47000320740477 1.69040796621046 36 2004.60827487786 0.38770471720195 251475768.659375 276.290468748 10827881884.563
0 chipseq_15000.dot 4807293396 1.16329904270742 0.965179292280568 36 30.506583363624 0.933340107786153 13.8358007670001 4016804403.16946 1.65053769269126 2.03703478502239 36 272.313159488563 0.543069907437008 206640815.100139 80.0205304260003 17434626257.7905
0 eager_4000.dot 25705994498 1.33585906315448 0.996767827170976 36 266.652345551101 0.995038667775265 7.25774364099999 1418047104.86622 2.41466797287693 1.79279038853689 36 4773.56915996859 0.477540150675619 96769150.7652121 8.65107510400001 3773450938.20577
0 eager_8000.dot 19100037384 1.35341302349558 1.32861238497574 36 227.522454394644 0.385946777680667 21.553360413 1931765880.336 2.51040837374172 2.04550803812525 36 4231.69778238583 0.309361801436028 130280408.014335 48.7466877829995 6425415019.1757
0 methylseq_4000.dot 110641579976 1.11971098082209 2.19565693742359 36 272.702011880653 0.00180299538622459 7.43794963600001 10327965398.9986 1.11733558955781 2.19805154511532 36 333.998432873222 0.0256011516581932 893352673.955623 3.62438224300001 12288239650.0019
0 atacseq_200.dot 14091675276 1.51944444444444 1.45815471469656 18 22.3060265756075 1.91672696935766 0.058631526 43513221.727341 1.94444444444444 1.69170436925009 22 47.484284562938 4.94954519187423 6889764.87154826 0.012901891 55032309.6060067
0 chipseq_25000.dot 32978181418 1.2270992270992 1.77435210360172 36 37.1873676409174 0.0909549868421343 29.0266229180002 45362099409.7611 1.94618130034798 2.18154737217073 36 1366.29392878905 0.243841635909847 2601506108.10308 320.511884864001 106882680680.005
0 eager_10000.dot 19100037384 1.31134474423809 1.30181964218873 36 163.759411328002 0.356200072972938 25.423841021 2322757479.44581 2.55950553258247 2.04335673901132 36 3554.76565667062 0.31307340000943 171415424.575376 91.0405400280001 8223509665.81563
0 methylseq_30000.dot 11897958606 1.23112737158356 1.95677527486081 36 89.589447504021 1.33453387192258 760.479804547001 10831962457.6419 1.14665707552865 2.04642710116835 36 629.346519377595 2.88815614607516 791992425.897101 753.66730270101 21864653348.1665
0 atacseq_25000.dot 11809629756 1.14449291745793 1.13774935919578 36 60.1431986243388 0.541172184561517 41.2752311030003 6363653374.1303 1.28167902915949 1.78986930053745 36 210.305377513683 0.523438075129684 489584092.509456 207.949603500999 25173091390.4359
0 eager_30000.dot 19075314980 1.24026524868437 1.26028215684244 36 113.693317856041 0.411655068955948 156.936744223999 6830000916.68018 2.61322893606367 1.97304763810374 36 2417.44776566958 0.319990444972883 492492810.245471 1824.323561524 25212342548.3598
0 methylseq_25000.dot 11897958606 1.1878370380531 1.95794009556716 36 87.5390660743038 1.33546950119415 348.065339298001 9034579552.43069 1.13531879386419 2.19908595843661 36 651.479730441775 2.79499708762084 670445827.949168 472.142227889001 18616024128.1476
0 eager_15000.dot 19132169434 1.24870910932077 1.28600525836437 36 139.880123697585 0.395706074081836 55.3611341370004 3460588474.14953 2.57793308698819 2.01203627533229 36 4042.86484361553 0.328017753377114 246542609.372367 275.909314343004 12582427960.0017
0 methylseq_30000.dot 22500260922 1.22996976568404 1.38052563952182 36 59.6203762671401 0.0571514112033605 601.615749622999 4494837519.66283 1.12728636428119 1.50386514385496 36 219.715433685128 0.180271349800823 1137262268.57124 609.157827340008 16569256468.1123
0 atacseq_2000.dot 11187378708 1.24850480401951 1.29749168416875 36 89.0948237344244 0.697275418099463 1.412384368 470945328.372519 1.22481714001322 1.75087995445484 36 236.934829040882 0.756091421253921 45852881.559864 0.676874514000001 1362260684.86207
0 methylseq_10000.dot 11897958606 1.23326473446521 1.96045848933429 36 99.5928939546644 1.33421285109829 46.5560052030001 3610800176.2599 1.11100948315836 2.13429270014844 36 621.788273192489 2.33709886355164 262267269.039256 37.575200036 7401715719.03788
0 chipseq_25000.dot 4605965334 1.13609950589116 0.818109972096173 36 21.5711695076615 1.13490589136142 29.312667971 7374257307.97691 2.00841987821156 2.10802507758073 36 399.31961058439 0.356656729921547 493134158.322753 367.504056908999 31043884683.4553
0 methylseq_30000.dot 6273818718 1.22619100550274 1.70526140474142 36 133.526499867787 2.14556965483715 475.168680277002 3624750161.40566 1.13009224853965 1.65045772507774 36 428.355515018658 1.52633731927656 384737543.236634 653.857463537003 11691999943.1956
0 eager_30000.dot 8330435694 1.24558075381304 1.07792980809593 36 108.081449107492 1.92486478752141 219.150407384999 5372723831.97145 2.62906265632653 1.79413665785937 36 1695.61591306167 0.600637830018382 265854444.215018 1804.54501357601 15943043121.2081
0 chipseq_200.dot 4605965334 2.47321428571429 1.50094791295843 14 0.0560545271183562 0.0560545271183562 0.065981276 5775292.19842536 2.37946428571429 1.85787914596538 18 5.45962317417519 2.80223076798484 5156549.85416667 0.012700353 50851982.7333333
0 methylseq_15000.dot 6273818718 1.26461486649638 1.68958709373773 36 127.90951463798 2.08529639974571 82.1679060659998 1794191065.32059 1.10570784670067 1.724694447101 36 436.439807960241 1.90567478747476 189824318.238727 106.517496302001 6115477590.93161
0 methylseq_2000.dot 11897958606 1.23068464333525 1.99081834972305 36 93.6050240986002 1.34706292980603 1.388875312 726356916.299729 1.1589532734111 2.14071939163247 36 663.532275756329 2.36160578895542 51240539.2124998 1.042783598 1448837732.71432
0 atacseq_200.dot 3908761308 1.85138888888889 1.7815469524589 16 2.02185165784776 1.48590920983981 0.074709297 6126566.71068214 1.53083333333333 1.11367302891606 21 3.40859817404248 0.408524304285459 2567367.37453712 0.013157313 3865635.64063936
0 eager_8000.dot 8330435694 1.36094756672671 1.09334642561494 36 214.984906469546 2.42372213654409 22.6304734099999 1400504941.88033 2.5320241553575 1.9032913675478 36 7749.46973615563 0.630177874870129 73630328.7486726 54.4131819919998 3913096984.03353
0 atacseq_200.dot 2223941232 1.63972222222222 1.73981762491024 16 4.98766325478103 4.43328371520278 0.075564504 4211941.41524038 1.42460317460317 1.13568612853239 25 4.12292542492599 0.33570030403195 1591901.05744462 0.012626054 2581592.84724649
0 chipseq_2000.dot 4807293396 1.27612182121676 0.984390100161548 36 165.334237237289 1.50650160203549 1.082324198 480885876.079378 1.67905176311031 2.10405550908395 36 1072.3730795259 0.783518116984757 24489510.5510955 0.911092157000002 1738629289.8513
0 eager_20000.dot 19100037384 1.2865117113542 1.28681991015952 36 133.858474370573 0.384495581642377 89.1176218889996 4573912330.82992 2.52930266199495 1.98201942742041 36 1647.28338310767 0.320988546994242 340893859.85689 528.247381995001 17009163861.0714
0 eager_10000.dot 19075314980 1.2744605331549 1.28962529961291 36 171.999810801641 0.367875409601996 26.0182405969999 2374079101.42887 2.54688391996086 2.02680763760694 36 3423.20447508205 0.310396392140236 168249477.005396 88.5214822080005 8250468280.22535
0 methylseq_25000.dot 6273818718 1.2415351535611 1.69960904093466 36 130.00392995172 2.12197234774404 290.828820476 3008964017.26566 1.12177186445073 1.78497306043081 36 444.425408055108 1.76639203065595 316053906.480738 407.798234498003 10068390472.317
0 eager_10000.dot 8330435694 1.35482694682136 0.999344267057492 36 189.208334003115 1.94382695285273 33.8135443300001 1750402541.89736 2.53654354068556 1.85656750366157 36 4149.72323615376 0.664186782135095 93023406.5840277 102.416816654 5290445426.56981
0 methylseq_200.dot 8885797810 2.18601190476191 1.82571214919603 28 49.1607271410735 1.84575445601995 0.079204548 38656815.1914545 1.55737433862434 2.87945207744368 36 4575.23146218951 1.80283923024315 4188096.6625 0.014343096 54485844.4739809
0 chipseq 32978181418 2.5 1.32816245041149 4 16.1849761153658 16.1849761153658 0.006253782 95786576.2839986 1.97916666666667 1.99355670671337 5 427.912413437369 427.912413437369 12821832.7291667 0.001018926 219154313.335599
0 methylseq_2000.dot 6761426956 2.14036303945942 1.8789388847658 36 122.824105992903 1.92850043928385 1.978435303 383077765.249974 1.15614043475489 1.82310782887432 36 552.450753617673 3.75723774300791 29954341.9280355 1.039519371 747307718.793558
0 atacseq_20000.dot 3908761308 1.14809818492032 0.556770218402644 36 5.49369517371302 1.19672074813445 18.571328945 2968012918.19123 1.41448009455823 1.91045147035641 36 113.910247671053 0.334198885886529 265511274.010512 151.497186003002 16319930352.1137
0 atacseq_1000.dot 11187378708 1.46607828282828 1.3043820710504 36 47.660460989628 0.729983713358098 0.462703993 203470998.256689 1.26214045214045 2.06032311983385 36 303.264600023609 0.98083620066258 15310652.0698836 0.190587935 592644310.803974
0 eager 19100037384 2.94594594594595 2.59534724750512 8 17.4731467966981 17.4731467966981 0.040363727 27298619.2046763 2.63063063063063 2.63916175217598 8 428.01770967331 428.01770967331 6188239.19062296 0.008893407 31544608.88934
0 chipseq_10000.dot 32978181418 1.2436205841986 1.76080533015956 36 33.9094912891329 0.0929299649767854 6.04535465 18051323918.1335 1.88688797887575 2.19129870467477 36 1226.64977544195 0.255001434714866 1013373192.32387 29.396990515 42494246186.7038
0 methylseq_2000.dot 110641579976 1.1823882832919 2.20017232391595 36 314.384387945771 0.00206342922130751 1.589424303 5215133840.40679 1.13998055714923 2.20016149474956 36 368.590958131821 0.026289634587929 457458521.494194 0.869317283999998 6135555525.27248
0 chipseq_8000.dot 3793245764 1.13815348053201 0.624258995623571 36 7.90536446760046 2.31166345656101 4.154703057 1815100250.56046 1.84732096208389 2.0847489713973 36 236.845959937081 0.343476988293475 164237819.874528 20.372494165 8827156641.77906
0 eager_25000.dot 19132169434 1.23055068013896 1.27483417121978 36 108.775383434631 0.392128061884766 112.658382360999 5757725291.11717 2.57480770353111 1.95980737781564 36 1885.26911072776 0.330648920485268 406749120.782989 1036.27520045899 20916987451.6528
0 eager_4000.dot 19132169434 1.51235153531027 1.3191144930593 36 354.861658700871 0.347169423379981 6.972501463 904601380.573176 2.47251964117635 2.0564503741228 36 3642.45152466906 0.340307292779076 66188951.0577478 8.89791762699999 3061814765.80515
0 chipseq_1000.dot 4807293396 1.35214438339438 1.02356404781948 36 81.3167991540666 1.92356959013592 0.44328743 213994327.123646 1.68685134310134 2.22707005651655 36 309.448399872211 4.01451515429547 12784860.7284455 0.226362881 700021976.8704
0 eager_15000.dot 19075314980 1.31892650289267 1.28731777003768 36 130.231834143488 0.418042292573745 57.6171234119997 3462194345.41023 2.53783372051087 2.00774227331644 36 2865.73188037721 0.313545506646046 254207717.734181 269.603666478 12804076904.2177
0 methylseq_200.dot 6761426956 2.15823412698413 1.81939314502601 28 1452.72693787257 1.82149028542837 0.075455114 29401971.2201185 1.55042989417989 2.02045836722995 36 2443.26877662289 1.66655168138121 3218254.05527595 0.014407361 30818688.9090128
0 methylseq 17027257018 2.83333333333333 1.58919673110441 4 733.763081681495 733.763081681495 0.003385301 2178112.25221552 2.66666666666667 2.07151119873524 6 1351.29311972502 1351.29311972502 2178112.25 0.000482938 2178112.25798857
0 eager_1000.dot 8330435694 1.94418034105534 2.00481383873054 36 1336.35055040713 2.65839691684515 1.139869048 125265540.333108 2.38154688779689 2.38523022318431 36 2199.42055649781 1.72048181357086 11611141.7075235 0.494771677999999 239851729.894369
0 chipseq_4000.dot 3793245764 1.16078513336768 0.62338353102254 36 9.14809548263017 2.1922749755435 1.952968707 893165322.442013 1.75869927373465 2.06122331893305 36 234.949952312119 0.368368712291455 76646738.8139733 4.29143047499997 3993018054.64197
0 methylseq_200.dot 11897958606 1.7765376984127 1.8012398979827 28 79.9937398421541 1.92404882155846 0.072737938 77155682.5406312 1.55737433862434 2.22589506469509 36 7259.11029683767 2.92662828706007 5500687.87612111 0.014336117 106022928.829519
0 atacseq_1000.dot 3908761308 1.4423925981426 1.16650505934675 36 19.1862565108453 1.67302677858433 0.473635182 98279115.8173884 1.33985052910053 1.16427161612721 36 150.528830399975 3.46952116934794 11595581.3959739 0.227844125 286164559.977508
0 chipseq_1000.dot 3793245764 1.39478923853924 1.15596114329821 36 45.3692208310979 1.03960097139047 0.535888703000001 204061866.063981 1.75805097680098 1.87249627710935 36 178.892439897697 2.77660578677391 17851656.264916 0.248029496 540146253.8471
0 atacseq_2000.dot 11809629756 1.26798246461237 1.29412256361724 36 98.9548557871741 0.635689576246559 1.32096915 490983528.277412 1.22651238104669 1.82175650026686 36 322.204866807026 0.692789669692379 44817579.593076 0.696580624 1480086030.07874
0 eager_4000.dot 8330435694 1.4977695464965 1.11496601937639 36 491.782166925201 2.35701591643549 7.809218027 631597486.211472 2.52298362522242 1.88485900345235 36 6189.59292503939 0.762318753171962 37178974.5901564 9.74534176499994 1723901563.8395
0 methylseq_200.dot 22500260922 1.82837301587302 1.85694252297529 29 13.5939481083435 0.175393393285189 0.076344912 39251230.5403797 1.6568287037037 2.32737022853638 36 1223.89426956314 0.100304904346353 8656633.07291667 0.014758363 34583255.3005799
0 eager_4000.dot 14754556884 1.51128919724179 1.34284311126633 36 184.408197574471 0.476819731589122 7.00580718899999 684395396.842834 2.32051501006724 1.80698712421737 36 4178.38569688904 0.41696069951731 79573118.9675758 9.13580563600002 2607227314.1965
0 methylseq 6761426956 2.83333333333333 1.58326217578873 4 72.044742049361 72.044742049361 0.003201777 1080079.26705111 2.83333333333333 1.83987001932113 5 845.401361285082 845.401361285082 1080079.2625 0.000493477 1080079.27623609
0 eager_200.dot 19100037384 2.9011583011583 1.78619258290752 13 318.054996740744 31.0438002615048 0.130581736 27302913.8326704 2.46362076362076 2.30303460776863 19 605.659390562709 157.933578525726 6187523.47012759 0.030533263 31820189.9014269
0 methylseq_20000.dot 8885797810 1.22069939086747 1.82126284360546 36 258.797058121007 2.05412112309858 187.813539298 5164008382.13332 1.11854741896762 2.44919953261559 36 782.709392721861 1.1465119529281 405874275.303591 270.829652677001 13961014724.5814
0 atacseq_25000.dot 2223941232 1.1551895431468 0.427074121669873 36 4.54486212883566 0.869341311129325 33.8866493160002 2294012478.53762 1.35294213382103 1.57601861560976 36 44.5989255683648 0.257415577418211 183124936.098047 232.500392174001 14083787354.4358
0 eager_20000.dot 25705994498 1.21011033113046 1.05897002040238 36 235.130761830425 1.23813385567557 148.488286788001 7337422597.38072 2.53811084964929 1.68947762051917 36 3198.95710383872 0.444095478275515 507493488.980404 536.592806803996 20314863702.2736
0 eager_25000.dot 19075314980 1.25687006710981 1.27063036744654 36 129.479416130087 0.375856174209142 92.869998788 5709368494.48012 2.61903507541806 1.97102290186593 36 2768.81432412254 0.329859847785605 396312220.063492 1043.79362974599 21057189791.6806
0 chipseq_15000.dot 5058052541 1.20478473773025 0.879877104736519 36 25.5040550815516 1.52363677054953 13.376383454 4514260616.42834 1.88281187892519 2.09269508905533 36 359.616004221372 0.483782026608437 272690587.19027 95.7566901420004 19571494289.5405
0 chipseq_1000.dot 5058052541 1.39398448773449 1.03930802025376 36 29.2765989438478 1.65914106707882 0.477733282 264789399.595122 1.75286172161172 1.9917465276012 36 534.106535130115 1.90684690182414 15615637.6841125 0.225953302 775822303.604033
0 atacseq_15000.dot 11809629756 1.16055755429366 1.13255502516175 36 62.6448802626294 0.608831925323382 20.602873037 3773260117.92803 1.23965249822996 1.56809281935831 36 182.004394395507 0.743652296175054 295471864.812122 55.0522241419998 12904740194.7319
0 methylseq_2000.dot 8885797810 2.14201249442213 1.88798243825614 36 114.64231097344 1.95410403812336 1.958996851 503834268.942803 1.14691304902148 2.43739204569807 36 825.749876834355 1.2520224002747 39013784.2577145 1.041949351 1305445981.60031
0 chipseq 41366257414 1.82291666666667 1.16334946718558 4 44.5513049892863 44.5513049892863 0.005462868 87830196.7956155 1.82291666666667 1.94945121778859 5 47.6715956245564 47.6715956245564 15948068.1770833 0.00089727 151144827.3352
0 methylseq_15000.dot 8885797810 1.2462806223815 1.81923776145427 36 186.610478310547 2.05296432125553 113.170957819 3872585881.88182 1.11327368773328 2.33540341641636 36 719.651795285888 1.27624099383838 314010077.698929 119.604265063 9867359890.75862
0 methylseq_30000.dot 17027257018 1.17452113120383 1.93729791925802 36 353.274742185977 1.60114159251849 373.893449708999 15303049879.8005 1.29319876098586 2.50685493405424 36 886.566291434181 1.49461737635701 946784482.16528 753.876164395996 37895925337.9552
0 eager_2000.dot 19075314980 1.72586729404911 1.3715553705024 36 1139.84774703445 0.347271752222905 2.866947887 487961355.581832 2.39528188164552 2.09296727737874 36 3116.28846054973 0.425795695643198 34632605.7155192 1.929505566 1333468800.87105
0 eager_2000.dot 19132169434 1.83670310274588 1.37919592670796 36 828.587388645917 0.362193770883208 2.603891914 458083869.814418 2.39414308050672 2.1064775103214 36 3032.6768860388 0.422124602155036 34588032.3218015 1.927240683 1338549569.51278
0 chipseq_20000.dot 4605965334 1.14000154257505 0.797772973175953 36 19.1553728456866 1.40482648557453 14.091653555 5737737796.54003 1.99460169706181 2.11440323815303 36 403.405273581659 0.354351009700949 400212504.083227 201.229437085 24655115113.4586
0 atacseq_200.dot 11187378708 1.75583333333333 1.368335989779 17 11.8715797396766 0.398750541926779 0.065035238 5119233.45346988 1.47648809523809 1.67774030844699 29 8.21217205016022 0.446438493197608 3296460.2875 0.011813419 5103406.43780126
0 chipseq_15000.dot 3793245764 1.15722203853463 0.579397325130023 36 7.24054201023745 1.66587272960111 10.348196105 3487853072.82656 1.89286832220367 2.06771182096041 36 230.859208696761 0.330141918808199 309296876.589966 100.194714611 16899094870.6095
0 atacseq_8000.dot 14091675276 1.17582501260497 1.13635764306082 36 94.4232330629062 0.725670579760282 5.08628314200002 3858583540.34378 1.4897046686376 2.07508737068107 36 401.377254035774 0.612281893626699 279452451.486237 12.586116812 12870128756.9157
0 eager_10000.dot 19132169434 1.29342114001097 1.29580981599561 36 197.652118199599 0.380565626982739 28.7621367469999 2381913617.87302 2.56248228555922 2.02735758846392 36 2784.21917133853 0.307345298057075 171446561.944452 88.7953959729996 8217386493.96823
0 methylseq_8000.dot 11897958606 1.21061537728204 1.95928716914222 36 97.037405086673 1.33207099211542 22.6485227460001 2882586920.06956 1.11568910180021 2.0517419931148 36 617.772876212432 2.58368785850713 211572223.617183 21.825739712 5820944585.5441
0 eager_15000.dot 25705994498 1.24633497423655 1.0382904392635 36 208.513279334239 1.16663023838368 95.3655197409999 5187926077.1531 2.50905562480364 1.7261741276295 36 1848.01521912426 0.461754231156158 392148192.210276 273.074369373002 15589076844.9247
0 eager_1000.dot 19075314980 1.88233078858079 1.59764987138056 36 1016.95119810269 0.409333296256373 1.129004156 251504765.979901 2.43387527450027 2.26418029102027 36 2246.2922468306 0.471097625966743 16905697.2568826 0.462488402 546658068.331929
0 eager_30000.dot 25705994498 1.20013743942192 1.06951143329072 36 196.136447162852 1.32633839482119 260.981726322999 10433218645.8406 2.55058832863957 1.67646611222192 36 1231.68035740208 0.463038658915419 746660955.050177 1659.08090008398 31084856202.9354
0 eager_10000.dot 25705994498 1.26524796130194 1.05466030359647 36 232.617246800868 1.05404357251159 32.3613550380001 3399702551.43137 2.49888129888131 1.71427944226176 36 4752.56812874818 0.458929729218771 252584794.839357 87.2853791709994 10073397680.9867
0 chipseq_20000.dot 3793245764 1.13615644237905 0.58586685009668 36 6.98901841204176 1.82766850049453 14.69707005 4648635479.03447 1.89741268847966 2.09171035716172 36 245.69555963872 0.310106255659928 423588572.632656 206.799244226999 23641419461.1772
0 chipseq 5058052541 2.0625 1.54367745039548 4 14.6391924028453 14.6391924028453 0.006761669 2410779.60447033 1.82291666666667 1.79567936352825 5 10.9936616272828 10.9936616272828 2410278.9625 0.001164609 2413237.63194702
0 chipseq_30000.dot 41366257414 1.08391949046922 1.39887118107757 36 36.8668606981215 0.0652978495645595 44.3709366240002 48955477113.0251 1.54423345888892 1.87812671967027 36 277.741858138396 0.174992542322154 4347985610.74706 505.374051741002 123809206336.047
0 eager_8000.dot 14754556884 1.36303234890438 1.38710778708024 36 140.623852526578 0.490126796810406 22.117757681 1374163913.82284 2.43925977925978 1.72915695829377 36 3507.2103832013 0.372572172632101 135895012.236536 50.05392631 5387146175.23702
0 chipseq_30000.dot 32978181418 1.21728214446102 1.77538638408205 36 34.6520758628525 0.099135235457559 37.2224208530002 56645561932.7845 1.95065952778109 2.18196788858595 36 1308.04053405573 0.252757600198729 3139578393.83902 522.322688252999 130774102637.702
0 methylseq_25000.dot 110641579976 1.13524767137349 2.19496192318609 36 268.088254263682 0.000854517326399597 437.162581875 63640742990.305 1.10040654123711 2.19709166398616 36 323.559261848607 0.0245871258762257 5600260055.73521 406.939949027006 76601532080.9064
0 eager_10000.dot 14754556884 1.29237126169911 1.34259061134989 36 110.979812647193 0.548835169323684 29.279057691 1775765262.88006 2.47337572337574 1.70973636515476 36 2022.47254462759 0.390042444470772 175274882.516904 88.0821781650002 6885259129.733
0 eager_30000.dot 14754556884 1.21141448953814 1.31290789924598 36 57.6749077874327 0.481936648094079 118.307429665999 4849853126.91537 2.5446276616553 1.62809700472299 36 2900.02253761792 0.39067339307056 504486571.259269 1846.63096196304 21704627721.3468
0 methylseq_8000.dot 6761426956 1.18470653192875 1.80808597923792 36 289.230800051107 2.00951863825585 21.970342239 1557961453.87575 1.10154400432178 1.78539943385328 36 520.896132787673 4.01455909161152 123118426.727515 22.1542193979999 3176769404.70393
0 atacseq_10000.dot 11809629756 1.16210952620004 1.16114113680393 36 58.3910734155512 0.575713189822374 13.878977152 2542026642.23701 1.22438511466833 1.65972629578633 36 188.215416464539 0.753875144629509 182680958.884238 20.001546724 8627513611.49928
0 eager_20000.dot 19132169434 1.2555683953714 1.26996485881038 36 113.374663214874 0.400470044679479 79.1797005500002 4614021457.25246 2.52289271712346 1.96681593115185 36 1994.33572363459 0.329543250188038 335768303.748811 520.881533027008 16996021996.2427
0 eager_200.dot 19075314980 2.9011583011583 1.78749355156829 13 325.179208929037 32.2195643378555 0.131512009 27222513.2298708 2.46362076362076 2.3033966694785 19 635.645082704954 162.506123942356 6181566.92551968 0.030688532 31985146.0599704
0 eager_20000.dot 14754556884 1.27675371526338 1.36993670541443 36 66.0751890972823 0.5736919280191 77.3665023149999 3400215747.21877 2.50362060776259 1.60271152112403 36 1755.65602450606 0.403022097240315 360133545.393547 567.571419165999 14160386260.6612
0 chipseq 4807293396 2.0625 1.58295739290725 4 4.52980056859597 4.52980056859597 0.006544499 2000092.79639916 1.82291666666667 1.81481794722943 5 12.3019047954112 12.3019047954112 1979708.46875 0.001160361 1982704.18294735
0 eager_15000.dot 8330435694 1.34023314015516 0.988203115542723 36 95.0240086439246 2.08317182430372 69.8257064469997 2633849894.68666 2.58009155489468 1.83109114047298 36 2614.62183691603 0.592248796251611 134552382.767035 289.151341796002 7798377532.16968
0 methylseq_10000.dot 6761426956 1.20418961235288 1.80422667846638 36 286.574719472383 2.01807012681389 37.058457496 1954239869.79669 1.11256407324836 1.77359244858099 36 516.023735208174 4.0920860346909 150695816.885542 38.7818760050002 3930043370.9308
0 methylseq_1000.dot 22500260922 2.20362401988908 1.3778566392769 36 41.6313692891877 0.0455024581731532 0.522639177 139801222.308443 1.27361828265443 1.52630064182358 36 188.06271471833 0.161286805432465 38005083.1265692 0.229909279 459877286.150892
0 methylseq_8000.dot 22500260922 1.24959483292817 1.3806444197591 36 58.2262277324986 0.0572754173669571 25.190963427 1193355929.63632 1.11497410108521 1.5253019656269 36 209.254405087832 0.175306012010792 293302175.029287 18.057767053 4349299740.41604
0 methylseq_25000.dot 8885797810 1.23195584309365 1.82012689484426 36 186.697529684862 2.05652368272626 407.189775523999 6460792269.41972 1.11848498934436 2.57379307817916 36 709.72857109031 1.79971050257082 510960542.48496 461.114495427001 16370696514.3489
0 atacseq_1000.dot 2223941232 1.5136164021164 1.19735651183029 36 6.19678261905615 0.341064335238004 0.509703469 18823257.5506327 1.34608994708995 1.67289736773134 36 135.231588281927 2.30117109261786 7240751.15346379 0.223170996 193708975.756222
0 atacseq_4000.dot 3908761308 1.20378920347562 0.562104548102899 36 15.4585982315749 1.45425802678273 3.009124432 586053614.09459 1.39279922827717 1.88039283974295 36 216.219502956164 0.582263778252701 51241445.6738367 3.93980369199999 2348977094.44968
0 chipseq_10000.dot 3793245764 1.16662068612257 0.582728968284521 36 7.05542810266797 1.90293309244141 5.58431663299998 2298768708.37299 1.8641320563313 2.074367142854 36 237.460438983397 0.331784455943597 207372713.137675 35.4697473619995 11197004939.6382
0 eager_1000.dot 19132169434 1.9411493067743 1.59295788496995 36 789.046909229629 0.408373186925123 1.110597127 253940580.739638 2.43413514976015 2.26233777190504 36 2171.55713970498 0.474486569903162 16897169.9366317 0.461937954 548155269.257714
0 methylseq_20000.dot 17027257018 1.34538100954669 1.95146199009116 36 113.913380895385 1.60176237260027 224.156793200999 10205620834.7837 1.27457808520237 2.51131256028007 36 982.4331514736 1.16330573400057 629930404.997262 250.670191713002 28424691476.3955
0 eager_8000.dot 25705994498 1.3061282976969 1.03794642977208 36 242.532480038034 1.08757881284858 23.526324562 2851038902.3274 2.43325437992105 1.72533025798505 36 2628.42563975621 0.480622938424132 203254762.43755 48.9087358100002 8256767315.15051
0 methylseq_2000.dot 17027257018 1.37111939822783 1.98269942295058 36 104.950846411748 1.61688181733503 1.433194225 1026774355.23076 1.18098584815452 2.51514606823241 36 1034.13206573257 1.25994655858803 60469490.4511468 1.059544648 2685292719.87167
0 methylseq_4000.dot 6761426956 1.22861750639528 1.81633349695218 36 196.753366105854 1.99733094112751 5.10714406400002 779051287.263613 1.10178035178035 1.75677906880484 36 485.635146012987 3.94948407932301 61483797.5215209 4.032884635 1547660493.70664
0 chipseq_8000.dot 4807293396 1.19585546050084 0.89592207483303 36 28.5731449803688 1.06355181529351 5.41707223600001 2127721890.20751 1.60556867375051 1.99793806037321 36 248.362924148276 0.694027873371147 105302267.122447 16.468948 8394469042.95204
0 methylseq_20000.dot 6273818718 1.21500663757568 1.69492434473749 36 131.876971236389 2.09223944704556 154.940822851999 2395589502.16333 1.09131668540436 1.72111539868945 36 421.431434353002 1.42711970467042 251413570.479932 212.682979342004 8052873658.92871
0 eager_4000.dot 19100037384 1.48560048238667 1.35039259944712 36 363.28917505582 0.3460701900854 6.76693793199999 926944150.218493 2.48205026115473 2.07663455551136 36 3359.51390039004 0.32912392687949 66558210.0952604 8.84841589300006 3072888542.56465
0 methylseq_20000.dot 22500260922 1.20114474361176 1.38034124911357 36 58.4351608601866 0.0590568906841858 226.451742332 3015317691.79673 1.12344382197327 1.51388430131551 36 219.720499064954 0.182171068180075 757276599.781633 214.547080267002 11093688948.0619
0 eager_2000.dot 14754556884 1.67763462308917 1.4230681258687 36 755.905656047166 0.572824755418816 3.121193036 378257348.236899 2.33112734930917 1.77355220615525 36 3051.19820134994 0.620178358361717 44560066.0154452 1.951437769 1180870865.48793
0 atacseq_20000.dot 11187378708 1.15130288188255 1.11662068677482 36 47.8245652830337 0.580748861563076 37.4555816489999 4917505514.94836 1.26966191631719 1.69537073785584 36 196.225652263518 0.688612311358397 414477397.377903 123.43039184 17932709700.3605
0 methylseq_4000.dot 22500260922 1.40105581772248 1.37610394950685 36 55.4900771898285 0.0606726515698758 4.821061663 607605137.630213 1.12280137280137 1.54121233136841 36 206.250612286727 0.179675206364248 148464293.86633 3.597669943 2160788216.55825
0 atacseq_15000.dot 2223941232 1.162906304336 0.399125904558327 36 5.145008732369 0.989589662659682 18.7789569220001 1342641679.18517 1.33286155455752 1.46330304129526 36 40.7677800454301 0.402104302025641 113286540.052524 63.0956720159997 7413088487.05121
0 atacseq_8000.dot 2223941232 1.183586070427 0.432751086625308 36 7.87357151694818 1.4692247932264 7.95035709999998 711593835.23911 1.32407116708947 1.48851071387361 36 61.9988075873141 0.496183154827671 55994344.2327096 13.937317631 3375779283.19047
0 chipseq_200.dot 41366257414 1.48660714285714 1.13847414358509 16 30.8401241978551 0.187705344675432 0.050509944 279641323.446553 1.76190476190476 1.89679957242993 24 57.9275782030988 0.540686828629026 31611967.0208333 0.009320229 637382774.637166
0 eager_200.dot 19132169434 2.9011583011583 1.78665202483596 13 309.307435925625 31.5835500248805 0.131241551 27394858.5572789 2.46362076362076 2.3028768962791 19 595.826718606846 155.275755963908 6207177.59632859 0.030424448 32447412.3689215
0 chipseq_25000.dot 4807293396 1.1765973693057 0.96871347749958 36 34.4768481414588 0.817710746239749 35.2075182900001 6819723437.38253 1.7137237345571 2.11548620302107 36 326.052734708689 0.386637334021361 352193774.943936 306.589569990002 31382650476.987
0 atacseq_4000.dot 2223941232 1.21549874984311 0.482745943770024 36 15.7864300121779 1.60303218419068 3.774391687 331479825.538325 1.3361318306784 0.977709077705117 36 94.4676207983728 1.97089081955474 28187394.3877331 3.188204296 1134695715.6492
0 chipseq_10000.dot 41366257414 1.07967486773878 1.42577647483712 36 30.0108189520955 0.0637652077348958 8.24780580399998 16159374419.7928 1.48817559320379 1.87504843384833 36 191.986854673971 0.167631709112353 1394507762.4864 26.762405778 39473648735.4392
0 chipseq_4000.dot 4605965334 1.15542162240275 0.906538796840485 36 18.7455957293989 1.96256512774952 1.923209061 1062773592.42835 1.87695604971548 2.12129041686783 36 562.226420299103 0.437607675537767 71845793.3466845 4.189551484 4433503859.41221
0 atacseq_10000.dot 2223941232 1.1913825412454 0.459220252660548 36 6.74465661778492 1.00849153618466 10.533266385 886314520.907239 1.31743628188941 1.52413778586708 36 51.9252452343462 0.419359742018744 71671338.2925458 23.1250842269999 4386682071.48056
0 chipseq_25000.dot 3793245764 1.14175396987896 0.578558215485877 36 6.83269824850312 1.89686785968468 19.504088029 5761173372.13181 1.90267648600983 2.0835299947174 36 247.748692378451 0.316046348763434 528668767.400286 366.833975904003 28461087848.5268
0 methylseq_25000.dot 17027257018 1.37992618501501 1.94749141177706 36 111.562429179374 1.60302742064446 357.2383951 12769130976.7755 1.23313063423485 2.77250246506347 36 955.462687570311 2.13095731908321 776127039.84353 446.966883504999 35170769994.7138
0 eager_30000.dot 19132169434 1.23628066622108 1.27318512199698 36 108.293132016665 0.410572337733756 138.622990929999 6892803527.31438 2.61104348939004 1.96502324927602 36 2626.99976057426 0.32541870044552 490760902.240438 1749.11262887503 25297490820.0369
0 eager_2000.dot 8330435694 1.68486958032412 1.30645726912691 36 693.305719645125 2.66169270479268 2.672406962 287742134.198178 2.36922719649993 1.98040636021629 36 4327.71944285711 0.931891539722082 21559597.0715637 2.124408785 788978682.321001
0 chipseq_30000.dot 5058052541 1.20464193594145 0.848103619314012 36 25.1724208096887 1.5375394052853 38.5756327449999 9110453966.30386 1.91690371936932 2.14042345362945 36 460.016150804196 0.355906714867272 561976522.053228 594.276398183001 42640003700.4004
0 methylseq_4000.dot 11897958606 1.22741789408456 1.96529486137192 36 87.7326143854637 1.34389450530807 5.157639261 1453451223.54883 1.10672974561863 2.04723772272578 36 585.415245185566 2.72531434641545 107276582.976667 4.09280616000001 2870947932.1625
0 chipseq_4000.dot 4807293396 1.20774812844388 0.943522140975132 36 34.8611580752325 1.15626827805294 2.465893248 1041944254.36046 1.6365495419151 2.08334325742426 36 460.872595819148 0.685564298606353 49047771.1809111 3.80913949400001 4056767497.50727
0 eager_200.dot 14754556884 2.64135564135564 1.98613991505065 15 241.614303684061 109.841407885678 0.130567426 12922762.4392015 2.44560274560275 2.28631281466245 19 273.217344348593 55.3014165953546 6798400.83985769 0.031319618 16905611.3982429
0 methylseq_15000.dot 22500260922 1.31259822672955 1.37824762952204 36 58.0969573742891 0.0563427585242691 106.000396875 2236976958.55877 1.10771792036807 1.51728758434389 36 213.177117465666 0.17858932794861 572108991.80828 93.9657786200007 8230582510.62166
0 chipseq_20000.dot 32978181418 1.20378038601989 1.76552063561229 36 37.0720294742046 0.101216527680354 20.8129290139998 37531597921.7205 1.93777377972467 2.18239093394763 36 1388.2895961515 0.247619082511135 2084150227.21383 181.338606462002 85648479217.0707
0 methylseq_2000.dot 6273818718 2.02223178427998 1.6695526848278 36 86.0134908927482 1.88423975993794 1.39548988 230494154.440931 1.16368649199974 1.8403678120273 36 414.282365659813 1.25053028203643 23584671.2370336 0.881940675 787445382.5551
0 methylseq_1000.dot 17027257018 1.47193536048958 2.00355881842732 36 103.215488826074 1.61648220999292 0.525888803 513966355.044165 1.22936189201249 2.50444502690912 36 1171.99009196913 1.51480160562083 30242265.7880006 0.252843135 1242951817.83385
0 eager_25000.dot 19100037384 1.25040213945092 1.28525634370106 36 127.886089831062 0.381037655809427 88.6707520589996 5750839146.19395 2.56537309941566 1.97429457887834 36 2698.58194862697 0.326212590510971 395432466.902146 1049.44278930101 20888851040.7244
0 chipseq_8000.dot 4605965334 1.1737400530504 0.819536020270535 36 18.9552127480485 1.54725165200797 4.32249156000001 2206746496.06176 1.92174671592775 2.09589323321122 36 291.261590465242 0.365862415735015 163478329.608906 20.2819935479999 9774816070.99029
0 atacseq_2000.dot 2223941232 1.27407369319134 0.894688549081962 36 25.0298343820233 2.05930045408104 1.508386655 145000024.451707 1.3727675329391 0.935154035724817 36 93.5731149862012 2.41208682834001 12193733.1645687 0.829971782 406389311.323159
0 methylseq_200.dot 6273818718 2.34722222222222 1.76927870903491 28 2.98969033008244 0.00249150128128312 0.07874532 2973456.16492862 1.55034722222222 2.00975481637793 36 225.840278313715 0.0275779490394918 2955613.4875 0.014454074 2957120.05787821
0 atacseq_8000.dot 11187378708 1.1704931183249 1.13683969037629 36 48.0227581020374 0.576823568188435 10.578236234 1969111047.39327 1.20988187850994 1.68776623866439 36 205.218634469522 0.717834243654539 158842659.296144 11.9232521269999 6533986343.96919
0 methylseq 8885797810 2.83333333333333 1.58744561846005 4 125.31131875158 125.31131875158 0.003127475 1402989.44055632 2.83333333333333 1.84416449192434 5 1249.6995852167 1249.6995852167 1402989.4375 0.000483199 1402989.4470954
0 methylseq_10000.dot 22500260922 1.21511779314901 1.37835263936714 36 57.385024954625 0.0548381820459281 43.0783087260001 1480037181.02988 1.1298821115748 1.5050729656095 36 205.691426999581 0.174946811867876 379595112.716091 35.5437075669996 5243185938.81122
0 methylseq_1000.dot 6761426956 2.5907917383821 1.92476505298755 36 59.6245660755273 1.81209638667628 0.683391778 185300048.733255 1.22279594568751 1.83229817206673 36 662.083329202513 3.52619820889677 14982048.994245 0.24926504 345739084.404253
0 chipseq_2000.dot 3793245764 1.21836799803572 0.757629486669952 36 18.4526587433265 1.46318045926709 1.004924638 453754763.098278 1.68539971368294 1.92221143178421 36 312.461660632927 0.734326593384213 40410654.7020121 1.003181048 1448422204.66768
0 methylseq_25000.dot 22500260922 1.60813285681258 1.38095675200934 36 60.2440602556049 0.0556581280599101 470.288272147999 3723759131.97262 1.19008755686628 1.51089857117798 36 220.370488421858 0.178541390413058 934944011.443751 385.810452166998 13943153280.2406
0 chipseq_30000.dot 3793245764 1.14121155203567 0.564710085818668 36 6.8881160674784 1.98543097927896 25.3019698770001 6930966645.77722 1.92992796576512 2.09593270126948 36 283.122195529349 0.314628897771237 630609599.449849 614.247925246998 34503670701.4435
0 methylseq_1000.dot 8885797810 2.62492828456684 1.93084909161412 36 70.8155077190871 1.83778529624167 0.649918402 243697946.842048 1.22228596927392 2.41736824051864 36 944.898370121006 1.34561088568928 19510767.7882731 0.247066159 580703962.758497
0 eager 19132169434 2.94594594594595 2.59592856582849 8 17.8120664277185 17.8120664277185 0.040687856 27390403.62926 2.63063063063063 2.63906379425049 8 420.799734716261 420.799734716261 6207920.03347761 0.008864031 32170554.5355927
0 methylseq_10000.dot 17027257018 1.40198619130192 1.95003259038334 36 113.245412207378 1.60106451044578 43.801016108 5101490811.05486 1.13215286114447 2.48174551757169 36 933.19214286381 1.39139163076977 309213541.067726 37.8393723039996 13774590981.1579
0 eager_200.dot 8330435694 2.5493135993136 1.72011218563884 12 131.713490356419 131.713490356419 0.143661911 7312301.66581251 2.54264264264264 2.20140653236882 18 174.982940519163 44.1076069682262 3635674.04088078 0.031503419 6865253.03303856
0 chipseq_10000.dot 4807293396 1.1908663600393 0.846573309249565 36 31.6358645283364 0.896980956470456 7.33305560799999 2704919649.92035 1.64130038977312 2.02821237299771 36 273.577571893846 0.640667347102236 136657047.234851 29.4211337700002 10882161274.2349
