algo_nr wf_name inp_size avg_spread_dyn cv_proc_load_dyn num_used_procs_dyn idle_to_work_dyn idle_to_work_30s_dyn dur_alg1 ms_1 avg_spread_stat cv_proc_load_stat num_used_procs_stat idle_to_work_stat idle_to_work_30s_stat ms_perc dur_alg2 ms_2
0 atacseq_30000.dot 14091675276 1.07237215381291 0.746532390006246 36 2.67653713721114 0.0098454300648814 24.448930816 723413447.928575 1.0862894445393 0.91676914610346 36 6.29246932494977 0.0788883387070151 673675301.54788 314.177015924002 1127348256.49225
0 chipseq_15000.dot 41366257414 1.10212194073315 0.892614897571553 36 3.88628590402006 0.00129546279929494 11.0862646680001 1457401746.64544 1.10918730511279 0.950768258951021 36 5.62721603818509 0.0435023701939851 1315672533.74917 59.5450175319995 1965497166.10215
0 methylseq_15000.dot 6761426956 1.11560253493802 1.79100348850788 36 20.1287076093101 1.3439572790971e-05 141.545393852 223342481.159779 1.10979259598158 1.80101690119051 36 26.7664447839474 0.0455784883126091 223454338.347886 113.615546911999 288590678.390754
0 atacseq_15000.dot 3908761308 1.07940658075797 0.182647537958126 36 0.338674401668926 0.0257801273301255 16.077795545 97063097.4266876 1.07864701859703 0.344839395669299 36 2.12535876618941 0.131868784458636 95507962.9303384 59.3526765949998 198678102.96881
0 eager 19075314980 1.87612612612613 1.70533657518443 8 36.2583917726906 28.3878184908487 0.036739466 8003604.19191946 2.28869778869779 3.21227970964278 13 1024.6812505868 47.9022371029569 5657999.375 0.008567025 6747986.53833475
0 eager_1000.dot 25705994498 1.3548308954559 1.79891670949186 36 53.6773378433074 0.0811039253012727 0.931918579 29020733.6197686 1.45572195094254 1.26258961071069 36 19.5132427617474 0.126033378705803 18341220.4819256 0.503259148000001 28897375.6619448
0 eager_20000.dot 8330435694 1.24579066840506 0.871525784352431 36 7.63832349389075 0.0420238156742927 88.9261478569998 114298470.344284 1.25505086788455 0.368972786439968 36 3.25113069365056 0.217423098381844 83404110.4095213 430.530530081998 219115710.192817
0 eager_25000.dot 14754556884 1.22574705550133 0.914047168056118 36 8.97854137451963 0.013831504059015 128.856602916 313318767.063942 1.21349766153468 0.694972107199633 36 7.90869943521207 0.16156679366997 253618986.163247 807.265864707009 568303042.231872
0 methylseq_1000.dot 110641579976 1.19160770064385 1.92366337474199 36 88.5222486685991 0.0014260966290048 0.515350259 235330891.738329 1.17428443934468 1.85127281060358 36 204.045488888115 0.0359883119077772 211065176.1 0.255755929 261855424.313894
0 chipseq_200.dot 5058052541 1.41028911564626 0.766733626631581 14 2.29475803614575 0.0476336203141862 0.055907119 2897594.35128249 1.16666666666667 1.00262921166697 36 8.55929677209805 0.211465337608491 2348974.508129 0.011431226 4797103.3180113
0 atacseq_30000.dot 11809629756 1.08723538732814 0.638741232937432 36 2.10725234949855 0.0156934894998289 64.3919866420002 333796181.470538 1.0731907844253 0.833377672347312 36 5.77737355341813 0.0961772203059333 306497789.737921 319.294678178005 575311669.624597
0 methylseq_1000.dot 6273818718 1.30539618792631 1.21204412703445 36 12.6656141109558 0.00793109771397312 0.526303167 12766788.5842542 1.16832409001084 1.22653307021022 36 23.2092922886818 0.0784634194055225 11793771.2262217 0.23624479 17364233.4666308
0 chipseq_4000.dot 41366257414 1.08618124537936 0.843584948451545 36 3.52504612759839 0.00128663259248261 1.82947602 381278482.979682 1.1032390041824 0.969828497216111 36 5.95401443354088 0.0468286775048234 348009032.424505 2.60776234500001 543992769.667653
0 atacseq_2000.dot 14091675276 1.07633842872813 0.810578776937101 36 3.26607776898067 0.00954301634229803 0.748110145 48574123.3863721 1.09340142148317 0.83260092015318 36 6.09067112483831 0.113585860120064 44429961.3591963 0.567806696 77456077.1121806
0 atacseq_1000.dot 11809629756 1.13136043586044 0.887572688864161 36 2.78451924351963 0.0175089752758878 0.441248767 11153126.6594308 1.05632190113808 0.861316054913921 36 6.45034916672249 0.134539092752777 10379314.9125224 0.159451737 19343369.7669629
0 methylseq_200.dot 17027257018 1.65376984126984 1.76143831213677 28 3.77122566243031 0.012284662633454 0.073599689 7266798.19204882 1.71792328042328 1.9729511317333 36 499.637704842621 0.076722191755074 6331161.4785396 0.014658831 6801947.24094571
0 methylseq_30000.dot 110641579976 1.12030897014893 1.84849084232984 36 23.8462412393314 0.00011032337946502 624.285725778 6983382210.90683 1.0769095998188 1.84538979377344 36 24.4000338054488 0.00416548736060007 6280477368.00812 667.200700748999 7130240008.11075
0 methylseq_8000.dot 110641579976 1.09648736037625 1.85119025275737 36 24.0009325933565 8.84268673207947e-05 27.4984806059999 1860622334.76727 1.0942291497847 1.85303378162331 36 25.3380717711848 0.00544407027303393 1673434581.72355 20.497670517 1940080043.41241
0 methylseq_20000.dot 6761426956 1.11372406105302 1.79448105872515 36 20.3332998556947 9.69440514094579e-06 288.401189456001 297999569.771375 1.09396298201824 1.77280595102536 36 24.9318000851131 0.0473740525245674 298032732.75 229.055381336001 376011987.572133
0 atacseq_8000.dot 3908761308 1.08220106501581 0.179115145578356 36 0.344215145879982 0.0248819897200695 6.50712984300001 52119995.1635996 1.08401846672113 0.330278725094986 36 2.0680888487243 0.1471021321732 51113971.8852358 13.2439829210001 104768974.347927
0 methylseq_8000.dot 17027257018 1.43260323815879 1.87769403546466 36 12.4269523338001 0.000298762821146332 20.676774497 278603335.488247 1.0866501422057 1.82139034356766 36 30.987185275442 0.0631467229778163 239833624.90625 20.8868537540001 353888493.380659
0 atacseq_10000.dot 14091675276 1.0700563721962 0.784606682121057 36 2.97438907298016 0.0101474176937271 5.55522160499999 240230138.230336 1.08140364595875 0.908558749092091 36 6.18478613053923 0.0819975423895041 223062460.56105 17.8109884819999 376968147.614857
0 atacseq_20000.dot 11809629756 1.09232399437297 0.650720720963829 36 2.19778975892045 0.0171797343406959 29.750739984 224180868.283286 1.07885811528029 0.819317799904494 36 5.69759132962731 0.101029453210564 203953397.240541 112.732079578 375663024.894467
0 atacseq_30000.dot 3908761308 1.07835116529109 0.183555370228011 36 0.331539248585795 0.0266375158670899 48.251413319 192698705.217645 1.08676102798125 0.37404793915595 36 2.08390737434686 0.11169536463165 191360591.55354 368.879565373 398369210.368389
0 eager_2000.dot 25705994498 1.32289258167389 1.37725167886617 36 32.1529861810017 0.0625034972893915 2.032304851 47118091.0040077 1.34863071039541 0.919360432447039 36 16.8662509827462 0.223910907688383 32760848.9970175 2.078977788 73929850.9464466
0 eager_1000.dot 14754556884 1.3802158989659 1.76172033235696 36 59.0608718500544 0.054204872786944 1.151457647 20853837.915959 1.40829606845474 1.19976417910353 36 28.3609014332512 0.212568200337706 13780169.8453528 0.511758102999999 31885973.7666215
0 atacseq_30000.dot 11187378708 1.08632186297197 0.61233923440696 36 1.9321708047899 0.013845419516255 61.4963255340001 359140164.277008 1.07410980674554 0.795919457850091 36 5.23210468802633 0.0919713762084332 338579924.361652 331.667002097001 605737179.968264
0 methylseq_10000.dot 8885797810 1.10575023660259 1.80844832930916 36 21.1805659444677 0.000399017338143684 57.6940067719999 194098234.362914 1.09893639995682 1.81936222379391 36 29.559413482551 0.0559024753159506 193716143.343021 37.893664295 268168065.289923
0 atacseq_4000.dot 11809629756 1.09458642208426 0.721870458986334 36 2.69390775202159 0.0172735089053608 2.715550234 45277472.9488301 1.06738551501203 0.851679424839537 36 7.08887674279325 0.136282852947057 40708248.1965142 2.48889745900001 84606406.0297385
0 atacseq_1000.dot 14091675276 1.09817988955489 0.882968833224991 36 3.35690145484745 0.0115743784276298 0.347996413 24732309.8758837 1.05992140539199 0.830645714414538 36 6.77043392582974 0.136901508241041 22116479.4695392 0.14625275 41214567.4153804
0 methylseq_4000.dot 6273818718 1.14945103833992 1.21300748796566 36 12.1216597709217 0.0017230085363518 7.02012912399999 46751333.2973773 1.10021529465974 1.20876831115479 36 15.9345887163841 0.0568041102291386 46188080.5471036 3.84102809199999 63366935.1906642
0 chipseq_1000.dot 4605965334 1.10008954720493 0.504319784647998 36 1.78019643679011 0.0200927674625212 0.406391235 10430913.7019336 1.08755107072415 0.446337197988459 36 3.57596169996497 0.186082494958105 9792642.15988296 0.197933057 21507482.8849872
0 atacseq_200.dot 11809629756 1.36968915343915 1.10158537740404 17 2.85455375797456 0.0692720170007284 0.060818311 2964169.12452732 1.12106782106782 1.34382767701974 36 8.23523895078525 0.175067905774556 2575813.16643928 0.013062844 3451579.48673196
0 eager_8000.dot 19075314980 1.29157914703836 1.01998347978806 36 16.5816189076894 0.0296707635030054 18.727707909 119861119.667498 1.25101894429035 0.73790489344269 36 10.6800999905221 0.180863387361231 87683114.0245901 43.1607219260001 218643112.177562
0 methylseq_10000.dot 110641579976 1.11210992333442 1.84975745009978 36 23.9282696641692 0.000124215829588965 49.4899903170001 2330539651.84048 1.08942942256269 1.8423426986201 36 24.5835906513147 0.00642626524454847 2095551767.9 35.5453854780002 2431715816.43599
0 methylseq_2000.dot 22500260922 1.18359947727418 1.22881028193145 36 13.286734848931 0.00458931448043617 1.433347096 74696387.7882852 1.0843771913049 1.26113478749518 36 18.7551104175478 0.0451289172534799 67716449.721172 0.876940531000001 93145465.5625162
0 chipseq_200.dot 32978181418 1.38989061533704 1.03041228809576 16 7.76841766986012 0.0178275270149948 0.047623364 16110923.8468673 1.12256493506493 1.49412950404924 36 17.5652387156345 0.0974956932523248 13027478.1815391 0.010659082 22704343.0157419
0 chipseq_2000.dot 4605965334 1.10525174983245 0.341947979769329 36 0.738559344436551 0.0238242326324935 0.896115307000001 19918847.5043583 1.11716560074946 0.419688789777875 36 3.07457372653305 0.159445996428291 19408370.6902212 0.767428624999999 42111299.8315255
0 methylseq_30000.dot 8885797810 1.10988046012058 1.80947777788313 36 21.2138346928048 5.2411904323294e-06 706.585349524001 581479149.295029 1.09614798300276 1.81233848416167 36 27.7435167856626 0.0467138433680149 581549020.185763 687.076525830996 758308793.269069
0 eager_20000.dot 19075314980 1.2039969595032 1.03113827674524 36 13.7900917801294 0.0213166715788242 85.6019933939998 275236224.101149 1.19750045030426 0.798323570903759 36 10.5219816289166 0.164812796429637 217479189.452817 442.413379333007 520998269.752314
0 atacseq_8000.dot 11809629756 1.09981375531054 0.674651786963552 36 2.3270165065195 0.016602553896016 8.66913350000001 89792161.0066141 1.07500683166932 0.82418029979928 36 6.11739705428175 0.114836872423543 81305501.8452471 11.924670439 160733572.315252
0 eager_30000.dot 19100037384 1.20294646603551 0.954648026445761 36 12.0867474736946 0.0175854239370766 181.714446433001 404730103.597071 1.20393091118022 0.774071050805852 36 9.49461039826122 0.167185456064622 326697338.28141 1469.81959160299 793796861.928868
0 chipseq_200.dot 4807293396 1.46386054421769 0.84593891480277 14 2.38150752674797 -0.0112654793452145 0.054867804 2112065.09912343 1.25713126159555 1.05924759381278 36 8.93807635644924 0.187966041560398 1986046.06278171 0.01128515 3041679.73446558
0 chipseq_200.dot 3793245764 1.24627976190476 0.583310852793572 15 1.82698506870009 0.0781332858166097 0.062163233 2946924.41083067 1.12885551948052 0.80653067356938 36 3.32431107700653 0.119070453764908 2245697.20572814 0.012126528 3747026.31195864
0 eager_8000.dot 19132169434 1.28402663802043 1.01072753507934 36 15.8350710778696 0.0311527806476823 19.095581106 119896798.6487 1.24699675099055 0.810986779189771 36 11.7493778410632 0.200102382494777 87963701.7737649 44.3072952999998 223978859.185195
0 atacseq_10000.dot 11187378708 1.08577399761124 0.631278327854768 36 2.04346969666165 0.0123111616809643 9.78769419999998 120646380.50545 1.07080586476986 0.808114801035559 36 5.7794369038939 0.108590130666915 111942709.841033 20.3294101069999 211520338.42702
0 chipseq_20000.dot 4807293396 1.0951688981648 0.395038987512444 36 0.930984721960401 0.034312138171974 22.7158898589999 171193946.492349 1.1024551428963 0.584655942575131 36 4.20905327677546 0.159671393210411 156441464.693449 146.451630831001 369683694.5696
0 chipseq_10000.dot 5058052541 1.11815684054876 0.393829456981818 36 0.898516641047998 0.0292159134545069 8.40204724300001 103491601.687439 1.12001463188024 0.562360465133997 36 3.67461368342927 0.137067672239594 93337639.5712441 26.649194871 206128722.35434
0 atacseq_4000.dot 11187378708 1.10841865033222 0.70300767713577 36 2.4073372689309 0.0127353597821746 2.663751676 47190094.6820474 1.0672188126016 0.795019866286954 36 5.93210311256015 0.11567441329576 44753040.1423145 2.51469651699999 86585331.3845526
0 chipseq_4000.dot 32978181418 1.12128211803919 1.04624467369714 36 4.96443827228639 0.00212800518232567 1.572565024 329920547.400035 1.11548478382204 1.14091520674895 36 9.0900156686855 0.0619711588462277 268773268.881019 2.759403444 442177059.941078
0 eager_4000.dot 19075314980 1.33453794463453 1.01366937871913 36 20.1881074632339 0.0503108456150093 6.127797589 65345936.163387 1.23397076979398 0.829167109467824 36 14.8713571680875 0.268570157311736 45439995.4494639 7.91592966700003 131062917.493008
0 methylseq_4000.dot 17027257018 1.47436325214103 1.87935589104463 36 7.35468833706638 0.000497517917114564 4.43194313599999 139872881.712498 1.10342088119866 1.81418323102613 36 30.9069598004656 0.0675086246135661 120059325.237337 4.006637373 177089461.605436
0 chipseq_1000.dot 41366257414 1.11623539387963 0.844245622895167 36 3.92036959753148 0.00104401532632256 0.31238311 91912355.4179359 1.09297860259399 0.959018381139994 36 6.02275772785891 0.0630848465617652 84569886.8163143 0.169636523 142379272.026756
0 atacseq_10000.dot 3908761308 1.074090283084 0.187739440376685 36 0.353448771111165 0.0246441176982956 8.92112070700002 65626852.3112383 1.083027696752 0.343997725188817 36 2.08819376764754 0.140958707617953 63755871.8869388 22.63681857 129409982.763184
0 eager_1000.dot 19100037384 1.3405268999019 1.78022362680862 36 24.7956823499243 0.0697851911425608 1.042462358 22058443.2627575 1.4432341315178 1.12963688813569 36 25.8628521815178 0.229925974061793 14163148.837392 0.473743795 28553777.268746
0 eager_25000.dot 25705994498 1.22870567125227 1.2562539967338 36 20.3276993446426 0.0324635983929076 181.609230027 526385973.82924 1.2348750971997 0.799750414035599 36 9.33948853117206 0.144318182979863 378302087.423241 924.238906430001 760970880.815693
0 chipseq_25000.dot 41366257414 1.10458567750233 0.929767745635872 36 4.15474083351064 0.00129192999200619 25.8817897099999 2444610684.32036 1.11876135834468 0.967703666046859 36 5.81963791004783 0.0433859156549149 2197787055.81567 221.918164966001 3332477602.20481
0 methylseq_15000.dot 11897958606 1.46465744023791 1.866225333827 36 9.02824076243994 7.95102981531842e-05 84.034978512 431342549.409027 1.10754423644739 1.8132453418897 36 27.9547354831087 0.047510744865516 381644364.476822 110.537138368 505532246.594003
0 atacseq_30000.dot 2223941232 1.07705159861274 0.073593727522599 36 0.131442340410869 0.0260089452779561 69.4998259749999 109399443.145118 1.08848338383402 0.311826276121059 36 1.96417718142072 0.149026957732925 105403451.341678 399.987395227002 261595205.270534
0 methylseq_1000.dot 11897958606 1.47560081596226 1.9386774941924 36 7.25045528350207 0.00256723741196646 0.524942704 29431546.1887411 1.14080130043985 1.86150807728529 36 54.4046103837429 0.0795499463428867 25620892.9844973 0.260113557 36344766.4786642
0 atacseq_2000.dot 3908761308 1.1120425887763 0.293074976440208 36 0.546525213281036 0.0185894428745604 1.096920467 13099856.4954097 1.07045202250652 0.275223869239874 36 2.60417499827475 0.217852985922916 12979353.6254835 0.676816256000001 29585968.8123982
0 methylseq 11897958606 1.83333333333333 1.57425354664927 4 205.384476990718 205.384476990718 0.003281207 2277126.8495686 2.83333333333333 1.88611015303549 5 780.681411883263 780.681411883263 1840539.7875 0.00047776 2276556.30228312
0 chipseq_25000.dot 5058052541 1.11601487122318 0.384596182699313 36 0.868787800338963 0.0327449196933807 38.384429661 255481430.554032 1.12324861804027 0.534146892982461 36 3.25261856888116 0.134377889804054 233601077.075967 266.609562013003 482809115.035053
0 methylseq_15000.dot 110641579976 1.12801669907357 1.84861362319615 36 23.8599306901431 0.000166358376413152 120.521783554 3491759837.04547 1.09783276356538 1.85950601410408 36 26.0589760351892 0.0067371001484918 3141973767.38426 112.962261683001 3677238662.30804
0 methylseq_15000.dot 17027257018 1.44961577727792 1.87148022466107 36 9.06405450602572 9.60242830020164e-05 85.383245454 521791351.19713 1.10149495257585 1.82430410589952 36 29.7702147997166 0.05478368905017 450548751.877069 113.602760320001 641952035.126964
0 eager 14754556884 1.87612612612613 1.70218318005856 8 29.2743353430636 23.9393435730014 0.03746619 5903021.21690149 2.28869778869779 3.22580406872713 13 515.432800666363 40.7189739681306 5672967.6875 0.008836966 4796139.10917665
0 chipseq_2000.dot 32978181418 1.11705218568352 1.05222267132732 36 4.87007634836825 0.00229338662330337 0.691896830999999 162807874.96203 1.11270658402779 1.06521766718937 36 8.61432622618347 0.071125551211196 133673767.301984 0.680779570000001 216529104.753806
0 eager_2000.dot 19100037384 1.36646878518536 1.41344825286153 36 33.0273057515625 0.0488675416432629 2.32412723099999 37184596.0869016 1.25230002567464 0.715439711251928 36 14.6403346260946 0.342302916675247 24097031.9223918 1.902766692 69223448.5212068
0 atacseq_20000.dot 14091675276 1.06766266927685 0.761774697302032 36 2.7068287037943 0.00960950306642772 13.049630837 476272992.581608 1.08125317324785 0.907845753555887 36 6.33509730119891 0.0842147502458442 447345848.519408 104.219225649 752275178.809373
0 atacseq_20000.dot 2223941232 1.0726571419367 0.0800360079399733 36 0.131007370816359 0.0250736973836449 35.3121943389999 72527060.1280017 1.0896643222043 0.292259487594425 36 1.94903119121345 0.169905735928599 70146046.7527929 137.756317499 172188088.702374
0 chipseq_2000.dot 5058052541 1.11004231791415 0.480249120798051 36 1.22298399294527 0.0284795928555305 0.942951738000001 21229648.4931735 1.11088970365078 0.473249576294921 36 3.78819420432578 0.207014650827997 18618377.78062 0.78352757 42312313.0990671
0 methylseq_20000.dot 11897958606 1.44439601237322 1.86765174258791 36 9.13306457221433 -3.64262304459758e-06 168.207447174999 574942794.145259 1.09719602126568 1.81515550119539 36 28.2529186796628 0.0481389199706105 509010638.662502 225.950885913003 654706715.219587
0 atacseq_25000.dot 14091675276 1.07387415300988 0.764869369269593 36 2.66088266171794 0.0099223206486793 18.606554511 598079090.482659 1.08847373854783 0.909924156944971 36 6.29542531088629 0.0806526619156083 559819797.836994 181.465609225 937509762.487258
0 atacseq_4000.dot 14091675276 1.07608995595587 0.781897786447855 36 3.12039493183623 0.00961836315904056 1.723095968 96160914.5598514 1.08496645007242 0.85879026069599 36 5.92770798250567 0.0919228412909389 88816110.9374997 2.22794543900001 149751813.630794
0 eager_200.dot 25705994498 1.63633633633634 1.22105509236512 12 113.88055395179 2.07411104408535 0.132769168 15557140.2823923 1.94984984984985 2.5996660933926 27 114.064405993749 1.43785810879249 7393305.125 0.031634539 11178909.2253653
0 chipseq_15000.dot 4605965334 1.10439475313221 0.325133801462233 36 0.676422380155705 0.0235248025698181 11.9074747210001 153137098.821435 1.11950988111775 0.510684486743177 36 2.8909942598901 0.104840515021364 149130548.403731 67.4903611449998 305930057.059354
0 atacseq_15000.dot 14091675276 1.07338035040911 0.751770740967866 36 2.8727063005758 0.0104931324614095 8.807974476 360826073.714908 1.08325858268794 0.901051947468884 36 6.1703773943032 0.0806578381568375 335165478.785889 47.2720950949999 556878975.769601
0 methylseq_200.dot 110641579976 1.81696428571429 1.75826619194531 28 4.25459863659997 0.0221479384940239 0.074605545 51866208.9331732 1.71337632275132 2.0144825485152 36 8596.15230299498 0.0467952735232428 42534973.25 0.014636984 48134534.8302356
0 methylseq 6273818718 1.83333333333333 1.5682341723366 4 7.09530567894989 7.09530567894989 0.003188084 279486.702250179 2.83333333333333 1.59939419321865 5 156.700447881339 156.700447881339 991875.3625 0.000484089 278888.323837935
0 atacseq_15000.dot 11187378708 1.09463607093336 0.650853237468288 36 2.15363635052148 0.0145376119672138 20.468034418 181591106.153064 1.0749892551004 0.791623495786 36 5.33667636248271 0.0982389453539333 168526867.06247 54.0271630830002 298187347.300585
0 eager 25705994498 1.60675675675676 1.59558585543178 8 103.333409360086 97.2005691526874 0.035299115 8679569.2657083 2.28869778869779 3.18459813957823 13 625.292057424498 40.7993374236245 7393305.125 0.008475257 7877839.88006712
0 methylseq_4000.dot 8885797810 1.11478939256717 1.80676676564274 36 20.9883413656968 0.000318118905262072 7.05506578700002 77731402.4748023 1.09779223668112 1.84594580353835 36 31.3731085367807 0.0452200996011053 77414084.6515306 3.94561406499997 106009591.173197
0 methylseq_20000.dot 110641579976 1.15306757623687 1.84766548510428 36 23.7773958680788 0.000144837268242297 192.822400868 4654190926.09543 1.07582398038584 1.85256585392484 36 25.4416925242505 0.00806229372420082 4188400745.36751 210.640695541999 4959715130.46531
0 chipseq_2000.dot 41366257414 1.10109550259867 0.858017565204142 36 3.8149753159831 0.00141144971413877 0.70895526 189718668.306445 1.09167125069024 0.925796803834105 36 6.18726360572417 0.0678246908729306 172532660.739584 0.667560942999999 279659853.629556
0 chipseq_15000.dot 32978181418 1.12699494439894 1.14778543769687 36 6.7981712619517 0.00193600923802807 10.863066716 1268266327.88945 1.10509331896538 1.142154822836 36 8.87187872279712 0.057613759150915 1015821615.04497 60.8273576290003 1612388714.53622
0 chipseq_8000.dot 5058052541 1.11776574065955 0.391182437734947 36 0.900301310075619 0.0354703461589948 5.91430367399998 79144251.4561567 1.11155276280669 0.52768714940842 36 3.47109512395302 0.152485914109663 74656434.9241406 15.182815637 163588186.430409
0 methylseq_8000.dot 8885797810 1.1264995153884 1.79194660101446 36 20.2024225041003 8.65731352571215e-05 30.69005921 154811498.421093 1.09488853933298 1.7988129810917 36 27.3078006656093 0.0493941210463104 154682905.432181 20.6595796280001 207295590.023939
0 chipseq_8000.dot 41366257414 1.09296145664681 0.869835602352748 36 3.70119620112819 0.00124162206421232 4.31949380200002 773354408.364735 1.11296343090035 0.960804039966235 36 5.87672197752534 0.048274601769976 699589760.315199 12.4376019639999 1068590977.46998
0 methylseq_8000.dot 6273818718 1.1164120469676 1.21185630109919 36 12.1163275598051 0.000970227194578029 29.624826645 93186634.6030541 1.09235823124712 1.21555981180532 36 16.9438239656619 0.0562096523677261 92108442.1010986 19.3040542039999 128535508.285115
0 eager_15000.dot 19100037384 1.2213281774976 1.02657524232293 36 17.236009354819 0.0248006768759854 49.5581166340001 215484396.343018 1.20561121927802 0.7796590215748 36 9.85749908664588 0.164232631634621 164974831.31125 218.106143328 393494113.091454
0 chipseq_30000.dot 4807293396 1.0959388904812 0.393198176371882 36 0.922918644464986 0.0347560297676074 46.2911032359997 255291018.516146 1.11202591455665 0.575960931801568 36 3.91500412464351 0.150574853553402 234839447.239726 421.502705170008 525406812.017385
0 methylseq_30000.dot 6761426956 1.10774150930216 1.79494362556692 36 20.3487024756081 1.15014218547212e-05 765.122426297999 447094262.73658 1.09749984649948 1.78473366506057 36 25.3515439940501 0.0444250694850752 447065987.573528 718.077141531001 562698291.861746
0 chipseq_1000.dot 32978181418 1.15486810198349 1.19652285349163 36 9.78193937095946 0.0034506083908999 0.313001942 80655074.9611777 1.07726968544276 1.15923932604881 36 9.47781235166863 0.0771144405240727 66505571.2667392 0.181936067999999 111943499.988866
0 chipseq_30000.dot 4605965334 1.10562734891602 0.32498207867118 36 0.694905279022655 0.0248700992214344 38.10467606 318586734.36416 1.11893297226125 0.518258209845869 36 3.00367561428489 0.111231332929591 298497459.447558 389.420267310004 623883447.657433
0 methylseq_10000.dot 6273818718 1.09977006675688 1.21062246365242 36 11.9644092242051 0.000138081603903576 51.5843969739999 116123364.192682 1.08923569427773 1.21804646372278 36 16.5017415188335 0.0483092282081168 115773774.530602 33.3996638030001 155222385.917702
0 methylseq_25000.dot 6761426956 1.11704221881853 1.79515393679008 36 20.3601292244628 1.10565645567121e-05 504.262920919 372682639.586554 1.10982519107823 1.79473119684409 36 26.3624247455621 0.0466532128513303 372752866.346044 472.838827436998 480784719.276666
0 chipseq_10000.dot 4605965334 1.12408747006962 0.331665283301522 36 0.687975077833226 0.0255547378551712 6.95663959399998 99312421.485599 1.11424343461468 0.508616439430407 36 2.90234904314911 0.109883789210582 99066620.5801037 25.0211259459998 199452194.958964
0 methylseq 22500260922 1.83333333333333 1.57617326652739 4 399.118029109537 399.118029109537 0.003305689 4936881.28454951 2.83333333333333 1.9389195260047 5 2645.67644498021 2645.67644498021 2895226.88541667 0.000479606 4936229.72071414
0 methylseq 110641579976 1.83333333333333 1.5938486209128 4 2348.34067685172 2348.34067685172 0.003230162 20296142.1425937 2.83333333333333 1.86178396621184 5 12762.6745592986 12762.6745592986 15084215.225 0.000473564 20837830.5651502
0 eager_25000.dot 8330435694 1.22068384566572 0.855407977335998 36 7.87949118110754 0.0418518856085313 113.388066308 141398166.783018 1.24583525984289 0.356725845192107 36 3.02492895027729 0.204369744188917 103370756.105313 798.354942576994 267670576.191441
0 chipseq_20000.dot 41366257414 1.08969702205385 0.919138536845705 36 4.12133806257492 0.0013254684904684 17.168731069 1949037097.35214 1.1091038185844 0.958310275898997 36 5.91875963327074 0.0480461065718952 1754984623.3437 126.890771459 2707704550.85011
0 chipseq_20000.dot 5058052541 1.11962976400943 0.392378653940083 36 0.897376798280585 0.031311794782938 29.13877182 206245656.140948 1.11822317362444 0.537984062395522 36 3.2085858854975 0.128613130695333 186506778.162497 147.471691919 380068422.595066
0 chipseq_8000.dot 32978181418 1.12735318495507 1.06556339922434 36 5.16062005487485 0.00199258847823859 3.89448474800001 668092557.171169 1.10987379913713 1.11418500291191 36 9.40193597180143 0.0683085016092292 540041171.892319 12.7551980740001 894470739.732687
0 atacseq_25000.dot 11187378708 1.08035386274901 0.653441221084492 36 2.1425095478872 0.0137099239307123 41.844419169 301862612.698697 1.07634816652019 0.783427610345491 36 5.11715426235919 0.0924700424341028 281057681.147476 199.709780037002 489115761.984791
0 atacseq_25000.dot 3908761308 1.08028532458017 0.206949890021453 36 0.380740004516476 0.0251380625660962 37.4055759549999 166557789.211722 1.08443799511353 0.378695339548712 36 2.12880834121114 0.111342491632431 159356205.076539 228.528332079001 337106507.257462
0 chipseq_4000.dot 5058052541 1.12437709695964 0.398421821420983 36 0.919724054357623 0.0332294175532668 2.30299660199999 39822654.0923286 1.10927430797714 0.527170743004887 36 3.82480876747119 0.176499173086515 37135328.4750001 3.210860287 84406105.2267666
0 eager 8330435694 1.87612612612613 1.74170691294083 8 27.6996270895869 23.6973929321073 0.037887119 3132077.75151319 2.3036036036036 2.93581642810697 12 312.198844661504 37.3277013620917 3090946.10416667 0.008841044 1947873.86057411
0 eager_15000.dot 14754556884 1.23966512609709 0.937971089619817 36 12.7504075500548 0.0178864030196767 51.9385838310002 194471591.874795 1.22620610494934 0.717632707552537 36 9.01433144846947 0.1881487731607 153913192.986942 220.249090637002 366209820.708942
0 chipseq_15000.dot 4807293396 1.09515129243321 0.39580505003249 36 0.936241323658467 0.0343273456407377 14.090860022 127682327.31008 1.1136497406322 0.578790478127724 36 4.18683678224039 0.171667958781536 117160027.664761 68.8202063360003 275434800.216767
0 eager_4000.dot 25705994498 1.34256405819413 1.32608507443423 36 24.1523924053781 0.0448163641122453 5.27416675500001 90195337.4899068 1.33416525393329 0.867999708399337 36 13.7097272975096 0.177545268809489 62908268.1489008 8.73757240799997 126973840.100446
0 eager_8000.dot 19100037384 1.26186031141653 1.02837186331902 36 16.1002797252193 0.0262642544793989 18.6877198249999 117551185.237984 1.24117756825702 0.794390597803284 36 10.4865527814255 0.161442682519084 87923847.3729963 43.1499339169999 209639955.046678
0 methylseq_4000.dot 110641579976 1.11865436865437 1.85809041060202 36 24.5752728549431 0.000193316912875203 5.385713519 933075276.760769 1.10626102292769 1.83537751250053 36 25.4571942511521 0.0103893738358072 838064119.004995 3.92245342100002 957223018.628252
0 atacseq_200.dot 14091675276 1.29537518037518 1.18333184921716 17 2.81929118289265 0.165736531360785 0.057897726 7314481.81378234 1.25648018648019 1.38941920534312 36 15.5459680563749 0.22870649930935 5356383.8375 0.011940787 7611239.26947271
0 chipseq_25000.dot 32978181418 1.12761101823601 1.23379885559253 36 8.78376756304613 0.00200352322649054 32.602599888 2136097539.51665 1.0973083160583 1.1460184092968 36 8.73422438539994 0.0529249727976062 1692935901.28883 237.817132507002 2673035856.77171
0 eager_10000.dot 19100037384 1.28872833686705 0.98045443284996 36 13.2308107323165 0.0283431344434447 28.537059975 144366189.106402 1.21917619331105 0.800682649844654 36 10.1650475791791 0.157053779669591 110690156.339795 77.6655910970008 261133193.221624
0 methylseq_30000.dot 11897958606 1.46283434008522 1.86642544875661 36 9.34467587205084 8.05526877285505e-06 458.337679485002 862766767.878199 1.09709968643545 1.81623555767153 36 28.110776356338 0.0470480998679641 763580216.368448 681.722063145 1000170705.52539
0 atacseq_25000.dot 11809629756 1.09356115557746 0.631021597419302 36 2.09112517514806 0.0168748214808321 47.8666114520001 281031849.068143 1.07587333686022 0.814817506541465 36 5.66356991416803 0.0995318701648407 254718669.184732 211.431123076003 466141045.632025
0 eager_30000.dot 19075314980 1.23189475865621 0.995816292058179 36 12.810092200797 0.0196332771304376 198.153041194999 415303141.746588 1.20774631270746 0.786623160385734 36 9.35458731302403 0.155922008092705 325809736.992908 1449.48610528699 764499494.10394
0 methylseq_25000.dot 11897958606 1.45020473116969 1.86747914820376 36 10.5438768086913 0.000164596153479126 292.843669723001 719617986.574509 1.11025129100024 1.81497177136588 36 28.2208502206817 0.0487433213368312 636628649.12796 462.280530804003 829872778.112445
0 eager_15000.dot 19132169434 1.26255679698491 0.999674312858301 36 14.560543535878 0.0208265420926174 51.5975287559998 208467833.79889 1.19780492283298 0.781613874875201 36 10.4056945742353 0.185947715175941 165297955.577033 218.516957983001 416216154.936862
0 methylseq_30000.dot 22500260922 1.12816502262283 1.23259313357556 36 13.6071222237029 1.90744212139919e-06 576.310645008997 1054287905.70438 1.08842584652912 1.2375553050074 36 15.7438937863581 0.0161328018130881 1013478565.16862 620.004953034999 1194937558.05488
0 atacseq_2000.dot 11187378708 1.07933886553768 0.715363229616246 36 2.44986865138397 0.0138420612168111 1.049041555 23420038.8765696 1.06734621947641 0.755805403242792 36 5.74226552658844 0.13931486252738 22319762.0579994 0.602567693 43898156.3482719
0 methylseq_10000.dot 11897958606 1.45612054345547 1.87109064434465 36 9.15481068939215 0.000145184735934787 34.551810602 288393373.216537 1.09446000622473 1.82468344667455 36 29.5588868867232 0.0504310289971962 254367242.468462 36.4448211179998 339020847.329605
0 chipseq_25000.dot 4605965334 1.11292452438284 0.31577035778409 36 0.656405463472711 0.0237782464425553 26.9457068519999 257247567.145414 1.12930584284749 0.519330118530136 36 2.97083078750667 0.106162843215991 248955487.513201 251.787237854001 510234552.355915
0 methylseq_30000.dot 6273818718 1.11625708484455 1.21568227807332 36 12.2725332930247 1.90615189372913e-05 681.621188289999 348136206.903674 1.09791906180465 1.2220141152741 36 16.927770121049 0.0502340783258417 346268999.290348 638.242103736998 470136740.811565
0 eager_30000.dot 8330435694 1.2188160780906 0.806593662641112 36 7.01811313650985 0.0423573696041203 210.356173330001 181719324.855375 1.24799868085438 0.324264206827337 36 2.75235338774714 0.197198538919295 124241119.11723 1378.11574215001 306458287.989149
0 chipseq_200.dot 4605965334 1.33769132653061 0.734108714008845 14 1.21878493147118 0.0629622806407599 0.059892351 3134129.05372591 1.13352272727273 0.820401489893895 36 4.6316230332957 0.134629659463628 2282910.0625 0.012553202 3862207.46227788
0 methylseq_15000.dot 6273818718 1.10204142149701 1.21164689458679 36 11.9814773473988 0.000634566850145689 129.343473389 174938376.38213 1.09397994586148 1.22100094660025 36 16.5160660761004 0.045789923847183 173054485.813416 96.0857429669999 235395077.6604
0 methylseq_2000.dot 11897958606 1.47873238987697 1.91054546242798 36 6.65408819317318 0.000771355004933544 1.364080372 57752918.7719853 1.1339325556193 1.79911619144476 36 30.6352525936456 0.0678374072795812 50945035.5995837 0.877808839000001 69338006.1074404
0 atacseq_200.dot 3908761308 1.32357142857143 0.799169829490858 16 1.06347374683215 0.0889933247865823 0.066070337 2528512.58656433 1.26668951418951 0.849150229940621 34 4.02077592221976 0.131370188433608 1914247.13927441 0.013721869 2608914.19872593
0 eager_8000.dot 8330435694 1.27765071058155 0.978667206175627 36 8.9817574037374 0.0448077716305423 17.435410825 47895477.0356957 1.25975919636393 0.413410606779398 36 4.57291785551024 0.253917926204366 33703188.1290241 41.7518442750001 93542190.0681292
0 atacseq_200.dot 2223941232 1.36580026455026 0.818581055361162 16 1.06819850483527 0.0725858960893417 0.067385013 1616737.37744572 1.19979316979317 0.835624302296808 36 41.1881882915202 0.173050743782651 1196090.47509215 0.014102772 1776740.83403473
0 chipseq_2000.dot 4807293396 1.09519917055518 0.488984096847473 36 1.16598064097656 0.0316144584187786 1.022476805 16994563.1880435 1.11242054359143 0.484585189227553 36 4.48288439773291 0.247942911659759 15493802.928058 0.731127673 38603532.1591259
0 eager_20000.dot 19100037384 1.23709338358708 1.02224030949675 36 14.5876906114088 0.0232784269282173 103.030534521 284920245.624811 1.20827933940445 0.769672071082231 36 10.3214897095723 0.173331682239953 218300688.880952 460.091684866999 532589467.720712
0 eager_10000.dot 19075314980 1.27523064412522 0.996525614897069 36 14.0846876570664 0.028877889848304 28.3817068660001 142893471.652964 1.22344031013401 0.773212405145722 36 10.400962166438 0.176431756953585 110380325.022537 75.3836282290001 268523169.164521
0 methylseq_25000.dot 6273818718 1.10592234440053 1.21533467898205 36 12.2361266405875 2.13219879895558e-05 470.303936377998 290035447.054576 1.08611282567119 1.22056108536617 36 16.9944968106968 0.0526239619360776 288837656.574984 392.789235016002 397122727.66901
0 eager_10000.dot 8330435694 1.2622396285521 0.93457180308716 36 9.88871568785238 0.0403825561546233 25.998233113 58456251.1099642 1.22961852732035 0.384681208398926 36 3.56166456315345 0.207515094567282 42202948.7276167 75.0859657860001 110231897.055689
0 methylseq_200.dot 8885797810 1.91691468253968 1.74731907613597 28 3.78249009503582 0.0237469043042864 0.072993761 4293532.43732432 1.71337632275132 1.98522987256565 36 857.033340697774 0.0639078591240642 4001320.6 0.014578925 5059178.20928929
0 chipseq 32978181418 1.91666666666667 1.19166258156655 5 9.53427653863268 9.53427653863268 0.005833164 8224496.93829646 1.859375 1.73711633214642 9 11.3923350800568 8.2513418032743 9007773.49850335 0.000997084 9010540.79003456
0 methylseq_2000.dot 6761426956 1.29274239816408 1.78357171591148 36 20.1489905334077 0.000635605966092742 1.460942744 30176571.2054502 1.12594026901256 1.77145936060487 36 28.5348144514282 0.0613816178759226 29801125.2683366 0.869094254000001 39726027.0987737
0 atacseq_20000.dot 3908761308 1.08163397595805 0.135645309462039 36 0.269311766478724 0.0298025400343854 27.3097746669999 125021982.572517 1.0800237823115 0.356586862120053 36 2.11636299711983 0.12657847855286 127410981.878802 122.193226314 263895949.746716
0 atacseq_1000.dot 11187378708 1.12994284881785 0.851274312269456 36 2.218030524839 0.0140897952780145 0.429123006 12118882.1044703 1.05959675047175 0.842828450504121 36 6.15947313535715 0.123075559135634 11439138.2539554 0.153462299 20830831.1212258
0 eager 19100037384 1.87612612612613 1.70911193968829 8 35.4749576153584 28.0233980811926 0.037895481 6215825.43242916 2.28869778869779 3.04737594088761 13 279.520457990986 19.4188463219969 5664308.8875 0.008608244 3154847.2609904
0 chipseq_10000.dot 32978181418 1.12492074028729 1.13504781917961 36 7.15939903008256 0.00194226683575458 6.07787057699998 842936683.171383 1.10288730953675 1.14752615002128 36 8.98606678341228 0.0532680562471721 675393475.384739 21.722760484 1067039108.81649
0 methylseq_2000.dot 110641579976 1.19055587429081 1.89462113466962 36 29.0154537323834 0.000664181882990198 1.431758411 468174525.359082 1.13785299929878 1.86036534775784 36 29.6178116311398 0.0099666576720167 419427342.357363 0.884145036999998 490541145.445249
0 chipseq_8000.dot 3793245764 1.10891635793674 0.226587136824525 36 0.413996551281612 0.0210342696337504 5.62295874500001 76485502.5654056 1.10438788940945 0.379202676618193 36 2.25334589093903 0.119753410325374 79774806.6123081 14.485074283 158015432.152539
0 eager_25000.dot 19132169434 1.221323963696 1.00041062350531 36 13.7066924491192 0.0233838567014343 171.883026923001 346991920.629258 1.20712212091238 0.797255548830861 36 9.31211121810068 0.147853478738833 272153724.169223 816.9161992 629558673.923381
0 eager_4000.dot 19132169434 1.33521784488931 1.06830946220185 36 20.3945396491832 0.0472861266584032 6.22604100499997 65113856.648274 1.22094568439008 0.814261000485811 36 17.0265492270661 0.337251005921622 45564387.759541 7.835504048 144514889.016384
0 chipseq_1000.dot 4807293396 1.12579127603166 0.68403659530222 36 1.80942675175728 0.0258663829756933 0.392595515 8664379.82880688 1.10728787772057 0.553628602662733 36 5.36970658556566 0.238271910007537 8102448.62714592 0.191125124 20426850.8316188
0 eager_15000.dot 19075314980 1.25469516808588 1.03059290574395 36 18.8929246289738 0.0253248055211093 59.2134033280002 214510264.950805 1.21239308504736 0.794145137827179 36 10.2115265443553 0.175473980334425 164459567.103132 218.301000150001 397734023.150668
0 methylseq_200.dot 6761426956 1.76934523809524 1.74335040771528 28 3.76089257928459 0.0282329548429821 0.074621845 3551826.19419276 1.71337632275132 1.97305524204261 36 619.584814016069 0.0962777248618618 3072243.3 0.014701334 4039757.4890108
0 methylseq 17027257018 2.83333333333333 1.58695445928621 4 740.227608594516 740.227608594516 0.003302982 2580312.04223274 2.83333333333333 1.84981086518083 5 813.653074815322 813.653074815322 2175361.36458333 0.000484993 2579673.60443436
0 eager_1000.dot 8330435694 1.32350424317336 1.4943063142955 36 24.0588060655904 0.0713515870672968 0.983640057000001 10016683.6573642 1.57782583982275 1.25036955537816 36 24.4754176947677 0.358818025298832 6260258.08872824 0.476794774 13831953.3251276
0 chipseq_4000.dot 3793245764 1.10896192382041 0.212551653472361 36 0.403904936141695 0.0199928964137973 2.153005055 38410341.583741 1.11001730842532 0.363513895126217 36 2.30459136298632 0.130540872285797 39748586.4294816 3.092379021 79381616.5574145
0 methylseq_200.dot 11897958606 1.68253968253968 1.76306502778397 28 2.94371957060445 0.00077075622533624 0.074397285 5770072.9567328 1.71337632275132 2.02486827055373 36 877.299593567542 0.0497560028109499 5211660.3625 0.014574463 6746895.11249463
0 atacseq_1000.dot 3908761308 1.14207950845451 0.543781121546146 36 2.13015204574108 0.0106220084026609 0.441414939 7052931.71515011 1.06173483460983 0.411439588241013 36 3.54564237808092 0.20510360452891 6527492.91861432 0.165620143 15272222.8792751
0 chipseq_1000.dot 3793245764 1.1265964270772 0.361729101005287 36 0.750574363007618 0.0181584075465363 0.411084742 10121353.7785672 1.06862261669954 0.363066500633264 36 3.1089209877694 0.196975268563232 10065468.6733503 0.202255129 22242596.4413987
0 atacseq_2000.dot 11809629756 1.10956951118427 0.701275249732957 36 2.32408106665482 0.0135328033759518 1.007552488 21527363.4904704 1.06677367431044 0.830583930506272 36 6.51259138779489 0.127195757564795 20301301.7454455 0.606575000999999 41553208.6621899
0 eager_4000.dot 8330435694 1.32961355652313 1.03772427058789 36 11.9739086615228 0.061506392156193 5.909733642 28203776.764246 1.31117751374671 0.616339867191883 36 10.5872985947613 0.313309384333014 18947035.4578168 8.45542900000002 61894705.3588121
0 methylseq_200.dot 22500260922 1.91021825396825 1.74856415529186 28 42.2994230653186 0.0155663626504549 0.071870868 8873393.59999206 1.72900132275132 2.01903694516596 36 676.061472990089 0.0449838985729568 8100415.5625 0.014775297 10807234.7259112
0 eager_4000.dot 14754556884 1.32038039888187 0.988815016336525 36 19.7928177918455 0.0745592509046828 6.01138602400001 62803768.2976959 1.26185763266998 0.83844948885899 36 13.4681426194302 0.236137546121697 44086531.8218611 7.91307561299998 112584077.200522
0 methylseq 6761426956 2.83333333333333 1.58378317094577 4 36.2749288585297 36.2749288585297 0.003259496 513969.633107818 2.83333333333333 1.47878612027799 5 495.138202176039 495.138202176039 1080079.2625 0.000479973 513114.816119162
0 eager_200.dot 19100037384 2.18519948519948 1.45595672265698 12 23.8998963393896 4.5245825665651 0.129447246 7903687.17831746 1.97261657261657 2.93182624525648 33 152.674889047727 3.42619982886804 5664308.8875 0.032960192 7003299.39035814
0 methylseq_20000.dot 8885797810 1.11000670109317 1.80932206259603 36 21.2027497618316 7.44535257213221e-06 282.847240772001 387670733.164268 1.09354932449173 1.83646387375559 36 30.7745302816811 0.0549198560343603 387703921.653602 231.000895576002 554782373.039265
0 atacseq_25000.dot 2223941232 1.07350048294526 0.0807330452627791 36 0.135552427247103 0.0251002567510523 47.7250747829998 90838221.0195837 1.0854811872453 0.301486282797386 36 1.90611451959573 0.161192261241257 87330485.9619505 241.552887449003 211970032.096778
0 eager_20000.dot 25705994498 1.2431914467793 1.22984962861966 36 19.5782745241268 0.0364397281850256 116.700684904999 438849799.151029 1.25965002852086 0.79666626530873 36 9.27505707006407 0.151630712120018 303138999.581972 493.998347663005 629518198.61799
0 eager_25000.dot 19075314980 1.22305476581875 1.00639033281422 36 13.0694522337307 0.0202319170032538 132.711766409 342324733.006162 1.20026504773227 0.786256873152038 36 9.55845931137087 0.151144847091306 271285918.264839 817.164050861013 643843746.643517
0 chipseq_15000.dot 5058052541 1.1163120320831 0.394040305466732 36 0.903801602530881 0.031638558544638 17.664780957 156480740.50698 1.11517073111917 0.539811618146734 36 3.18381643217421 0.123530400714927 139913744.168836 73.5578170210001 281218825.466251
0 chipseq_1000.dot 5058052541 1.14341134293057 0.695432909198677 36 1.90854916742253 0.0265040142682685 0.428675728999999 10784172.2631276 1.14124230470384 0.516100091181074 36 5.20049826125028 0.277575122058297 9593787.58808962 0.201217485 24928805.5175253
0 atacseq_15000.dot 11809629756 1.10301353606011 0.645738281126682 36 2.17618344696874 0.016399746815916 19.0317880200001 167433338.070531 1.07493035274753 0.821547876531 36 5.96656837803797 0.109854609920013 152631627.520314 54.3071041039999 291271255.494869
0 methylseq_2000.dot 8885797810 1.1505705361127 1.82206250726988 36 22.1223676114788 0.00116614913762537 1.615789774 38947079.3740503 1.13378912475298 1.80890346817591 36 28.6276006177516 0.0452038258153671 38820590.7538045 0.881546037999996 53043228.044156
0 chipseq 41366257414 1.6875 1.09778183172657 5 7.49230568508555 7.49230568508555 0.005403864 16419444.9201356 1.52083333333333 1.86731717768277 10 12.3244674417697 5.67003034473773 12286519.2395833 0.000906782 16176875.1969904
0 methylseq_15000.dot 8885797810 1.11660121748195 1.80346146943528 36 20.8463253626395 2.0143676017479e-05 136.279943396 290530701.193771 1.11121277974764 1.82827849461413 36 28.6720197159575 0.0437569148158212 290673168.412507 116.401273245999 387449734.425058
0 methylseq_30000.dot 17027257018 1.12039366010958 1.84618140643507 36 23.2871341395116 3.61645473898787e-05 335.057004564999 1043199250.10904 1.09422710883298 1.82946761476944 36 30.5193746049619 0.0575540679766231 901575317.88542 690.162983120009 1282347014.03663
0 eager_2000.dot 19075314980 1.36083312832538 1.24988226173725 36 23.2905623029006 0.0440065895682654 2.197525284 35529344.207579 1.23709408090213 0.811169013955513 36 15.6225929535144 0.319389093383575 24062164.2260203 1.898715811 67031701.8455918
0 eager_2000.dot 19132169434 1.36212685031992 1.31635812203861 36 28.5256216993725 0.0375444346415229 2.352074194 34580993.8359586 1.23357552738357 0.832939742066453 36 17.695498734865 0.368346720000463 24071695.1146339 1.902690145 74918267.7391151
0 chipseq_20000.dot 4605965334 1.11479685052117 0.323593685892912 36 0.670922373190711 0.0244576083722081 18.397617214 202430583.610017 1.1198005751549 0.499415838748383 36 2.9024570990684 0.10983194255708 198725870.821714 141.142075147999 407497691.645607
0 atacseq_200.dot 11187378708 1.3406746031746 1.09196940884566 16 3.11210606749913 0.177278402810304 0.061821123 4137633.65991819 1.12112554112554 1.28991952140123 36 10.9308578681264 0.206486221324101 2840418.0375 0.012912063 4176617.74042412
0 chipseq_15000.dot 3793245764 1.10789288966457 0.254252327503061 36 0.496838554119029 0.0200726740822334 12.88317132 152055775.129226 1.11826438725435 0.415405904203214 36 2.3275478166737 0.104695425515102 150465753.549898 68.3577975879995 305277900.580993
0 atacseq_8000.dot 14091675276 1.07258284335491 0.761053717935194 36 2.89235444156365 0.0100466084820592 4.162263093 193847788.793311 1.09066980060166 0.894154612228881 36 6.08146896622587 0.0834867928353339 178665894.829999 10.7788660690001 303320840.244357
0 eager_10000.dot 19132169434 1.28127098709103 0.975235206808942 36 13.573616733627 0.0324505008426202 25.2819130450001 146952021.564645 1.21497613192979 0.80132678392246 36 10.2387968906326 0.166723310516457 110722655.260976 78.7993255020009 265919645.405287
0 methylseq_8000.dot 11897958606 1.44407701352146 1.86944047271395 36 9.12882238127727 -2.08831657819369e-05 20.042666134 230117708.868497 1.09386966331411 1.82243806188111 36 30.2580204617769 0.0570870330563708 203120811.450003 20.024650266 276900784.61213
0 eager_15000.dot 25705994498 1.26118361859873 1.2345353611902 36 20.3643107651318 0.03934864105516 66.3762080370001 326565863.937428 1.25270221900245 0.789961016432343 36 9.52698121681292 0.171937902722146 228113843.413581 227.392614946002 486923204.803646
0 eager_1000.dot 19075314980 1.36630174442674 1.71168837154416 36 35.7402456682497 0.0658583057867415 1.057202379 20243434.4920613 1.40166196990888 1.06821263357968 36 23.3885961975824 0.212854798036471 14133899.9860761 0.482213715000001 27123241.2827471
0 eager_30000.dot 25705994498 1.23791952418573 1.25496875418722 36 19.318999071332 0.0316535022778648 289.237529920001 624518672.514504 1.26084492448087 0.816090659816564 36 9.37912006779582 0.143242474981522 454959325.591995 1771.60800445901 928500242.886508
0 eager_10000.dot 25705994498 1.28351309184837 1.31802905802337 36 24.0016992943721 0.0483692946693043 31.018006225 225044078.765399 1.25033561059446 0.803730469296893 36 10.0552639996492 0.163634070294596 151559458.349245 82.2218465830005 331831742.441945
0 chipseq_20000.dot 3793245764 1.1064077505723 0.259952007342814 36 0.519092329838885 0.0202736839003531 20.6886858630001 206147281.584624 1.11689819879743 0.416501147516025 36 2.23801701754664 0.0989174885011901 200723026.851192 143.818476721002 392947760.997173
0 chipseq 5058052541 1.72916666666667 1.06494730767981 5 6.42642726963627 6.42642726963627 0.005851009 1738099.03384046 1.62202380952381 1.61073773368936 8 9.61939552271302 9.61939552271302 1729658.920629 0.001064025 1583475.28244841
0 chipseq_30000.dot 41366257414 1.0951638150215 0.934566431010724 36 4.23287752835273 0.00133435932386604 35.6679504489997 2932834750.44113 1.12172155929974 0.972287827071798 36 5.80142674705136 0.0415175040960231 2638781148.19124 374.158000385005 3948937913.34054
0 eager_8000.dot 14754556884 1.28926876159072 0.984320712279829 36 16.3557492103691 0.0301826267478018 16.611131081 111878162.215071 1.25218641497278 0.710880635855482 36 9.77020671167407 0.200998803384541 82007520.4307237 43.2446459949997 207641162.255449
0 chipseq_30000.dot 32978181418 1.13376996057874 1.23744334306443 36 8.45046322583907 0.0020628474430518 42.4752794390002 2565998114.81808 1.10566587551313 1.1492532883202 36 9.16872577804866 0.0550962295269877 2031997252.05715 379.885091840002 3247286722.21981
0 methylseq_25000.dot 110641579976 1.10307109454976 1.84731899892906 36 23.7574849034604 0.000128842358636103 388.904931284998 5823872250.56875 1.10782233093806 1.85505927979835 36 25.1571153021945 0.00494991084751335 5237531250.68256 462.623163573997 6014529821.49197
0 eager_10000.dot 14754556884 1.25973338197217 0.985399531325428 36 14.181383878656 0.0212652670121783 23.000266224 135501756.206841 1.24812367716904 0.730289685165265 36 9.32427354900979 0.177684965336868 103369567.910666 79.8083203780002 251232809.305239
0 eager_30000.dot 14754556884 1.1851795444949 0.945322181950345 36 11.4201919321502 0.0140489919848947 176.139753436999 378654925.193721 1.20615769798807 0.683746524496423 36 7.76413412196374 0.166421022820839 305836890.244951 1499.219891679 688927168.457103
0 methylseq_8000.dot 6761426956 1.11682317237873 1.78927895421117 36 20.0721169398584 0.000311490737170141 33.086140602 119113196.121144 1.09696601363268 1.78723569545216 36 26.8843519584885 0.0540725054630156 118912415.1625 21.2177136720001 160694039.838635
0 atacseq_10000.dot 11809629756 1.1012415666569 0.670771610857483 36 2.28221649116673 0.015428563469828 11.141586989 111516085.92389 1.06974748065627 0.799219085373559 36 6.04037941426221 0.122667869546652 101382392.962045 20.1804995820001 195022794.726527
0 eager_20000.dot 19132169434 1.21978218116539 0.991191581249804 36 12.6326653136745 0.0196091267153708 81.7703973180003 273012629.497324 1.19734360820657 0.788640040123683 36 10.0229732239684 0.155562395278672 218400516.802962 452.403638888005 515525699.21112
0 eager_200.dot 19075314980 2.12848562848563 0.968883748310589 12 112.863394118286 9.69495794298011 0.132001661 8019455.66539735 1.97261657261657 2.91703220651257 33 116.264107366768 3.18117720033611 5657999.375 0.032900885 7679532.93377095
0 eager_20000.dot 14754556884 1.18991420841543 0.963991189842939 36 11.9529105799471 0.0161908632899885 75.3638824219999 254599635.434167 1.2089250141914 0.700319176210426 36 8.28622199138057 0.170947701556851 204399239.378111 455.435479715005 474687711.393514
0 chipseq 4807293396 1.72916666666667 1.10342953299496 5 8.24439596779016 8.24439596779016 0.005675134 1521338.24419737 1.62202380952381 1.78691360384962 8 8.28769827473105 8.28769827473105 1445344.43778171 0.001109335 1604524.400811
0 eager_15000.dot 8330435694 1.24504791670635 0.85821185930456 36 7.70499200351141 0.0439150513187784 52.429279903 91859994.2042393 1.25690083382792 0.35240345985145 36 3.38529825760163 0.232956540610579 63942968.445676 211.850662425001 175092385.075898
0 methylseq_10000.dot 6761426956 1.11468396882564 1.78182182029475 36 19.6229983437125 4.0065922484087e-05 54.552641691 148794270.50135 1.10416071190383 1.79755261953247 36 26.910530276347 0.0473714528836654 148918777.5375 37.1253333310004 193332013.960999
0 methylseq_1000.dot 22500260922 1.2471632561994 1.23669466412154 36 17.296345364575 0.00126674285489217 0.501413997 36202604.4807813 1.16115254669471 1.2736686010414 36 19.6793129452402 0.0430335860693438 34574839.3541666 0.241777024000001 44273805.9097485
0 methylseq_8000.dot 22500260922 1.11485096207318 1.22994323863468 36 13.4747368393798 0.000231790514751176 25.3285351840001 281450842.115526 1.08518637685304 1.22654286466838 36 15.1226346122848 0.0216254203443248 269644823.799325 18.148301146 319263261.629188
0 methylseq_25000.dot 8885797810 1.12091902958445 1.81202010186636 36 21.3697497780053 8.06338765938329e-06 478.823139377998 484817186.866457 1.11123811555884 1.82515579417284 36 28.9667006279251 0.0489339691003721 484878454.753499 459.014567170008 651742385.166101
0 atacseq_1000.dot 2223941232 1.13538258772818 0.417486530948403 36 0.917572841206106 0.0204529184532 0.4800063 4197177.21783056 1.08028633213192 0.304821081455095 36 2.44127032881883 0.244201926477728 3512130.21667375 0.169113024 8912666.03789547
0 atacseq_4000.dot 3908761308 1.07607092262153 0.193535233051783 36 0.39880273041906 0.0267886033277859 2.746387158 26127043.5927715 1.07753320865345 0.322990693438438 36 2.49020684173529 0.177481761265532 25564661.5624998 2.76848553799999 56574985.0969931
0 chipseq_10000.dot 3793245764 1.10413109238298 0.200866785395136 36 0.363578979029619 0.0216603920744732 7.32216931999998 95732089.9735657 1.12331901077203 0.3978178529076 36 2.32147348114056 0.114448551668606 99921584.7243554 25.1802300140001 198973505.821096
0 eager_1000.dot 19132169434 1.38171667859168 1.71123297324719 36 27.9743107309499 0.0687253902460693 1.058073066 20713172.3658573 1.40630747676027 1.13650047504444 36 23.9260489629538 0.250118381505288 14083620.7888022 0.520658571 29752862.031296
0 methylseq_20000.dot 17027257018 1.44620784821867 1.87168135011724 36 10.8079376273001 1.17504358879916e-05 164.080198331 695466077.063408 1.09920317333286 1.83817995373718 36 31.1828554011785 0.0568675654258897 600877949.479167 226.107086382999 883342622.505084
0 eager_8000.dot 25705994498 1.28115003073721 1.27770727478269 36 20.8700747341323 0.0418010582672788 18.525049934 174927344.188561 1.24150694474739 0.821837143167859 36 11.0863217809142 0.166994379124442 121115040.157288 47.9406921260002 276677713.128464
0 methylseq_2000.dot 17027257018 1.47534582775547 1.91177313465536 36 6.78631993563872 -0.000274598245311376 1.378530967 69259582.6889719 1.1361557340473 1.83687336343543 36 33.2039030926002 0.058881316009388 60001881.0104167 0.896830271000001 90016174.1307959
0 methylseq_4000.dot 6761426956 1.12486295819629 1.77055480081524 36 18.9739510719535 0.000426143462734694 6.544485358 59625935.7689193 1.10589955034399 1.77625866064227 36 26.162477031119 0.0547091778739426 59434483.3795332 3.94999268300001 77785819.7014173
0 chipseq_8000.dot 4807293396 1.09314824739002 0.401003955318563 36 0.95118300577777 0.0347104923710924 5.84701579 67118659.2304627 1.1187477621647 0.580113241810743 36 4.33841987106717 0.187084895401385 62355184.5625006 14.525940479 149509540.089893
0 methylseq_20000.dot 6273818718 1.11443942656431 1.21543199142303 36 12.2786046180451 1.11955630449768e-05 262.531545237001 232187115.20279 1.09794711535411 1.22224597488628 36 16.8625208428104 0.0482385430824838 230902003.760773 207.581364385001 312958584.558046
0 eager_4000.dot 19100037384 1.33766125708736 1.05525566881364 36 18.7376220119316 0.0533328541372186 5.83444435900001 66295328.8506084 1.22398066323717 0.870019357270498 36 18.8121539268954 0.27584352639463 46299101.1569746 7.87289486699997 137672333.12007
0 methylseq_20000.dot 22500260922 1.11061170499949 1.23140858674518 36 13.5000774363814 1.67622702597791e-06 198.28701084 702633948.876491 1.0923678995408 1.23191550227783 36 15.5632891260743 0.0201528260865842 675008385.427067 201.720096695 813109690.991746
0 eager_2000.dot 14754556884 1.35762446629319 1.26355879680852 36 20.8146107987167 0.060875964140011 2.321219217 34289196.650832 1.27551817505378 0.75301888328454 36 15.3252606279458 0.371691951044069 23122713.9890865 1.883747022 56663437.4655962
0 atacseq_20000.dot 11187378708 1.08772806550587 0.641044142644363 36 2.10893929614838 0.0143632816624206 27.879623274 243450697.652876 1.07136242565282 0.785841369771353 36 5.25646443622462 0.0972458392854978 225238364.837497 116.522466485001 394951200.408758
0 methylseq_4000.dot 22500260922 1.11109522220633 1.23605080011441 36 14.032656929442 0.000834564721687028 4.96046290899999 141696741.519073 1.08823506045728 1.21542305875638 36 14.0471871026209 0.0207977216041398 135483385.904021 3.722571902 158142990.039555
0 atacseq_15000.dot 2223941232 1.07715521008881 0.0748736581402746 36 0.122606879678821 0.023465558049799 21.331232228 54330747.1887549 1.08807015435288 0.258082143350072 36 1.86619602890957 0.194217009883022 52382074.7400799 63.2123699709999 126703225.66092
0 atacseq_8000.dot 2223941232 1.08146672323771 0.0715737149669544 36 0.136850718638423 0.0213546006268557 8.129838106 29436787.0636853 1.08537506508185 0.249289930191871 36 2.14156539540249 0.24045740902602 27961997.4399922 13.506932084 73088835.0664631
0 chipseq_200.dot 41366257414 1.20418792517007 0.777884823399736 15 1.91672607362068 0.0155157010048605 0.046506248 19861109.1536147 1.16145833333333 0.945393787801682 36 4.57648034541398 0.108355364584761 16200128.125 0.00957718699999999 27322125.5294577
0 eager_200.dot 19132169434 2.09369369369369 0.998992714849564 12 100.697010003533 15.7220767499855 0.131362886 8773293.12995171 1.97142857142857 2.86527849694825 32 161.490780089473 2.39787571105096 5643481.3125 0.032944126 7845435.9293231
0 chipseq_25000.dot 4807293396 1.09862017674515 0.382296767790289 36 0.889595221979352 0.0361118863464994 32.1334394369998 208999875.100602 1.11305532138863 0.57604122101868 36 4.0092610571525 0.155182368782381 195773423.625004 265.664424672001 444561519.140884
0 atacseq_4000.dot 2223941232 1.10686721013458 0.100774883262839 36 0.193635801333849 0.019408301534594 3.277936047 14820827.5126271 1.07488488226125 0.245307623400465 36 1.84975666087123 0.241346289742835 13270150.6540761 2.64243725200001 33412983.7319503
0 chipseq_10000.dot 41366257414 1.0998046048563 0.880921130911617 36 3.76675734120922 0.00128307698142187 5.59489175000001 968263996.887182 1.10301013731465 0.961740745160364 36 5.77069956353919 0.0434732140365016 876355626.554789 20.954647807 1304787213.82452
0 chipseq_4000.dot 4605965334 1.09363664375457 0.315733156897993 36 0.65246696832246 0.0255877410538298 2.197093861 38784106.1351213 1.10590523208447 0.443197504024563 36 2.96338668602578 0.152139523751313 39174261.3788841 3.05147483200001 82401732.5738588
0 atacseq_10000.dot 2223941232 1.08206903502314 0.0743480577718202 36 0.138208420634352 0.0214947842099752 11.197761367 36535495.6294607 1.07890672883996 0.251321271604903 36 1.91651055801542 0.222248549255597 35017862.4179739 22.665863259 86221383.2907358
0 chipseq_25000.dot 3793245764 1.09458790708789 0.268570032789333 36 0.540689920779275 0.0202749716619683 30.078840031 259835235.170893 1.11980701043199 0.428764250947112 36 2.28759513324497 0.0940320737037606 251437078.595684 259.22250521 493039955.758184
0 methylseq_25000.dot 17027257018 1.44129028898593 1.86948434474382 36 10.9350862106855 2.39683678193884e-05 279.153843733001 869388629.751914 1.10130065254889 1.83837012514383 36 32.2747351131291 0.0649312302732107 751631224.182642 437.769629445003 1109724078.18765
0 eager_30000.dot 19132169434 1.22614125648213 0.976808822119442 36 13.0855301238822 0.0217006639986075 156.418640361 411756975.514641 1.20455433994807 0.797906909418907 36 9.23969664137915 0.152909046300951 326748082.18821 1401.87073341202 763329714.239987
0 eager_2000.dot 8330435694 1.32085342112079 1.16290125145706 36 19.0245050052983 0.101591646299747 2.375786402 15467152.9152844 1.34530002440219 0.770928809361759 36 10.3260853401318 0.313123217194976 10025675.8271655 1.794973939 24906024.9262058
0 chipseq_30000.dot 5058052541 1.11725487814936 0.3767520976887 36 0.842030909251638 0.0320457439116503 54.6936182480002 310743425.347544 1.11415020203593 0.529747105470745 36 3.34372759298207 0.136533731150889 279769799.718929 433.188874215001 592675173.462955
0 methylseq_4000.dot 11897958606 1.45648426203982 1.8775729563718 36 6.54608269485174 5.99048649302354e-06 4.53734759500001 115108404.940095 1.10556588334366 1.80395800470692 36 29.2264839999914 0.0601219607675932 101694968.496979 3.91559294100001 137578871.464566
0 chipseq_4000.dot 4807293396 1.08464651831397 0.376196727421547 36 0.868140998799257 0.0323698932354657 2.419710864 32842849.1840341 1.10300132912161 0.547576368512795 36 4.16813110976818 0.196029486272945 31029016.5734704 3.060180246 75901344.6167949
0 eager_200.dot 14754556884 2.04714714714715 1.27251426967838 12 75.0372587736456 25.7406382383415 0.134533259 6110123.23019822 1.97261657261657 2.92246802331454 33 99.0572709564725 2.28033648987947 5672967.6875 0.033439777 5017649.28109272
0 methylseq_15000.dot 22500260922 1.10568242954154 1.23142685586611 36 13.5059922619997 0.000218000978336039 110.881411958 526974844.520112 1.09248033347316 1.23914822559839 36 16.0550932217362 0.0184302108741094 506618857.836565 102.439667766 591762360.859481
0 chipseq_20000.dot 32978181418 1.12094788164483 1.19539694321253 36 8.27862105888653 0.00191358600258242 20.3557692339999 1701363948.28219 1.10386177235362 1.15468633123915 36 9.18348819269302 0.0533264423823701 1355032037.13619 130.717241626 2134815409.97061
0 methylseq_2000.dot 6273818718 1.20285108688723 1.20406617948663 36 11.9316190472086 0.00351982545337658 1.519343846 23816831.1829893 1.10974054949958 1.21981019365407 36 18.6178608840936 0.072651459219438 23203744.3506009 0.876920821999998 35447375.3641616
0 methylseq_1000.dot 17027257018 1.49333843309747 1.94171074408859 36 5.37116571890048 0.000993898845762582 0.506187454 35259006.6295282 1.16448333014598 1.84040422809543 36 41.8155408057884 0.0851236872999544 30234808.0427242 0.259841766 47665286.1456499
0 eager_25000.dot 19100037384 1.23395583960763 1.01686637895697 36 14.7726904839603 0.0158418989545584 131.903510587001 346516325.726958 1.20341604427962 0.79928670787341 36 9.59170912522352 0.153755895814775 272204640.802591 823.268266660003 639563375.187237
0 chipseq_8000.dot 4605965334 1.10591462482137 0.318083173533671 36 0.651100507402284 0.0265972353045726 5.05578015600001 78635950.0661263 1.11027109645841 0.484627078907376 36 3.00131289881189 0.128016847953358 79049075.5495272 14.486604278 165548273.838614
0 atacseq_2000.dot 2223941232 1.11691346320816 0.196170152179328 36 0.311128372237619 0.0132863276316817 1.186151583 7275922.01759221 1.06098611716042 0.224017965605508 36 2.27404028171549 0.29510029763611 6780389.9577924 0.660566101 18519279.5160638
0 methylseq_200.dot 6273818718 1.85300925925926 1.73900906083178 28 3.68551186381328 0.00284486868535629 0.073541993 2917132.67787083 1.71337632275132 2.06022726430841 36 564.156127112153 0.0864221888466788 2813026.45 0.014692462 3817517.90878059
0 atacseq_8000.dot 11187378708 1.08686466464085 0.624710737698205 36 2.01194041399853 0.0131254729366331 7.57415123500001 96266073.5993252 1.07489815756405 0.800460887658246 36 5.57134404266538 0.105096407432141 89762247.469895 12.103921816 163098705.490948
0 methylseq 8885797810 2.83333333333333 1.58779876950543 4 179.70637886916 179.70637886916 0.003105674 1847707.50245808 2.83333333333333 1.881082398261 5 985.964961343234 985.964961343234 1402989.4375 0.000481917 1847557.8178183
0 methylseq_10000.dot 22500260922 1.11708334127303 1.23154844671752 36 13.5096939163233 0.000372758598258596 41.7763105330001 351841197.876812 1.08742544636904 1.22902272836974 36 15.3657604308532 0.022376419237097 338561601.503586 32.6266765559998 409619398.63414
0 methylseq_1000.dot 6761426956 1.38238668961561 1.81325265662726 36 25.656770077838 0.00736537344290414 0.540111458 15520682.155229 1.1393510550137 1.81934718493703 36 41.3206845015053 0.0605233784794254 14978280.25 0.260947515 21549752.5413793
0 chipseq_2000.dot 3793245764 1.11043400165236 0.275683129718105 36 0.560396657613439 0.0200934958683662 0.921627501000001 19915510.356263 1.10972927389067 0.334831706243805 36 2.55093968585041 0.179267799175499 19596606.7073546 0.766640959 43170725.7070061
0 methylseq_25000.dot 22500260922 1.13482093642922 1.23387289293429 36 13.7250168951552 1.76745142606645e-06 370.164432491001 879089637.688391 1.08747367832825 1.24029268983028 36 15.8906847073768 0.0157584993710191 844211223.649816 368.060127159001 997032459.037098
0 chipseq_30000.dot 3793245764 1.10453343744106 0.256481168634428 36 0.521627423386671 0.0204198131906418 45.2671519570001 309414685.641528 1.12420803064047 0.416556994589109 36 2.25908216607057 0.0993893319870846 301099243.875976 410.074770909003 596148412.207699
0 methylseq_1000.dot 8885797810 1.25817555938038 1.85297090485174 36 33.452349997104 0.00059433754563941 0.525823086 19438888.1273187 1.14569388665774 1.82007900291326 36 42.5018087507418 0.0507848170008817 19508241.3430644 0.259132322 26178754.1125465
0 eager 19132169434 1.8480694980695 1.69735756673264 8 229.676713698754 223.511301016015 0.035294034 6056967.3685556 2.28869778869779 3.10562113266871 13 427.9615749873 30.0952062976391 5643481.3125 0.008602108 4549110.44175767
0 methylseq_10000.dot 17027257018 1.46009673710754 1.87354125405948 36 8.30572943447447 0.00018159108069008 33.3713911239999 348114386.36978 1.09540324066136 1.83723787708904 36 31.6450846415227 0.0600561350665298 300294729.124389 37.2551245819999 448860721.003323
0 eager_200.dot 8330435694 2.14714714714715 1.61154397964143 12 20.0387406182886 20.0351216087931 0.131828772 5559141.45293487 1.96846846846847 2.80344698190116 33 124.655491916843 3.32859735772244 3090946.10416667 0.033229903 3608282.38222679
0 chipseq_10000.dot 4807293396 1.09397301737528 0.403689703271242 36 0.963482943786515 0.0356895760697253 7.47641982999998 84571647.1754051 1.10477360724072 0.566408306634162 36 4.06208090745394 0.16849908809961 78286386.1730776 24.964340291 182341322.229447
