algo_nr wf_name inp_size avg_spread_dyn cv_proc_load_dyn num_used_procs_dyn idle_to_work_dyn idle_to_work_30s_dyn dur_alg1 ms_1 avg_spread_stat cv_proc_load_stat num_used_procs_stat idle_to_work_stat idle_to_work_30s_stat ms_perc dur_alg2 ms_2
0 atacseq_30000.dot 14091675276 1.09979195215537 0.983585216972024 36 10.9288177921997 0.145191163630338 26.2514822120001 1960448397.92617 1.17424781697377 1.40789171605995 36 34.7134491062584 0.33976184185512 835411749.468444 353.469249772 5210481862.65759
0 chipseq_15000.dot 41366257414 1.10875369066102 1.08018219747173 36 7.9061954751646 0.0235953539854058 9.90718964700001 3447960336.01347 1.11720730924611 1.31941753421451 36 22.1925054257717 0.106598370638986 1356080063.23398 59.1283600029999 6406938700.49846
0 methylseq_15000.dot 6761426956 1.39260403031421 1.78139085959763 36 35.2764313048556 0.117532025040364 116.56513742 380658922.71628 1.12015538356614 1.78811849393147 36 73.319304151158 0.424167353239252 244605567.897312 111.165142473001 800373576.210062
0 atacseq_15000.dot 3908761308 1.12015120719691 0.294539988748973 36 1.31251748315381 0.357307221165134 13.1853619889999 281628837.074975 1.15040147815642 0.613288566088706 36 9.08126410051325 0.395084325715388 126168354.635812 57.9016914709997 953940570.032946
0 eager 19075314980 2.56981981981982 2.52554028836838 8 59.2587451836096 59.2587451836096 0.037267952 6565855.37242433 2.66924066924067 2.6272674101886 9 242.629738814066 240.789497025557 5660097.175 0.008544677 7328125.79990513
0 eager_1000.dot 25705994498 1.5258994946495 1.80971060188167 36 173.065794841957 0.161554935827619 0.945770509999999 50708719.2956777 1.86662272379184 1.04492667891205 36 79.4534840757851 0.662535951160527 19247708.7737304 0.45360592 92498022.880126
0 eager_20000.dot 8330435694 1.22635025930457 0.780157982871375 36 20.1953664214442 0.399815636737812 100.495268187 418884004.005069 1.71100750729184 0.814718031326372 36 16.8362685543804 0.556089524608992 99321838.4579595 417.35179382701 1076372171.03754
0 eager_25000.dot 14754556884 1.22409647774245 1.08757838266369 36 22.539851543619 0.131891836701366 119.444043359001 683629235.212812 1.68552317926533 0.999106685594129 36 77.085855317669 0.274786239644366 277351814.107772 902.456448367009 1827036811.47018
0 methylseq_1000.dot 110641579976 1.31766749537834 2.06334724556151 36 684.990486043542 0.0013794294521618 0.529961653000001 452936639.400813 1.17382227321986 2.04226239488669 36 264.555307873707 0.0240722450431458 211065176.1 0.262200731 516317708.883023
0 chipseq_200.dot 5058052541 1.92559523809524 1.13638698161805 14 4.00909478478586 1.0652057094113 0.056795537 7938119.27565636 1.65178571428571 1.46967077892419 28 7.43205232944259 0.538535838760302 3739327.1625 0.011405388 9434415.89666673
0 atacseq_30000.dot 11809629756 1.12445506806379 0.722345136880005 36 6.01010330379648 0.157934854869554 63.671896394 914242580.350984 1.15746277574952 1.29711099012155 36 30.1628468309592 0.318823465709561 381596307.013517 374.149666687006 2959847939.92248
0 methylseq_1000.dot 6273818718 1.33438515968636 1.28412631130607 36 30.1907335770826 0.099872707013916 0.525602807000001 18359211.125156 1.19049212723911 1.28146218410572 36 47.0815390945031 0.312200035680449 12674002.9523164 0.231078761 45331057.2058882
0 chipseq_4000.dot 41366257414 1.10500064008318 1.06121099709726 36 6.6247332134314 0.0180226605337201 1.598754247 898618498.121168 1.10492566919453 1.31909063537963 36 21.7802668269523 0.108643373944824 358968887.031191 2.654702363 1685120101.64518
0 atacseq_2000.dot 14091675276 1.1093273828568 1.04982546451047 36 8.30970914506148 0.215621936585545 0.739486585 139551904.599653 1.15325591256964 1.11671099232055 36 28.6873947463778 0.535570364965184 52567306.1354086 0.584119762999999 304153629.250993
0 atacseq_1000.dot 11809629756 1.20577952602953 1.25820579754408 36 8.91002641104234 0.128802286218797 0.484351056 26996181.2780071 1.15922963147963 1.40592276250036 36 40.3049717067768 0.547124634804162 12416262.0915829 0.177859101 87945773.9471435
0 methylseq_200.dot 17027257018 1.72676917989418 1.80276564674728 28 8.24166055582289 0.153056801583879 0.072491653 16006553.4523115 1.53083664021164 2.16276755782804 36 972.304170992245 0.437556624550096 6491612.94008689 0.015130612 23455211.7734028
0 methylseq_30000.dot 110641579976 1.09250790263199 2.01672709946867 36 45.9595813279855 4.25709970078039e-05 602.647439352001 13248228412.6773 1.07768610089542 2.02234455097955 36 51.5518192976928 0.0146040414972681 6280477368.30572 741.961118013005 14856348336.6001
0 methylseq_8000.dot 110641579976 1.10371085371085 2.01750876550929 36 46.0538979211704 0.000165976237549011 26.420352618 3538063853.09369 1.09532349810127 2.0243618035397 36 52.3240515500397 0.0152295038181837 1673433368.875 19.9857908 3972169358.88172
0 methylseq_20000.dot 6761426956 1.38569634202889 1.81356087233298 36 11.816124524384 0.117815414021905 190.051349786999 507738038.755298 1.11879990091278 1.79111426594861 36 74.5756569763994 0.430129567892164 327387400.82543 262.090948844999 1081350493.5134
0 atacseq_8000.dot 3908761308 1.12498106017475 0.322896630294967 36 1.5416254090254 0.370756947228098 5.76424603500001 148465887.047128 1.1516766477518 0.472044434400659 36 8.57904137387793 0.511495128131388 65237318.8527816 12.824776644 477563123.263093
0 methylseq_8000.dot 17027257018 1.39821766210655 1.96846835365055 36 9.63218162069983 0.10336585792741 22.312708934 623114618.852522 1.11098797209908 1.98062941987595 36 108.781911675321 0.402855127455321 258066869.298673 21.609209986 1258238094.84861
0 atacseq_10000.dot 14091675276 1.10555114657755 1.05016120624377 36 13.756828986247 0.218112993128759 5.65733556299999 701762361.257019 1.16907799412683 1.36141163784289 36 33.2452839829482 0.362464837286648 278425425.581933 19.924829307 1715253686.78897
0 atacseq_20000.dot 11809629756 1.1191142217976 0.708080289736888 36 5.93681362997201 0.158443233998545 35.026681187 604412009.684869 1.1548433935016 1.21210724967061 36 29.3117544626815 0.392222866144725 250122237.552859 132.284550468 1857115845.89195
0 atacseq_30000.dot 3908761308 1.1078122817734 0.277442815060029 36 1.22240625268785 0.382333149568474 37.6160554959999 562267178.309895 1.14782158134943 0.773626715415857 36 9.82028215995467 0.290036846433296 256172399.476596 353.625250211003 2187321445.60347
0 eager_2000.dot 25705994498 1.4302165624147 1.14291744681496 36 63.9458273633914 0.179644147012908 2.514433311 93109423.0333022 1.74114905023996 0.915375837524609 36 99.707196589914 0.610800304924916 33996029.758065 1.713292396 190735752.720593
0 eager_1000.dot 14754556884 1.55524534587035 2.16835441166662 36 123.787810430815 0.16783779811682 1.335847611 39499347.8277205 1.84847549521504 1.04812040748701 36 62.9779268249446 0.511930421549682 13486510.6266066 0.403044179999998 64699925.0024226
0 atacseq_30000.dot 11187378708 1.13023448083926 0.699614190659351 36 5.13965006822104 0.138722561811984 66.1104521279997 912915277.927878 1.15013541297486 1.22096682370747 36 25.4518247104954 0.315649731911421 413063452.925737 390.049481044005 2834036646.67059
0 methylseq_10000.dot 8885797810 1.29326174914411 1.7981381855982 36 41.3625053545483 0.152252761798527 47.3612915169999 371950322.035699 1.11503172697652 1.87259399028708 36 83.3228712403777 0.373101032917832 208896212.034981 43.5382048309999 764073977.712676
0 atacseq_4000.dot 11809629756 1.12978700534749 0.823066699539794 36 7.21130152885365 0.148848644093652 3.07061325299999 117787490.132327 1.14672381856097 1.17178631538731 36 29.3617633842016 0.428508044885021 47997461.912702 2.523751217 351673591.99099
0 atacseq_1000.dot 14091675276 1.12651986901987 1.01803753189614 36 8.16790895057841 0.162894112655941 0.358606032 63716461.392345 1.15991537166537 1.28597169322254 36 34.0782497762341 0.551804063419858 28035142.5349603 0.161382412 158695372.438518
0 methylseq_4000.dot 6273818718 1.1714373103262 1.30859729111312 36 18.6769878755194 0.143204632246772 6.046167791 81101682.6561138 1.09561148450037 1.28244076947948 36 49.7077450608689 0.295103431202239 50860200.0225974 3.46589919000001 200034743.452747
0 chipseq_1000.dot 4605965334 1.13269716394716 0.745741069977398 36 4.85018973154411 0.258697893217654 0.483677959 32105299.7462374 1.1328706016206 0.710147857179794 36 20.9912669056161 0.956964099876402 13462430.3775822 0.216545099 95218060.4136505
0 atacseq_200.dot 11809629756 1.44801587301587 1.26916724041035 17 4.25963955114919 0.294224152847861 0.064659617 3996263.28996704 1.32709656084656 1.27192005183735 27 12.1994627779763 0.386483254003868 2678089.51615118 0.012694975 4806557.14001894
0 eager_8000.dot 19075314980 1.28804531195654 1.11072186441212 36 35.930253991721 0.147429875976692 18.205751845 272081590.788242 1.71801450997529 1.10669489406714 36 148.273280099933 0.317091298938424 97901934.4535572 40.5056709319997 708448705.318666
0 methylseq_10000.dot 110641579976 1.12527074321793 2.01702478364958 36 45.9963154334479 0.000136341482387713 48.111912943 4424456302.1191 1.0902900842877 2.02236955991069 36 51.7139339565677 0.0151184389931437 2095552395.60568 35.5073834149999 4964028110.30856
0 methylseq_2000.dot 22500260922 1.25701217568687 1.27107813013937 36 17.8955593242487 0.00087423630882717 1.414831904 94407727.0504904 1.11298368075476 1.29194080326492 36 31.6641720881528 0.0859693319150535 67785783.0734354 0.831327083 169824730.7703
0 chipseq_200.dot 32978181418 1.33620323129252 1.10664129001747 15 13.7702445133338 0.174719811379366 0.048457233 39279901.6354156 1.41687925170068 1.63702709463548 30 46.0535214062255 0.413554902670942 18968084.03125 0.010349136 87738536.518803
0 chipseq_2000.dot 4605965334 1.11524571156691 0.500326385814805 36 2.97624775755223 0.383475141428983 0.893734032999999 64271210.4456859 1.15273782125048 0.741982946720019 36 16.9589851928778 0.689289961395603 25111019.1225755 0.816832009000001 198557642.803503
0 methylseq_30000.dot 8885797810 1.38182733410822 1.79129423998713 36 37.4186601363445 0.120489538124728 621.210199605006 1001287014.34549 1.12222455119617 1.92758105090694 36 91.6039552793316 0.380447620866909 627319176.265455 954.215011770002 2449591670.61034
0 eager_20000.dot 19075314980 1.27057956072698 1.15414011372672 36 26.3686640037588 0.148322711657355 95.2714038109999 683617078.249544 1.67540717048425 1.23874483667579 36 119.019212896767 0.254124305890932 241787669.013793 465.949261527 1839838562.40034
0 atacseq_8000.dot 11809629756 1.12384738133035 0.746668026651618 36 6.33970145242216 0.155341578280623 8.29839165600001 240924513.452237 1.14218193989178 1.1724633844583 36 27.4997684963294 0.383191725736792 97211732.4718482 11.989180644 705782043.695842
0 eager_30000.dot 19100037384 1.19364588603569 1.17297327649302 36 30.6511012683292 0.168262510936366 203.426276966001 1033808254.31346 1.70716930164899 1.20301069291892 36 149.134863647736 0.257638931258126 357112817.573967 1794.57838782799 2698669494.46537
0 chipseq_200.dot 4807293396 1.8735119047619 1.09909356162058 14 4.27655873741216 0.922695444680554 0.055593844 7093437.36381893 1.62489370748299 1.50919101919389 27 14.3811749072355 0.668332910535446 3168891.87007503 0.011840802 8632595.14583642
0 chipseq_200.dot 3793245764 1.53231292517007 0.864311246089754 14 2.11066218153603 0.367753061253203 0.06020652 4022244.55930981 1.28709608843537 1.09936802915624 30 2.87571830671307 0.142765240233626 3183793.42327717 0.01251995 4412269.72322446
0 eager_8000.dot 19132169434 1.28806642224597 1.12675806843801 36 29.8078916251388 0.130479284304419 16.5020771709999 265577305.260447 1.71619707619708 1.09977454545874 36 141.102149969213 0.31468952219029 97335185.5409578 42.3629203679995 704187972.558001
0 atacseq_10000.dot 11187378708 1.12118082756152 0.710174371804954 36 5.30265572553046 0.141929644798021 11.825296548 299046492.436503 1.1455785026988 1.13165109796128 36 24.3485656206882 0.381521787997318 136265657.224692 21.4847140849999 852718077.299127
0 chipseq_20000.dot 4807293396 1.14233346961755 0.50696395951584 36 3.42175076672885 0.376497804077494 21.886660814 649874959.897054 1.21293517965138 0.910040053593991 36 22.7147430559844 0.551913235951197 228293876.568375 139.686988162 2145550325.1513
0 chipseq_10000.dot 5058052541 1.1813908731202 0.634082984083574 36 3.3492905949775 0.409666870863449 6.979635708 376750958.17364 1.26508528282495 0.966746474580811 36 29.2179784686046 0.563217968848376 138567506.898587 31.2027673060002 1150712752.60598
0 atacseq_4000.dot 11187378708 1.12624357212376 0.792383619663744 36 6.12962686019723 0.130443090371395 3.03480385800001 117797473.265352 1.13941210587332 1.06725527906015 36 24.0326491680784 0.430391145566306 52384539.6666502 2.457843918 329359309.610197
0 chipseq_4000.dot 32978181418 1.14343099248759 1.37112599166819 36 12.2264995985265 0.0325927597218231 1.577844383 935882823.986589 1.25026018923425 1.60648147404174 36 35.8204118184579 0.186563405593648 306452426.459484 2.916512064 1682454090.83803
0 eager_4000.dot 19075314980 1.37211949219251 1.15741519110945 36 40.026279037389 0.131859435149251 6.047649739 132950423.184167 1.62185409169605 1.08234620191447 36 111.20073275075 0.350662680353363 52466146.3416567 7.20178087099999 328335510.739034
0 methylseq_4000.dot 17027257018 1.5037895037895 1.96924281189633 36 9.89922661165749 0.105106567348161 5.00177946 314213577.7681 1.10032254476699 1.98525826126172 36 108.837688297209 0.442332924472286 130311903.642777 4.26708159299998 630611465.792126
0 chipseq_1000.dot 41366257414 1.08957282034205 1.0652874906288 36 6.70974772754903 0.0183839526503231 0.325468051 216469743.129241 1.13035682266452 1.30674426523687 36 18.2483764466218 0.129582188193533 88955669.3084062 0.169655638 415344267.875634
0 atacseq_10000.dot 3908761308 1.12064881028792 0.313514438845877 36 1.49137257625123 0.367859108618035 7.90129747499999 188144402.18345 1.15067480180432 0.461323277674587 36 8.3677756092274 0.517784538550417 83229712.0113555 21.5483524400001 607002152.130423
0 eager_1000.dot 19100037384 1.6734066046566 1.78486840222483 36 128.003211400891 0.168670668116487 1.27521943 45394468.653443 1.90152334086157 1.14451343562334 36 58.630379929551 0.422792734440096 13457568.8823707 0.382008013 74548496.961003
0 eager_25000.dot 25705994498 1.23970696214289 1.00166220425425 36 40.3914153481459 0.190579996427492 232.667162474 1180909454.80624 1.78255601084135 0.931116149147902 36 50.3812136725939 0.382037357916491 411837631.524264 1005.59625633499 2616949719.39715
0 chipseq_25000.dot 41366257414 1.06672772818604 1.11109518096983 36 9.28624526621779 0.0254451627333381 30.9340472560001 5833456420.58272 1.11734876318208 1.32279019229306 36 22.4346571663431 0.106180794478862 2275178016.53641 236.994422077001 10725359568.2297
0 methylseq_15000.dot 11897958606 1.43642533074079 1.96089615565756 36 9.17749873307751 0.0805232017440798 95.4631508159997 891897538.870004 1.11175607152391 1.8498680760486 36 82.9179671984166 0.39948020106011 417379811.029047 121.614572367002 1445125400.94469
0 atacseq_30000.dot 2223941232 1.11313143264804 0.251938647854582 36 1.11235060291165 0.335174716515834 54.1152344660001 341375595.643631 1.14578838983409 0.684663413611747 36 8.64940388581791 0.29910106020146 153373333.913794 362.738854381003 1513601911.18548
0 methylseq_1000.dot 11897958606 1.61340600497227 2.01714886236221 36 8.42578995344293 0.0811399978272888 0.527685407 59855926.5918693 1.18733664818002 1.83775589331494 36 83.4105326038169 0.407360293705541 26546881.9607198 0.256689866 94430608.9145464
0 atacseq_2000.dot 3908761308 1.1579265120319 0.562807376015922 36 3.23180155631016 0.287103326303975 1.152097004 35589274.9496284 1.15088882159961 0.334402631941485 36 10.5786522287666 1.08677160307316 16536021.2373734 0.644945933999998 113631989.616783
0 methylseq 11897958606 2.83333333333333 1.5873381951677 4 116.886119467806 116.886119467806 0.003179871 1840539.78778188 2.83333333333333 1.84407275080525 5 1295.59586389907 1295.59586389907 1840539.7875 0.000480723 1840539.78832756
0 chipseq_25000.dot 5058052541 1.18144119706618 0.632081047082228 36 3.18949561867018 0.421042357701398 28.0111614669999 933339741.001932 1.28079280683447 1.23689110459682 36 34.7819256936814 0.35615761386607 350368582.545032 340.668023504004 3328071011.20139
0 methylseq_15000.dot 110641579976 1.11340712781869 2.01687817324547 36 45.9800816774521 0.000121363109624552 132.330286055 6632338538.20157 1.09872236413472 2.02309031065212 36 51.7972414185916 0.0147557329323725 3141973783.99964 112.673082279001 7433373101.76815
0 methylseq_15000.dot 17027257018 1.44638250282766 1.96361164921416 36 9.86436749164119 0.104398687094715 95.9116756910001 1173353852.10396 1.12600027111639 2.03491633660258 36 115.85849964054 0.3578898843292 491558668.279265 121.768567356002 2422692451.25889
0 eager 14754556884 2.5036036036036 2.60736122176077 8 102.88639619804 91.8337466228768 0.037703602 6409330.50708503 2.66924066924067 2.62363749243096 9 214.504756238097 212.688652114248 5674952.4125 0.008564176 6380499.70284626
0 chipseq_2000.dot 32978181418 1.22537325543655 1.32542214765251 36 11.658272133412 0.0291207388019289 0.701527615999999 450815061.145633 1.23628777604252 1.5937387575736 36 32.2370468509344 0.19041420422058 151036845.026121 0.721720899000001 830367886.358574
0 eager_2000.dot 19100037384 1.45625771225264 1.30005882428665 36 87.1271093228561 0.129632613665299 2.736826494 71801198.0566137 1.75900498868413 1.16556740355301 36 107.626165073232 0.407702286358033 26251904.4178417 1.814134348 164610540.804103
0 atacseq_20000.dot 14091675276 1.09493167793481 0.942794488888923 36 9.2186176651839 0.155377334172129 14.338211585 1276572168.97335 1.17339086423557 1.34320203559358 36 33.5523180109338 0.359617349195445 559021328.050853 117.131599503 3413937206.67135
0 atacseq_20000.dot 2223941232 1.12108487299598 0.265339898259147 36 1.20473769925557 0.345859001727057 28.5421072619999 224886920.693973 1.14471147251907 0.573023992654629 36 7.90817095904865 0.425414069779229 101063706.200382 121.469897176 915155949.551813
0 chipseq_2000.dot 5058052541 1.21385589621349 0.719017390043102 36 4.52103126823742 0.451523400922942 0.899957640000001 72301217.8701179 1.24989580567112 0.774872473144157 36 25.9164152411321 0.936957625324055 25840556.9254745 0.873557406000002 212398127.439877
0 methylseq_20000.dot 11897958606 1.57905384375974 1.96201502529087 36 9.28830665048122 0.0804652208358084 199.648901147999 1188817910.17831 1.11152079879574 1.85125288408022 36 84.570846969715 0.415033389179489 556642559.137337 283.315826708001 1994774732.21393
0 atacseq_25000.dot 14091675276 1.10602971871325 1.0325737107929 36 11.340446505384 0.223241779434967 21.3532310189999 1760726802.27621 1.17153078630502 1.37650127108402 36 34.0994130448955 0.350789775596462 696819436.793131 218.523077721999 4315441477.63774
0 atacseq_4000.dot 14091675276 1.10005921546254 0.964002115399329 36 13.785907856451 0.153659841242455 1.739155538 247768877.29166 1.15020902186956 1.28415696713436 36 31.8342648340364 0.411741194483017 107293338.956553 2.39279466100001 685579193.741936
0 eager_200.dot 25705994498 2.26396396396396 1.48640262190234 12 54.6759086614604 8.57429444155178 0.127995211 13470993.8847785 2.47277992277992 2.35148042909016 26 116.711916892679 1.60001406807728 7396128.70833333 0.028540198 11811222.8387251
0 chipseq_15000.dot 4605965334 1.12055794268335 0.454735137597784 36 2.36902412685028 0.396923329976624 10.4377859739999 497733974.885581 1.17844599751945 1.06794680455362 36 19.1362912943936 0.307172216884521 200424274.022747 79.7860885630002 1783807424.7956
0 atacseq_15000.dot 14091675276 1.1027262371917 1.00265863939293 36 12.2041981273793 0.13491701674456 9.789895542 974331092.884724 1.16658968099204 1.35698700092002 36 34.6830448127953 0.367976142309595 421708485.523907 55.1794868380001 2601470290.43635
0 methylseq_200.dot 110641579976 1.71626984126984 1.83701324416718 28 1815.05433986299 0.0140492030114 0.0731002419999999 100743003.328706 1.71337632275132 2.12445124964961 36 17719.9069025647 0.0365279995752262 42534973.25 0.014607515 102889449.049321
0 methylseq 6273818718 2.83333333333333 1.58134638827232 4 73.660273934109 73.660273934109 0.003146568 991875.362891611 2.83333333333333 1.83781418135881 5 966.152963524313 966.152963524313 991875.3625 0.000486499 991875.363773514
0 atacseq_15000.dot 11187378708 1.11858419108676 0.676343879665489 36 5.01667869981062 0.139679687774086 22.1820020060001 446557706.737669 1.14496550782356 1.10615158376093 36 24.487254094761 0.410567173688763 204539679.746004 63.0692743189998 1323396344.16438
0 eager 25705994498 2.67927927927928 2.61235890935334 8 113.243611351402 113.243611351402 0.035561218 9583509.61277906 2.6036036036036 2.62753872309163 10 326.289238515512 263.962894816411 7396128.70833333 0.008273655 10000243.4089371
0 methylseq_4000.dot 8885797810 1.42488123043678 1.81892899604626 36 34.0859851544163 0.116399918829522 5.158386812 133061343.842387 1.08044552488997 1.91951140238348 36 85.5648792785052 0.372444659807619 84718695.8481879 4.129378557 329275784.496652
0 methylseq_20000.dot 110641579976 1.09757712608856 2.0174501533275 36 46.1314208024789 7.35393828411325e-05 268.948555722 8837826226.11065 1.076953797392 2.02148299124117 36 51.2787181083826 0.0144569099443251 4188400936.51628 213.889491866 9898673596.9927
0 chipseq_2000.dot 41366257414 1.10079945107635 1.0763013525925 36 9.01284534574325 0.0179557615587249 0.731389948 445205467.720954 1.13087525607304 1.30713965639055 36 23.2638288141018 0.127365848678969 177477213.35185 0.642887037000001 861828233.681252
0 chipseq_15000.dot 32978181418 1.21872925697006 1.50259658745428 36 12.9750619555997 0.033618050074798 9.33832794499998 3586972249.07662 1.26277554352992 1.67475409709776 36 42.0551096006679 0.173966232494685 1167610719.53396 68.1478678529994 6830425360.47391
0 chipseq_8000.dot 5058052541 1.18621784432913 0.653087736831038 36 3.32624319797138 0.405398644100503 5.562416356 297901686.697223 1.25684273602573 0.911337882778407 36 28.872874535294 0.64279005163965 109343681.29263 18.3853794019999 907846661.805209
0 methylseq_8000.dot 8885797810 1.3339331394887 1.80492557848853 36 36.6085175762846 0.118524851829861 30.227651627 266002035.126075 1.11560767116323 1.93251055135206 36 89.7168123912642 0.342690186246705 167462550.325192 24.795782729 654124661.41316
0 chipseq_8000.dot 41366257414 1.04606915093788 1.07868828346642 36 7.93524576247826 0.0195361328064799 4.034168697 1819273287.30774 1.1148827987582 1.31970288641185 36 22.678885128451 0.11231631221008 720389456.255884 13.0218484270001 3441079617.54309
0 methylseq_8000.dot 6273818718 1.15594960039404 1.3185251689775 36 18.8570834272605 0.128846490606474 34.792347603 155736574.416054 1.1128390295057 1.28017370100163 36 52.7921874070977 0.344574551224204 99115438.7413027 19.8045614380002 403049223.565955
0 eager_15000.dot 19100037384 1.27115652326219 1.12555221574792 36 29.078265152059 0.149073754407431 56.2269601880001 509214546.47705 1.69940734294604 1.2434216860346 36 129.864792489939 0.279557860370205 187013188.93223 208.406818539003 1442103378.66585
0 chipseq_30000.dot 4807293396 1.13254491199653 0.495738494008405 36 3.27631281031451 0.36718435252329 45.4751876460002 986222822.221522 1.21822564685105 1.0696982261298 36 24.9811254976465 0.442409715603986 347007666.420014 420.258477968 3554725232.84337
0 methylseq_30000.dot 6761426956 1.52629517415429 1.8099130802795 36 21.7892762453039 0.118199278144534 622.218788164999 762212105.933441 1.12462392364356 1.79154677360318 36 74.5496061918302 0.428793663453681 488662888.791997 1028.453587398 1607739467.5184
0 chipseq_1000.dot 32978181418 1.1601614197768 1.48057753637323 36 37.5524427000136 0.0306245316181147 0.316350462 220698279.762721 1.28337981462982 1.61197981588546 36 36.1239547658061 0.219137087051469 76333801.0322057 0.188257568 408879014.738998
0 chipseq_30000.dot 4605965334 1.1099223050719 0.473678033913259 36 2.38882648986369 0.370596443608534 27.172892598 1026205670.38678 1.18262346494205 1.05564513142 36 19.3958562032814 0.300792777705989 401540924.54967 506.283947196002 3473093096.58393
0 methylseq_10000.dot 6273818718 1.24803413428865 1.32920205704989 36 19.3878975306182 0.140765690983569 49.550104614 200765838.772558 1.11126037716676 1.26444898914693 36 48.7242284873366 0.367374804272466 124011331.063887 33.906421602 451682021.061958
0 methylseq_25000.dot 6761426956 1.41016594401134 1.76595786642047 36 34.9432070856808 0.118013576863215 362.890744081001 635427705.139905 1.11843799769871 1.79145497915753 36 74.162526404565 0.425770060938934 407743954.447713 514.865752907001 1335359786.81481
0 chipseq_10000.dot 4605965334 1.13942773235537 0.439030217732294 36 2.25164874252133 0.389449257878187 5.90285201699999 334536181.83303 1.1795181505003 1.06999741093563 36 19.0669168155679 0.31910481680008 133347345.251254 27.322955812 1170909907.34867
0 methylseq 22500260922 2.83333333333333 1.59122441607948 4 173.074918977779 173.074918977779 0.003172356 2993691.77409822 2.83333333333333 1.84814387085749 5 1291.44227179288 1291.44227179288 2895226.88541667 0.000485933 2993691.77446831
0 methylseq 110641579976 2.83333333333333 1.66067633046582 4 2640.77465374339 2640.77465374339 0.003162168 34016661.6426105 2.83333333333333 1.92285762918873 5 37222.1997873101 37222.1997873101 15084215.225 0.000479781 34016661.7180765
0 eager_25000.dot 8330435694 1.30223109333178 0.839204402548849 36 31.8610140108392 0.403466925597106 191.889997441 545521641.985833 1.75850905400338 0.835185990816101 36 16.5095797140015 0.520661151573407 120677696.204255 719.547889924008 1338816336.6725
0 chipseq_20000.dot 41366257414 1.08050591721584 1.07601602024711 36 7.45916333092187 0.0247742551227634 16.3534436460001 4611112822.93709 1.11808410873647 1.31468015018854 36 22.3471983264205 0.10677936193683 1809699797.19807 131.402598060999 8555325293.58488
0 chipseq_20000.dot 5058052541 1.17239530650824 0.615604836858267 36 2.98540160343367 0.43504218049687 18.2750159009999 740854710.891071 1.27082348059741 1.1767230121299 36 34.6397879138376 0.393072239927603 278749293.346013 188.734926202001 2559457674.31287
0 chipseq_8000.dot 32978181418 1.21920476010406 1.44125700247299 36 12.5696678338227 0.0324742465546295 3.908043495 1892992840.53729 1.26400459193367 1.67438896742783 36 40.7984942072983 0.17473288098365 622853351.883133 14.459330327 3593321695.2954
0 atacseq_25000.dot 11187378708 1.12793486987506 0.684761949681196 36 5.04307460785764 0.141347084586558 49.209048208 756908476.673472 1.1504771745118 1.19325803460552 36 25.0889207512534 0.334384287492615 345107974.927368 245.232081146 2307478918.98622
0 atacseq_25000.dot 3908761308 1.11026836154679 0.296998824146204 36 1.2330378525719 0.38007585647613 28.138407022 472029859.502709 1.14736155875458 0.763560823591249 36 9.95721965958133 0.30768580011749 211722391.956122 214.351807269002 1852247728.42359
0 chipseq_4000.dot 5058052541 1.1757759732406 0.624913272612586 36 3.45354042657277 0.399290205411828 2.16079010000001 146102976.284058 1.26397806203231 0.955704039658269 36 27.6690856480259 0.628735993877039 54217003.3215021 3.620493002 445986493.858289
0 eager 8330435694 2.5036036036036 2.60478229626736 8 90.7487131118081 83.1704360087306 0.038405043 3265272.51828892 2.60617760617761 2.70383215585371 9 239.919143536035 239.919143536035 3178859.14583333 0.008818583 3573548.85174101
0 eager_15000.dot 14754556884 1.2699746870233 1.06629790517113 36 22.5420967765107 0.127294476526143 52.0374546099996 403252150.230569 1.67141617828281 1.08232202193381 36 70.1287423820875 0.258806214879525 170075718.340798 204.643494243001 1118403212.60189
0 chipseq_15000.dot 4807293396 1.14320719451665 0.491410973114674 36 3.55287718570979 0.359784977598842 13.605749493 490968614.592554 1.21986901176174 0.942328698982115 36 22.640069357843 0.544131595718923 168896436.169603 68.3662127710001 1616903163.58358
0 eager_4000.dot 25705994498 1.34570172092238 1.00506354030591 36 43.4988214977683 0.188386284397483 6.16731534299999 186564640.276927 1.78786260919711 0.928129418188714 36 72.5277779595446 0.554194270473715 66895759.6892315 7.72886708799998 376187427.998349
0 eager_8000.dot 19100037384 1.29261237171453 1.14195346024045 36 35.8494749508156 0.135611181026083 17.41537915 265286415.832003 1.71898119290276 1.10166079793648 36 103.045269854987 0.292187807568114 96677057.9010237 38.0135277980003 671599570.876877
0 methylseq_4000.dot 110641579976 1.11857492413048 2.02322166432233 36 47.5322176694811 0.000320116157302176 5.78925716299998 1778479626.74666 1.10865230309674 2.02842326308988 36 53.679262857326 0.0153860005837995 838060684.558915 3.88798771600001 1986127495.30246
0 atacseq_200.dot 14091675276 1.37190476190476 1.19459693960608 17 3.43539820824311 0.304518539285386 0.060510989 8029904.7621608 1.41412698412698 1.50250973349178 27 8.84898490794255 0.660197861966 6043971.41731024 0.01118026 10990398.2310159
0 chipseq_25000.dot 32978181418 1.27244431411096 1.51882249069775 36 13.4521880508824 0.0368959424471068 22.4811846719999 6020888906.20472 1.26471779075945 1.6849441643901 36 45.1722989114535 0.170268914785713 1953487149.00272 267.110086182999 11352085422.6419
0 eager_10000.dot 19100037384 1.30223087743283 1.14403488271628 36 34.768307272567 0.143878809282852 33.0630652570001 335349467.905388 1.6837211745148 1.14782469989507 36 114.391902125795 0.273381782460265 121497104.067017 71.1291485929997 870721246.945228
0 methylseq_30000.dot 11897958606 1.48841600132115 1.96086696674857 36 9.22538715837059 0.0804701783749639 559.325143508005 1783562467.90203 1.11860723125232 1.83561072614038 36 83.940182737233 0.430224837028086 837231137.961124 1188.59587932 2910436127.50332
0 atacseq_25000.dot 11809629756 1.11986407817059 0.713793562579484 36 6.0139385693369 0.158307090901502 44.154289387 759797517.867285 1.15112367084678 1.24299522430697 36 28.3913959829763 0.352907974520192 315925049.070251 230.837679334003 2378059958.4134
0 eager_30000.dot 19075314980 1.1778528750305 1.15277305776854 36 29.0602041898333 0.165321845401535 169.788770195999 1041437947.79662 1.71151747888666 1.18336660818189 36 148.765261005504 0.26481001156987 358263952.104259 1830.62491186903 2722828784.87052
0 methylseq_25000.dot 11897958606 1.4342561476503 1.96208639515372 36 9.14404336784739 0.0804705961766192 320.228510126 1486763753.58374 1.11137972551802 1.84394350261689 36 84.1833541462764 0.42661161084339 690105917.40607 484.735460363001 2471063939.32253
0 eager_15000.dot 19132169434 1.2104741653272 1.16954034452461 36 30.815346537145 0.149555371697435 54.6070101509998 511527995.989839 1.67197499161374 1.24468210566657 36 115.690191273829 0.248989491938611 183791402.972691 213.198189320001 1356031991.86838
0 methylseq_30000.dot 22500260922 1.10707457586212 1.27710608356241 36 18.6350116719495 1.00131321815924e-05 617.100536749999 1423507898.06745 1.09660107429218 1.30336388810585 36 34.2633114511733 0.0843543798508228 1012435495.77329 812.805891798003 2575051812.44095
0 atacseq_2000.dot 11187378708 1.12726532633179 0.939511176184188 36 9.25704184815422 0.132593860226375 1.330188721 57505824.9371375 1.14473715962686 1.07207547288588 36 25.3291978752431 0.479311872149943 27391025.1144399 0.599117231 167235269.043685
0 methylseq_10000.dot 11897958606 1.58123725680748 1.96456265602603 36 9.22346780668772 0.0805008286255254 39.7535929829999 594888556.446136 1.10787648392692 1.84490642093384 36 81.8850275675527 0.40255868591264 274584633.22398 38.4253127799999 972569424.127214
0 chipseq_25000.dot 4605965334 1.12179510096175 0.46881030776424 36 2.42259879584217 0.384683166248512 20.3517822700001 843836476.609996 1.18468007009673 1.04347477648633 36 18.8966761602282 0.310011017540931 330895061.848842 305.413120310003 2943505750.22061
0 methylseq_30000.dot 6273818718 1.15380861339247 1.34777592905961 36 21.4048737836197 0.143859685304914 703.867268385006 607508703.626506 1.10872179559658 1.27924489398046 36 53.7151966511524 0.363825520697715 373538677.986658 779.489749388016 1455792348.75869
0 eager_30000.dot 8330435694 1.25348450788434 0.699649169979607 36 17.261509741738 0.426499714318298 165.958505587 618456295.847384 1.75831234218795 0.80299043688268 36 16.2271661502686 0.547854222505404 142608376.469008 1618.03493437001 1660282170.66012
0 chipseq_200.dot 4605965334 1.58992346938775 1.06373148089125 15 6.30211112980291 0.506827141098129 0.061172551 4413587.8299958 1.51020408163265 1.30788845920917 27 4.68659448539971 0.540157061863374 3835436.70833333 0.012491384 8819112.21711459
0 methylseq_15000.dot 6273818718 1.13189917012977 1.33424863955095 36 19.7706551339477 0.141892259412637 148.52043536 301590700.99877 1.10967080542744 1.30345868830018 36 55.144528411595 0.355119731599019 186887036.987484 103.639867266 760491470.976188
0 methylseq_2000.dot 11897958606 1.57724548989609 1.99496846736713 36 8.42174892712713 0.0820373251211677 1.468869665 119589821.200037 1.13083285523044 1.85355227244493 36 85.2277883400502 0.393993882635005 54685681.7841156 1.037272375 189927395.874984
0 atacseq_200.dot 3908761308 1.3404828042328 1.22652644654784 16 5.46948501482089 0.62299938310648 0.067799514 4389917.58516412 1.27236772486772 1.03697491082669 27 4.15984025928884 0.199032346381074 2113956.5125 0.013328022 2815521.13001456
0 eager_8000.dot 8330435694 1.35815734698086 0.793240398052366 36 28.9477595222461 0.400138491149854 20.299234757 155720684.050533 1.67646644234878 0.784484806449536 36 20.1611931241312 0.580926998139981 40624800.3882811 37.1653609219999 392043299.290724
0 atacseq_200.dot 2223941232 1.39617063492063 1.31708876914292 16 5.68579897418708 1.02249968139624 0.070416338 2928249.49562047 1.30537037037037 1.09012030296997 32 4.35272403564586 0.139482129010065 1389129.6301296 0.013157146 1697089.09050612
0 chipseq_2000.dot 4807293396 1.1930367232978 0.820233647004058 36 10.6565560230596 0.360672312059846 1.145571564 58285152.9864051 1.224259126949 0.776509748071073 36 23.8210199324065 0.860848987678428 20983298.5921281 0.698006433 192514066.836338
0 eager_20000.dot 19100037384 1.25247236876841 1.14112328141939 36 29.881239830438 0.151149191992214 75.1729931459993 672294800.062815 1.67142509704288 1.22456910821203 36 132.198082251336 0.261427861721152 244337973.886162 436.802241952005 1842953726.61268
0 eager_10000.dot 19075314980 1.25708929869716 1.10483015968463 36 34.8535346420732 0.14474695603436 25.0121097280001 337116681.828523 1.70238664622587 1.15352947571104 36 124.021719246964 0.26455960785953 120893028.864997 69.6215104609998 864511649.231294
0 methylseq_25000.dot 6273818718 1.29290591256508 1.29502344769162 36 18.2300222184397 0.123341671330072 387.046877635 480094045.991855 1.11115810275679 1.29807711887265 36 55.4040051789732 0.3734075376255 311572750.598183 427.569195303 1255273249.15168
0 eager_10000.dot 8330435694 1.29075184203693 0.902363223837456 36 35.9358360769152 0.38386606650793 32.029320142 208353432.514926 1.68335436290538 0.739316275675767 36 15.7634810911404 0.605289528590417 48654104.5594104 65.9763168629999 493681171.827525
0 methylseq_200.dot 8885797810 1.39103835978836 1.82135997972442 28 131.236285363401 0.117153829811407 0.072298568 6215422.37869384 1.52967923280423 2.10337667663969 36 645.23890587594 0.23002562519371 4188096.6625 0.031653398 9219109.61267872
0 chipseq 32978181418 2.09375 1.12207718775393 4 19.8579612916323 19.8579612916323 0.005906095 17653962.261081 1.72916666666667 1.94143364103281 6 108.647115703853 108.647115703853 10334451.1841704 0.000977905 30642736.6421223
0 methylseq_2000.dot 6761426956 1.37889653853509 1.84658610018833 36 28.4246758464028 0.109206446830366 1.577873477 50049815.983486 1.12812360553324 1.80106844513814 36 78.2845116154331 0.425636103026431 33520174.5539507 1.088604849 106045910.26918
0 atacseq_20000.dot 3908761308 1.11045070723738 0.285970824017531 36 1.26230619381893 0.359646077575825 20.303405846 376692581.513557 1.14586391490112 0.787754599688871 36 9.99751268999786 0.293433074569003 171404536.917356 121.11701289 1424613541.70224
0 atacseq_1000.dot 11187378708 1.18777818477818 1.08138366508616 36 7.02871942073784 0.118222387501496 0.459846919 25584968.3817479 1.15646838346838 1.24749636733642 36 27.2923303204221 0.471089521107392 13668041.7704442 0.161795265 76821612.8821283
0 eager 19100037384 2.56981981981982 2.52258814354917 8 58.9760598945539 58.9760598945539 0.036651264 6580534.90345614 2.66924066924067 2.62208730754366 9 236.878477354453 235.079829875707 5666456.15 0.008582084 7311999.96602666
0 chipseq_10000.dot 32978181418 1.17795408173698 1.47463637624664 36 12.6771371596793 0.0331477296827368 5.12930340599998 2383046740.57468 1.25716708364735 1.64566025868623 36 41.9119440072106 0.176341037112054 776617067.59986 24.565220345 4503192764.40771
0 methylseq_2000.dot 110641579976 1.13014757442468 2.04244665985827 36 54.5434950518947 0.000746001688557346 1.546726946 894786900.673887 1.14110409893542 2.03785055265951 36 60.4428873600613 0.0186385319388238 419422697.432054 0.863417264999998 1006602516.57766
0 chipseq_8000.dot 3793245764 1.1237654227956 0.324609086021833 36 1.43643682861413 0.396808869046378 4.512132156 221615396.920254 1.14682600576018 0.869120201589007 36 12.9722069997105 0.341504566467844 99775220.4918088 16.037196009 808435750.783593
0 eager_25000.dot 19132169434 1.21395871389611 1.1273422796374 36 30.3854683266639 0.159733130482435 181.626434744001 854541042.51167 1.70003870316759 1.16620323519306 36 125.300469026539 0.274191032321279 299683270.140045 852.749573591996 2295292885.29774
0 eager_4000.dot 19132169434 1.37082352210813 1.16764581274936 36 40.4602904600814 0.12155181072796 5.67669118300001 132625156.829829 1.65298659648967 1.08204082835286 36 109.252857223981 0.355724468824445 50261954.2301934 7.229012847 329020838.231715
0 chipseq_1000.dot 4807293396 1.28118169223939 1.0505373362534 36 20.9965934289288 0.293347602930709 0.486907635 28200398.4898506 1.27452582140082 0.799633598769434 36 35.6032429339807 1.20216489722917 11318240.4831781 0.192019764 92322949.0655291
0 eager_15000.dot 19075314980 1.28696390134437 1.13555889345105 36 29.8617749940495 0.146642305721998 55.8679350059998 505821944.417136 1.70880711106512 1.25100637418513 36 132.371702298644 0.253772010838244 181728839.859713 209.965347040002 1387239517.65294
0 methylseq_200.dot 6761426956 1.57589285714286 1.81356328291583 28 6.80519488458441 0.114112029026227 0.072465596 4742913.59745945 1.52967923280423 2.0120388171666 36 365.664455924621 0.193619019508514 3217870.0875 0.015097356 5979418.68817008
0 methylseq 17027257018 2.83333333333333 1.58695547717156 4 105.600028241626 105.600028241626 0.003129138 2175361.36495513 2.83333333333333 1.8436660310033 5 812.076302816942 812.076302816942 2175361.36458333 0.000475477 2175361.36545381
0 eager_1000.dot 8330435694 1.47852609102609 1.82945659027077 36 84.0964921540117 0.352636169355345 1.115349388 24904987.9277297 1.71260301039713 1.33645489654755 36 116.431164667709 0.77240280003508 7392872.45380594 0.493091124999999 36594661.7076569
0 chipseq_4000.dot 3793245764 1.13580425078067 0.311505451524256 36 1.52167574970174 0.378018475514479 1.954826868 110986168.128402 1.14093532253909 0.71455185330229 36 11.5863108397019 0.443148519316626 48601069.1074655 3.399007427 374176167.870427
0 methylseq_200.dot 11897958606 1.72842261904762 1.80258271528483 28 8.9999293008072 0.115184209911037 0.07195218 11970851.712275 1.52678571428571 2.04495136370257 36 867.422217053108 0.367738222568783 5498618.0875 0.015068285 15552793.4559284
0 atacseq_1000.dot 3908761308 1.17703324453324 0.549241261176294 36 4.35725252671136 0.236747781638319 0.4779928 16825922.832359 1.17242128242128 0.472102103132485 36 11.4492178027647 0.91642169980507 8573668.99064519 0.171194583 48680039.5787117
0 chipseq_1000.dot 3793245764 1.15470000085385 0.731801037524351 36 4.44796545675596 0.201818314334585 0.540787072 27926090.2738593 1.13893918581419 0.56053823730403 36 13.7192345742872 0.859619262076229 12149010.984274 0.202154058 81725957.5364904
0 atacseq_2000.dot 11809629756 1.13882010008019 0.915815636454966 36 9.09372196238514 0.148669339554674 1.292812225 59092583.7535372 1.14966865469316 1.16122805137234 36 29.9213294507918 0.47107536372913 24666108.0711511 0.610842349999999 171271352.078412
0 eager_4000.dot 8330435694 1.37740906435052 0.934287138320779 36 38.2744353649378 0.393993773486088 6.37210862300001 76757773.5690672 1.64533015727045 0.884748587171794 36 27.3529215907315 0.666398273263033 21368601.5528902 7.33100758799995 197072793.427992
0 methylseq_200.dot 22500260922 1.76612103174603 1.77939826081901 28 4.37514234346023 0.00824638940609241 0.070021338 10057584.9262822 1.56051587301587 2.05177487319356 36 280.903410263166 0.0926697017072848 8654480.86458333 0.015273138 14580449.9475986
0 eager_4000.dot 14754556884 1.38658798270416 1.09342747763347 36 32.3796713818863 0.111607286282746 6.647697951 109886455.659009 1.63759133004084 0.96210266308249 36 94.3590343989984 0.512807024095777 47818589.5502644 7.272806227 319703464.280194
0 methylseq 6761426956 2.83333333333333 1.58326217578873 4 72.0425955811842 72.0425955811842 0.003158965 1080079.26295511 2.83333333333333 1.83987001932113 5 845.35138377365 845.35138377365 1080079.2625 0.000481934 1080079.26387361
0 eager_200.dot 19100037384 2.40600600600601 1.77109313669743 15 147.889604831197 4.00177312742776 0.128398064 9870199.5126434 2.40446985446985 2.5114087903985 27 185.887131403207 2.94199375033126 5666456.15 0.030316824 8967963.38017692
0 methylseq_20000.dot 8885797810 1.39124062323343 1.82525154120845 36 13.6402060633555 0.12014103187302 200.048975812 666875242.658256 1.12401309730244 2.00180400204777 36 98.1391549106155 0.328982043752853 424464932.687294 286.638838157001 1750755910.13462
0 atacseq_25000.dot 2223941232 1.11269815358337 0.260033818762347 36 1.16030578095233 0.350892129581214 39.5206032710001 280339812.411277 1.14649723463831 0.597968120796816 36 8.05771841770252 0.377184756965872 125781671.16878 219.097232136 1177229538.52583
0 eager_20000.dot 25705994498 1.27913640735972 1.0088156183298 36 45.9879431902437 0.194298794832348 155.998763256999 967776565.137645 1.75994799854 1.00483538623002 36 53.5450310417241 0.384044901722464 332663872.014872 532.382556544004 2169510504.10218
0 eager_25000.dot 19075314980 1.23617885147427 1.11698647674 36 28.3855288799335 0.148894413717706 166.946628869999 855179728.411187 1.71089866171215 1.18247807799787 36 153.197915149042 0.272345720376316 299075072.826254 863.019465946006 2346796504.40888
0 chipseq_15000.dot 5058052541 1.15788940295929 0.641014176725281 36 3.27525713660582 0.42030430279012 11.369269132 558596481.366004 1.27339592273335 1.05503965103085 36 31.8408583063749 0.478415948614643 208979834.942056 87.4444444399996 1780131856.38708
0 chipseq_1000.dot 5058052541 1.20455065767566 0.974515089839201 36 9.02896373355569 0.316517115568626 0.485350449 34774889.3740048 1.32229402541903 0.884036831759276 36 37.5054845809183 1.11319215208035 14027142.1055713 0.218510898000001 113604948.340854
0 atacseq_15000.dot 11809629756 1.12280720138696 0.70854424875448 36 6.0091936882574 0.159545201344897 22.89492438 450597735.40596 1.15129291442814 1.14381550880166 36 29.4871017101244 0.429036782015272 188463774.143273 64.1116940729999 1291874421.60342
0 methylseq_2000.dot 8885797810 1.36502358640913 1.86301320885787 36 29.8523408505714 0.111454667238039 1.577969047 65725114.2700321 1.1248725058966 1.9652697041184 36 96.3676978293628 0.334125035818037 42043981.7062247 1.089049487 168627561.099503
0 chipseq 41366257414 1.60416666666667 1.16725606407114 5 8.26301923331133 8.26301923331133 0.005229322 19860091.9562175 1.49702380952381 2.0642665878609 8 20.5803716134427 20.5803716134427 12920451.0667234 0.000876076 25661621.6395163
0 methylseq_15000.dot 8885797810 1.40655487352847 1.80245256931601 36 37.2071395567937 0.119872498789121 117.534406989 499989473.31768 1.11501688122988 1.97320979983406 36 92.9583440689209 0.306890880481484 318017290.600872 114.827198919 1248261758.93274
0 methylseq_30000.dot 17027257018 1.15345926730484 1.94260131918223 36 53.9685362140447 0.10423549937189 413.237097250999 2345516955.35117 1.12579635028617 1.9823057444917 36 110.81571139769 0.440969002631587 985809041.961702 895.759240853003 4635075131.15345
0 eager_2000.dot 19075314980 1.5121072428559 1.41419094149572 36 94.7859989016274 0.142779065211679 2.850086772 78156304.7091481 1.69921402889317 1.15650838378435 36 130.408078427284 0.432630235061918 26017857.9423991 1.729047549 167684710.600658
0 eager_2000.dot 19132169434 1.58121980192061 1.32427135374323 36 103.063864445007 0.13742459563922 2.814181086 75165579.9019943 1.7294252683079 1.13957426287868 36 92.5394100165543 0.453570530456715 26161723.510161 1.71039667 171896683.623372
0 chipseq_20000.dot 4605965334 1.11181670722893 0.457511579706538 36 2.39234144686869 0.404094538360581 13.4950568649999 669710361.894152 1.17490058439682 1.04253219321615 36 18.8266946494979 0.31367072861468 264410539.314051 162.86900964 2360491187.52548
0 atacseq_200.dot 11187378708 1.38861111111111 1.17037157910473 17 7.09375769036465 0.286659741346938 0.063780773 3924675.36995207 1.27805555555556 1.26845281329816 28 9.64327464304295 0.277385392497894 2962370.65315594 0.012704719 4338985.94214169
0 chipseq_15000.dot 3793245764 1.11216079413073 0.327456666930292 36 1.51169436342961 0.363877366871758 10.329985297 434956598.679873 1.15957769275799 0.98889009275276 36 13.333443336365 0.260583523478404 189234814.177505 77.155659066 1586164556.95446
0 atacseq_8000.dot 14091675276 1.09088981509086 1.03409092097449 36 15.6128534774347 0.188381501771246 4.148531448 535823420.927394 1.16206199457725 1.33769671544158 36 32.1261195108868 0.36959962413386 218289108.903736 11.543710725 1373933303.5255
0 eager_10000.dot 19132169434 1.26432752429599 1.11078325876816 36 27.7233303403894 0.152592155119346 27.085584596 345288497.734837 1.6808273452026 1.13659899205245 36 103.324924251936 0.282148239992668 121497927.998006 71.5151340269999 884940367.287122
0 methylseq_8000.dot 11897958606 1.3900229594674 1.96340059197665 36 8.97018832950746 0.0782530978346622 23.079400362 471099801.049452 1.10309317253762 1.82892641481132 36 79.761836819331 0.407982571559473 223447667.030061 23.670174252 760120578.739562
0 eager_15000.dot 25705994498 1.28608565257051 1.02328138304786 36 39.7660899051458 0.177756580003475 71.2473966940003 713350675.186087 1.77145016290456 1.02187650803754 36 47.8848895210959 0.367498298608273 249403287.582021 237.993360795002 1592447956.30124
0 eager_1000.dot 19075314980 1.69513434200934 1.70723315204188 36 151.054096668539 0.1823248407608 1.189768518 44793801.7775369 1.90352834102834 1.12063375238319 36 55.2887013278076 0.435281354345899 13442638.8595641 0.380323376000002 74305258.9815155
0 eager_30000.dot 25705994498 1.23224472162732 1.00011985458025 36 41.5175016051121 0.191139603115695 355.69236662 1416317665.45168 1.73225628273683 0.980753381899619 36 47.2721450369509 0.356221076175254 496366102.77226 2397.49095615598 3097569736.2479
0 eager_10000.dot 25705994498 1.30839680498296 1.00675024793559 36 41.5176426875578 0.195292383780693 36.501112662 475599697.413298 1.7292502822089 0.914974063637432 36 48.4006647208828 0.395010163341708 165736860.429385 78.9231130650005 1001727668.72248
0 chipseq_20000.dot 3793245764 1.12028264288901 0.332317696555772 36 1.51438100163788 0.384166048606925 15.160453053 572332739.3411 1.15521348306469 0.971533592976008 36 13.3276441527154 0.268644788087149 252639102.863615 163.431304634998 2123630801.85029
0 chipseq 5058052541 2.25 1.28466405803908 4 4.83033608591128 4.83033608591128 0.006754567 2097254.51057255 1.6875 1.5674652973707 6 7.56858082272697 7.56858082272697 1937898.29268461 0.001075708 1963543.98471179
0 chipseq_30000.dot 41366257414 1.0969574932643 1.08137085808687 36 7.08099418085209 0.0249157497450808 34.6234098490002 6941385570.82898 1.12307838290427 1.32097413868035 36 22.5297019608675 0.105704191390009 2723985336.08885 380.028260102005 12833678509.3196
0 eager_8000.dot 14754556884 1.27144622603858 1.07489753771181 36 27.3686061266275 0.11571510040296 18.139714165 213125385.24058 1.67666630313689 0.927816068505187 36 83.9478439403096 0.3687848498041 89414431.1415566 40.7274053439996 603030162.144825
0 chipseq_30000.dot 32978181418 1.20360190442027 1.5272959861901 36 13.9130982061764 0.042361116212284 32.0278540819999 7370654029.8065 1.26229911491066 1.69206458835066 36 46.9449715042672 0.17154947631332 2354517058.78358 461.205179786003 13766581716.6507
0 methylseq_25000.dot 110641579976 1.11968137124165 2.01665827819814 36 45.9410777903872 6.8986958747775e-05 477.06918562 11048668403.1446 1.10775819369197 2.02287855958349 36 51.6706372982624 0.0145283871185795 5237531260.64965 499.479887772 12379677769.0521
0 eager_10000.dot 14754556884 1.28784561587058 1.03680260398685 36 26.1871603891969 0.120521659593715 29.7470896940001 268291236.394926 1.66230992802525 1.0082720446031 36 53.9213768111218 0.308044188117389 113635054.259071 72.2902789300006 762300876.826754
0 eager_30000.dot 14754556884 1.22164643770219 1.04396304879458 36 20.3068721806121 0.119264318241788 157.786164683998 792261611.947224 1.68356214126248 1.04415769483632 36 88.0354888984004 0.262655948564142 338174155.798457 1848.471841379 2245724635.98876
0 methylseq_8000.dot 6761426956 1.31878704100927 1.79981571040711 36 28.1005955662546 0.116218177209238 32.897646662 202535089.151325 1.11194925083814 1.78226789734619 36 72.7397902554479 0.428037517236588 129457396.25739 25.2392308679999 427505399.117457
0 atacseq_10000.dot 11809629756 1.12064476577345 0.743487597985114 36 6.21052069539614 0.159924299157108 12.09601901 301509343.409521 1.14629595345933 1.12924140168001 36 27.491889863973 0.442261697664143 125344514.143684 21.3012582479999 869450660.415873
0 eager_20000.dot 19132169434 1.20315982069379 1.14537145479682 36 28.7655925674807 0.142988808798498 98.321299674001 664835038.812612 1.69480017181022 1.23010732329188 36 111.37184764481 0.261175049353697 242964758.932569 454.110833709005 1845425448.14025
0 eager_200.dot 19075314980 2.58314028314028 1.69962379438265 14 37.5314829502274 4.19724514949822 0.129634676 8908253.28448838 2.40537075537076 2.51883612187664 27 195.975630168054 3.01129544179642 5660097.175 0.030363115 8947594.37659259
0 eager_20000.dot 14754556884 1.24353996660044 1.04737792316732 36 22.7919756257261 0.123443591612398 98.509984854 540260635.633532 1.66577582283515 1.05402301096024 36 71.0808555608247 0.282526806432094 225321866.119446 451.912552990006 1547872102.98131
0 chipseq 4807293396 2.25 1.28859966091914 4 5.45581501482229 5.45581501482229 0.006824547 1709995.82503186 1.6875 1.58413294300469 6 13.4294396059662 13.4294396059662 1590463.19791667 0.001095249 1592421.94883117
0 eager_15000.dot 8330435694 1.31282568219262 0.781930286218562 36 26.1072609646511 0.417019278039209 62.070586112 304185048.565724 1.68326871788272 0.834822406478354 36 18.2384792785575 0.569806380890326 75374257.4589086 182.617789895001 795698757.061512
0 methylseq_10000.dot 6761426956 1.40641177105764 1.76828766427617 36 34.8610755148536 0.116948664598197 42.4960910649999 253795884.962168 1.11527626923787 1.7781534622924 36 71.8328414954443 0.42741045377459 160253774.898268 40.8418656530001 532446026.203271
0 methylseq_1000.dot 22500260922 1.36305539618793 1.27903831424015 36 32.4211449716035 0.00295953189613184 0.476941611 47045447.3453198 1.24477274176069 1.30297205296359 36 34.4147425726517 0.0959885951024559 34575768.25 0.23738702 86003096.3651065
0 methylseq_8000.dot 22500260922 1.15686321241877 1.27332705692549 36 18.1208572549624 7.31842642944209e-05 24.980591354 378812979.480036 1.09905540461096 1.30101215099425 36 32.910340673612 0.0829433865400393 269646363.854171 19.0645960970001 682385326.379638
0 methylseq_25000.dot 8885797810 1.38289618402437 1.79162758527877 36 36.9219332974925 0.120455359166779 360.892481224 834654381.124767 1.12066692575578 1.964760374046 36 94.9889528869321 0.384476812755823 526063893.261777 514.089295999006 2116866953.79933
0 atacseq_1000.dot 2223941232 1.1958124005624 0.517730522144116 36 2.66089380903441 0.12192510705229 0.51733978 7435132.78067933 1.14126941114441 0.579719533320917 36 10.9060933208773 0.87273560625649 5401140.41145832 0.168013701 32066111.0645383
0 atacseq_4000.dot 3908761308 1.14230928605388 0.369163175799742 36 1.89739917550672 0.3278797641064 2.610168953 73946279.1409861 1.15346325854183 0.356969539219202 36 9.82560411246454 0.822983020430459 33333170.0804547 2.588118588 246069231.313484
0 chipseq_10000.dot 3793245764 1.11630468268157 0.333716983430812 36 1.45574789501641 0.416781659777422 5.918089014 278992659.184592 1.15522802176938 0.903627148258485 36 12.9798254200144 0.312100795396405 126245066.082775 27.8981055159999 1001614215.82399
0 eager_1000.dot 19132169434 1.57715021465021 1.76409981368827 36 75.5322073569573 0.162838101637741 1.140687851 41682556.4785961 1.90978386093518 1.15754037909553 36 84.0666501895214 0.476781467508814 13278255.921395 0.38143487 78975299.6255581
0 methylseq_20000.dot 17027257018 1.58264337481025 1.96340104673035 36 10.5639512086837 0.117851902519028 198.582667941999 1642227019.23051 1.12473084471887 2.08916927654982 36 124.393491599864 0.385470087663708 655155772.801322 286.148688120001 3445914889.22642
0 eager_8000.dot 25705994498 1.31708385628919 0.998088114483981 36 39.5460489897062 0.188065102295871 21.453662387 376966757.85471 1.7597132483407 0.898319081170473 36 65.062902227038 0.466769071446368 133313177.176676 42.4192740429996 865247852.867434
0 methylseq_2000.dot 17027257018 1.57693472301906 1.99443129562941 36 9.51425940196558 0.115145606053658 1.456220221 162449810.918776 1.0837636259323 2.02363299560143 36 110.588382060488 0.358480642365333 68060117.4701298 1.026464672 320675565.593458
0 methylseq_4000.dot 6761426956 1.34817357039579 1.77231170015096 36 34.2122769231998 0.114101830976734 5.230154007 101309796.846704 1.1089700811923 1.77589390689783 36 71.6259161934153 0.429586868619783 64760564.7445322 4.406207528 213709806.756641
0 chipseq_8000.dot 4807293396 1.15773742649723 0.519029306048758 36 3.71409271203524 0.388230801067661 5.04955291099999 255349982.779762 1.20742932615974 0.886394777237962 36 22.5557097158811 0.606506475995179 90664133.6951047 13.7882379499999 842076015.179885
0 methylseq_20000.dot 6273818718 1.33037738905087 1.32767801068878 36 20.7786941158484 0.129335417235663 190.814963554 389904698.852125 1.11319686604804 1.29083185445343 36 54.2403118002967 0.375395649677022 252720371.518421 226.681197937 990695818.495018
0 eager_4000.dot 19100037384 1.37152086161144 1.1588359894119 36 40.5453514960481 0.122814431915156 5.68370861899999 131823558.164059 1.65828287066215 1.08784614810986 36 101.146843130733 0.36741628725838 49827063.3963371 6.98173241699998 339028345.433615
0 methylseq_20000.dot 22500260922 1.11613851889965 1.27457710277394 36 18.2672564472528 2.49038590177048e-06 228.484326413001 947787195.953404 1.09613607347704 1.30490107239991 36 34.5305231967096 0.0852754577966974 675000098.307274 222.809463626 1722981048.04314
0 eager_2000.dot 14754556884 1.45806538774453 1.34749467157886 36 93.7994511648307 0.141178670279134 3.003972304 63598968.406448 1.68721442598448 0.858153395935317 36 59.8879510799943 0.588126311302682 25556597.9713111 1.700665965 154513279.405237
0 atacseq_20000.dot 11187378708 1.12067625753035 0.679337359673853 36 5.05673800098073 0.138203804568466 37.843887302 603906674.964052 1.14874177837145 1.12360867491364 36 24.8921841066719 0.398784465920059 273317626.503178 132.629519305 1742394363.50382
0 methylseq_4000.dot 22500260922 1.1206365095254 1.27357360546449 36 18.2430351969232 0.000381277906071981 5.42647423300001 190211827.343239 1.10777841333396 1.29714741861038 36 32.1329748947984 0.0841021185228017 135397267.828429 3.75182305199999 338991274.549921
0 atacseq_15000.dot 2223941232 1.12469732208788 0.274651329457533 36 1.23145314008448 0.349328899492525 18.516217111 168917861.738945 1.14477283861856 0.499369234485004 36 7.33978761050581 0.48969450476685 75503968.954074 60.9096737879999 636148474.33216
0 atacseq_8000.dot 2223941232 1.14037846014712 0.274683572707112 36 1.43612736132224 0.351059081184999 7.73489886400001 88218901.9909321 1.14068314904848 0.474946835662912 36 7.74117596380188 1.05931436099631 38987392.5640552 12.793682941 336560786.59291
0 chipseq_200.dot 41366257414 1.26116071428571 1.07887885889331 16 4.64410955994501 0.0856907908096171 0.047806439 43111570.0347911 1.18060064935065 1.38395423100582 31 8.22664400873484 0.229363874258139 21078180.563549 0.010113267 81464083.0323749
0 eager_200.dot 19132169434 2.56091806091806 1.69653737160406 14 35.6587218715255 4.02739677182341 0.127271617 8911168.16524843 2.40537075537076 2.51303873338416 27 184.261390172147 2.89402398134456 5645708.725 0.031031729 8853897.11708109
0 chipseq_25000.dot 4807293396 1.14212960567126 0.501194593944494 36 3.4359337274498 0.382092366690818 33.4870675849999 819948611.182844 1.23005304776137 0.938961823756483 36 22.8460245712488 0.54318767745193 282425632.751899 255.331897293003 2685342426.97095
0 atacseq_4000.dot 2223941232 1.15274785054377 0.239844332742889 36 1.96227379737386 0.293295130712522 3.40036596599999 42688920.5158838 1.13389384195144 0.458166779521038 36 7.65127158902889 1.21310093007702 18859523.4835027 2.489083269 152163370.224583
0 chipseq_10000.dot 41366257414 1.12012779670205 1.10060435908394 36 8.33342122568685 0.0209347599309864 5.79027811400001 2299810793.51482 1.12072422669228 1.31371770034707 36 22.49307183525 0.111360567011082 901158458.509174 21.7668965359999 4286391109.32292
0 chipseq_4000.dot 4605965334 1.11722240024127 0.410086155020813 36 2.20807133565904 0.392989529681241 1.841887049 129122839.910492 1.14034206752367 0.857356867938341 36 16.9293836830862 0.474838429505882 51437809.86374 3.328858883 411599188.079955
0 atacseq_10000.dot 2223941232 1.12521666903274 0.273054317689743 36 1.30423341301043 0.335001964345741 10.728650421 111390046.093284 1.13262606523464 0.424940352397025 36 7.25921994334559 0.854171829740951 49906052.3426295 20.651112104 414719401.017579
0 chipseq_25000.dot 3793245764 1.11931060889393 0.339843785103705 36 1.54433737943718 0.370853227910775 23.7414004869999 726215504.365797 1.15853113769779 0.985590645771587 36 13.6585081708396 0.265226416277762 319696849.255902 289.693959556001 2640086137.64358
0 methylseq_25000.dot 17027257018 1.44546175007049 1.96206611921059 36 9.87669758966671 0.104288979060367 321.865798409999 1955131136.85087 1.1219249048102 2.08552299420248 36 120.711874179982 0.456149255398918 807032107.303043 468.95364616501 4181776368.94732
0 eager_30000.dot 19132169434 1.18710988977372 1.11811779232184 36 27.366392045355 0.147379369226861 206.972857562002 1024889577.22938 1.70793268729237 1.19085081245872 36 134.51810259515 0.258807538645745 357177692.483486 1933.138504732 2707421250.0207
0 eager_2000.dot 8330435694 1.52681393135939 1.29650052343476 36 98.0659542017491 0.399016484000038 2.937321354 47345732.8588683 1.69140430958613 0.898685228453337 36 48.3649844936548 0.716932398921083 11602059.6297325 1.71496582899999 93562783.2284042
0 chipseq_30000.dot 5058052541 1.16348173476509 0.623310422563925 36 3.10777963844402 0.418794445631228 36.315571868 1118310783.09894 1.27825576998064 1.22414879450163 36 35.2583767401372 0.365051201728578 422176725.576303 572.547854626006 4082283497.58864
0 methylseq_4000.dot 11897958606 1.50376567043234 1.96927709937196 36 9.14842532576835 0.081020076650087 5.06932639399999 238563159.359648 1.10624513402291 1.82683595456368 36 79.9132458442185 0.416803986618201 107840753.420887 4.179789335 381569532.68119
0 chipseq_4000.dot 4807293396 1.16068584848066 0.549317199625049 36 3.91984012923722 0.384375042891355 2.261697067 125248584.91429 1.22133562847006 0.925170670989982 36 23.5252303630048 0.602418688282691 42493917.2790521 2.87958509399999 413752022.409218
0 eager_200.dot 14754556884 2.17067782067782 1.75121224217973 15 125.198468986981 22.141425463168 0.13831712 6877388.30191145 2.40521235521236 2.41271538694769 25 110.255500037746 2.74772852537314 5674952.4125 0.030912949 6671981.20316763
0 methylseq_15000.dot 22500260922 1.11361787842975 1.27474585795522 36 18.3086601373236 4.8895357154444e-05 109.035400108 711030186.357484 1.09814306471635 1.30529993238553 36 34.4260154420263 0.0851858235219502 506735875.757636 107.347327013 1292007753.52646
0 chipseq_20000.dot 32978181418 1.15481321322605 1.50881325944112 36 13.2301181124608 0.0359852861945473 15.11934666 4821048831.25599 1.26178902970204 1.68781059662533 36 44.9309414414938 0.172913587894157 1565921731.27312 148.976121279002 9169259568.65922
0 methylseq_2000.dot 6273818718 1.34209058456046 1.30348792612111 36 15.8555561241336 0.104486038649282 1.506936902 36495069.5119113 1.14086504749155 1.28468193611413 36 49.3075470624719 0.301424713100771 24815461.4605444 0.850608440000002 97927873.809808
0 methylseq_1000.dot 17027257018 1.62139032319755 2.01695954217899 36 9.2404407951316 0.106848194977099 0.528262346 78849371.5822641 1.15965449097979 1.97889121744397 36 117.235841099522 0.364132048404916 31578013.2079409 0.261805942000001 148098612.12778
0 eager_25000.dot 19100037384 1.22079064461976 1.12379199919394 36 28.2450731712107 0.152093946477072 133.112956853999 840411948.462755 1.68892897806998 1.18731531437851 36 140.246258640219 0.260530947680111 304364109.031113 833.108586129004 2272211646.4113
0 chipseq_8000.dot 4605965334 1.13822118646766 0.405814260107955 36 2.14363097686695 0.396294504577247 4.533299546 262438826.91456 1.17018905532817 1.00069194340365 36 18.3777633876353 0.369017638854667 105353589.849543 16.1699879759999 905286998.440728
0 atacseq_2000.dot 2223941232 1.15771230390247 0.344166505267135 36 2.16856557949253 0.251198005384812 1.305881488 18757246.2166666 1.1445387219897 0.426269394568408 36 8.55715974548457 1.04419917661101 9230969.3212465 0.629160623 70781416.141068
0 methylseq_200.dot 6273818718 2.34771825396825 1.77138108658052 28 2.87786386907811 0.00239809393015687 0.081328358 2973456.0752679 1.52678571428571 2.00920671781126 36 217.157111323692 0.0275673854497051 2955613.4875 0.015198985 2956777.31472707
0 atacseq_8000.dot 11187378708 1.11769339675815 0.710877603962297 36 5.38059237255643 0.142903950234819 8.29099841800001 240668371.752311 1.14349168489862 1.09758104354145 36 24.6643097656747 0.405393854812537 106364404.19771 12.516019083 684210542.211971
0 methylseq 8885797810 2.83333333333333 1.58744561846005 4 125.308470553056 125.308470553056 0.003134639 1402989.43780563 2.83333333333333 1.84416449192434 5 1249.64310546235 1249.64310546235 1402989.4375 0.000481109 1402989.43845954
0 methylseq_10000.dot 22500260922 1.11999879316808 1.27410644620312 36 18.2004337346731 0.000118773982084827 44.7720214970001 474212321.515884 1.08522774189042 1.29630380773919 36 32.3804014363228 0.0835724001755175 337991814.944446 33.6404378679999 840754481.298885
0 methylseq_1000.dot 6761426956 1.51066169439663 1.90095718447099 36 17.0336231154023 0.101079259033623 0.513696493000001 24951903.3847407 1.18037228278192 1.8019572402156 36 87.5704858290453 0.429083277809393 15899619.9976222 0.257949654 53144294.8594026
0 chipseq_2000.dot 3793245764 1.1326339140817 0.40068362072193 36 2.23138139452749 0.336772162408795 0.920588928 56421805.8151905 1.14106338018522 0.58181601751227 36 12.2190744925733 0.656783003039785 23986336.4240901 0.834641515999999 172785872.962085
0 methylseq_25000.dot 22500260922 1.12356453222995 1.27655656212636 36 18.5620463601707 3.96017186569232e-06 382.720387154002 1186039081.37353 1.09793185957376 1.30545442713901 36 34.6791694154323 0.0844590532320266 844070744.69168 490.679110089004 2162318036.15219
0 chipseq_30000.dot 3793245764 1.11957768739461 0.345098955133671 36 1.61043162542853 0.364379845020207 32.3069716390001 882328689.468136 1.15885222471439 0.984829321322333 36 13.6588945499814 0.265031210153904 384160873.852735 492.321317355007 3162922822.05243
0 methylseq_1000.dot 8885797810 1.48377637534264 1.90435093136544 36 14.9295968724133 0.106030545959348 0.507461991 33267817.0985562 1.14021164021164 1.9464964601052 36 102.142681191285 0.3492396838196 21151641.2029563 0.257317121 80931141.8105805
0 eager 19132169434 2.56981981981982 2.52228991050216 8 57.1074010766659 57.1074010766659 0.037084284 6566240.9588939 2.66924066924067 2.62278417920393 9 229.667688353898 227.929584771101 5645708.725 0.00851866399999999 7349463.43477546
0 methylseq_10000.dot 17027257018 1.65842051106156 1.9644818996913 36 10.5644837357378 0.116839439078222 42.7103041719999 818590326.464921 1.10742709782327 2.05401724391416 36 114.209924833027 0.362508729129089 325805865.47114 37.9316117619999 1640777084.0575
0 eager_200.dot 8330435694 2.14069069069069 1.7993213848156 13 61.7063293422521 43.575349893794 0.139664476 4080703.45433356 2.43268983268983 2.54758725003341 26 131.685348682537 6.59689882511031 3178859.14583333 0.03118263 3864352.34319363
0 chipseq_10000.dot 4807293396 1.14877767908783 0.507090652566912 36 3.62393305690968 0.375792516797945 6.95544500899998 318986348.550866 1.21606674966638 0.92477672216237 36 22.0212808300117 0.530945581736089 111752662.518694 23.727246058 1043152387.66138
