algo_nr wf_name inp_size avg_spread_dyn cv_proc_load_dyn num_used_procs_dyn idle_to_work_dyn idle_to_work_30s_dyn dur_alg1 ms_1 avg_spread_stat cv_proc_load_stat num_used_procs_stat idle_to_work_stat idle_to_work_30s_stat ms_perc dur_alg2 ms_2
0 atacseq_30000.dot 14091675276 1.18550770821817 1.1368218423686 36 77.6288967644596 0.697828279017964 55.3883507090002 14417958260.7888 1.71808609832829 2.10354765804974 36 652.123297080144 0.587481959709856 1115893423.05358 453.896104971003 51233763120.8573
0 chipseq_15000.dot 41366257414 1.10757720124893 1.4216089156041 36 58.35176093791 0.0608774976431194 14.304167089 24206433193.1914 1.53151864308477 1.88415574519449 36 243.567438184876 0.167491782343666 2139415153.88143 80.6897508150003 60057174651.069
0 methylseq_15000.dot 6761426956 1.23537877921385 1.79997562650322 36 262.940299676244 2.03163178587858 95.9165675850001 2944069186.00199 1.1187616760075 1.80843817463973 36 563.417527278327 4.06967351891568 240634230.97596 123.647340108001 6245698478.05101
0 atacseq_15000.dot 3908761308 1.16158473306958 0.57875191108298 36 5.98780517817851 1.13315071255886 12.787899354 2241963189.20818 1.42464227034541 1.96764281892811 36 142.947253204015 0.332535339112577 194185974.404653 78.8761316129995 12545548470.0686
0 eager 19075314980 2.94594594594595 2.59700284820084 8 18.291335844935 18.2886343191649 0.040548652 27482367.8175063 2.63063063063063 2.63955487644533 8 444.510446637351 444.510446637351 6180168.3584802 0.008935987 30543329.0741064
0 eager_1000.dot 25705994498 1.80192245817246 1.87400697126304 36 1536.4715283801 0.861394366627506 1.031832655 325258287.061989 2.37797363109863 2.30140769628035 36 2161.54756067708 1.05007464122599 23858063.4942464 0.462480586 708971844.226838
0 eager_20000.dot 8330435694 1.25230480964129 1.00427373592455 36 65.4372310025777 1.98512917908586 91.1236600520001 3449790691.78976 2.59576975745613 1.80639461465474 36 2878.03202323946 0.607768829025462 172021962.903523 579.084775949008 10866956584.7672
0 eager_25000.dot 14754556884 1.25601696929341 1.33108274490273 36 61.4010102634276 0.498570807689379 102.863617020999 4158096004.17288 2.54118788906023 1.61094964126234 36 2010.08259333294 0.399509381235239 434175491.82708 1055.25078793601 18206894590.0112
0 methylseq_1000.dot 110641579976 1.40661056926117 2.2046466410645 36 3463.84750356312 0.00463277441078675 0.480524998 2710567515.97805 1.18567922483585 2.19982668968883 36 1102.88105263592 0.0318066453757126 223531369.090594 0.244791912 3141176922.70013
0 chipseq_200.dot 5058052541 2.02083333333333 1.13055479022058 14 2.68586570449768 1.52503711653372 0.056522486 25492883.8196738 1.78422619047619 1.22655890847407 18 84.0963791072845 8.08927582318895 4502214.4625 0.01152491 69435327.8451258
0 atacseq_30000.dot 11809629756 1.14588472963034 1.14519165745426 36 60.2556415425648 0.544156482751231 51.444418166 7657521684.42314 1.30240863339449 1.81137506702045 36 191.751158197113 0.491044375219831 580339599.811779 357.912779987 31170911003.3412
0 methylseq_1000.dot 6273818718 1.80502964237904 1.65630864295739 36 170.024764458994 1.79237238628903 0.567639066 121251186.336455 1.23589596481163 1.94423784584899 36 407.763390047168 1.67757836968624 11795977.1228345 0.231404818 319426356.340837
0 chipseq_4000.dot 41366257414 1.1178229854527 1.42602377645669 36 46.7189764953476 0.0582197669846331 1.979920497 6335237589.85488 1.40137901930354 1.86868279392823 36 137.400465015246 0.177859007425223 539530680.397978 2.90583431399999 15870355539.7899
0 atacseq_2000.dot 14091675276 1.17939748747131 1.23993397393613 36 75.1698010607875 0.670367674505708 0.809604044000001 993062930.498784 1.43430965820672 2.03065687212776 36 557.485837322536 1.25684837664326 57922650.2408176 0.725969727999998 2769495830.95257
0 atacseq_1000.dot 11809629756 1.42828595478595 1.39551481432737 36 55.4067474791325 0.757565966817131 0.445702609 199750833.752134 1.26356505531506 2.13979977164615 36 633.119067664738 0.889827417442186 14108926.123649 0.197944581 671380876.898108
0 methylseq_200.dot 17027257018 2.00272817460317 1.80488627394908 28 69.646790630784 2.33269906006993 0.078437418 115435411.648976 1.66749338624339 2.73860901847783 36 5817.51557370152 2.68140551260769 6494049.08333333 0.014640954 181216443.7245
0 methylseq_30000.dot 110641579976 1.10845290497154 2.19486810460047 36 268.027758610013 0.00110881235960022 595.342307855999 76353973097.2324 1.10471596045829 2.1966764307734 36 322.923352734224 0.0257165126153571 6747785286.36064 661.835475466004 92481100680.5261
0 methylseq_8000.dot 110641579976 1.12175866342533 2.19537041131722 36 271.570741456627 0.00202891541497453 30.940043371 20656172675.9803 1.09446351113018 2.1980464838214 36 340.901329594578 0.0266128569276564 1775549013.97529 19.521183564 24713928470.4935
0 methylseq_20000.dot 6761426956 1.22560611546207 1.80026613991593 36 283.728332507668 2.0316203332957 187.315312446 3923756168.01777 1.11752558166127 1.83769019436087 36 570.349712300248 3.84361085052445 313944899.476101 253.803098677002 8183402983.09708
0 atacseq_8000.dot 3908761308 1.16605917128066 0.542099047003956 36 6.6572721286577 1.4267061386872 5.81156802900002 1165809739.21496 1.40821815041327 1.76982209297666 36 122.798220687193 0.563287739495584 105826006.608483 18.2859812419999 5916305743.9551
0 methylseq_8000.dot 17027257018 1.41290496846052 1.95314549372013 36 227.683088902855 1.59924734658791 21.9813079200001 4075257834.36926 1.18387037831483 2.41176537232389 36 914.799322839888 1.15565111874995 250032684.853948 23.036861811 10540734420.5884
0 atacseq_10000.dot 14091675276 1.17256157922663 1.14223951849929 36 93.6656868176755 0.691360448561017 6.448894756 4845554857.94079 1.54824014418741 2.08648403788345 36 497.319184914899 0.652788242573714 389275313.684128 23.1409588750001 16801048033.7831
0 atacseq_20000.dot 11809629756 1.15577559919707 1.12537869151699 36 58.1968374718338 0.542850352193622 47.5530752539999 5104445236.71332 1.28536261779669 1.77343184718901 36 240.341218602506 0.595595400086466 382389711.789274 127.436898349 19433190371.0866
0 atacseq_30000.dot 3908761308 1.14998894487512 0.538659426159173 36 5.17149341408907 1.09660391070499 35.9921863510001 4527823747.35563 1.43684474269648 1.97633094052613 36 141.652564245303 0.323292302646552 381002062.259481 460.063427322005 25129034919.5498
0 eager_2000.dot 25705994498 1.48411463197559 1.0516140345012 36 537.035064680252 0.953230060923225 2.257509756 678622101.421407 2.35231677958951 1.83143388345648 36 4004.8207383546 0.606619582205838 56765648.0602599 1.882531266 1851664025.72677
0 eager_1000.dot 14754556884 2.13474903474903 2.18401841943703 36 640.130379548283 0.425898713768986 1.174372364 162669779.174643 2.41709042646543 2.11269274998145 36 2145.27009376261 0.584843613452591 15751034.608569 0.467500845999999 448187882.844438
0 atacseq_30000.dot 11187378708 1.14601349317487 1.11489456846861 36 49.6417071273559 0.543221997067545 63.1736325110001 7444143600.03272 1.27864490013791 1.78709443123121 36 169.953580435152 0.507205711258069 634201540.27216 351.595874965004 29290036347.5281
0 methylseq_10000.dot 8885797810 1.22664621404117 1.81332864792844 36 294.019344777635 2.04049367154277 39.2334389210001 2572315967.22301 1.09749772925045 2.21590153702282 36 644.316351530526 1.79357678840208 200149317.964163 39.0114308159997 6053150668.74223
0 atacseq_4000.dot 11809629756 1.15955415658234 1.20217701014421 36 59.5799509302864 0.611299917126468 3.038532189 1017661092.53208 1.2317597571274 1.82361060650313 36 308.751059499353 0.709627941257652 77830111.2694954 2.716592962 3462807489.1022
0 atacseq_1000.dot 14091675276 1.20322585747586 1.47483241948923 36 99.4193557699316 0.689597796734631 0.362870905 496468976.521446 1.38714947089947 2.05338544214244 36 469.486725074427 1.29978791639011 31235465.7601737 0.184917116 1388044632.1954
0 methylseq_4000.dot 6273818718 1.32975038530594 1.67590129006054 36 118.858568498519 2.01729910321449 4.77098825900001 470792700.133221 1.12286492842048 1.74106319671184 36 414.357806928576 0.858860759069317 51293822.1611621 3.846809643 1668167795.89698
0 chipseq_1000.dot 4605965334 1.31937506937507 1.00808069520044 36 44.7214796205095 1.28849123571871 0.51962023 235104014.104115 1.86378205128205 2.07734248035066 36 297.955514705836 2.21894048971361 17451141.662693 0.254303804000001 698810607.524105
0 atacseq_200.dot 11809629756 1.84583333333333 1.43774046834997 17 0.399898449890466 0.425832824081732 0.062713553 6725991.27916641 1.44736111111111 1.58164686425154 27 13.6926035769597 0.513656127232587 2969685.31121578 0.011867369 5526873.57596355
0 eager_8000.dot 19075314980 1.36393163334339 1.30877655708376 36 185.484932742634 0.376647607739342 19.0435683390001 1842248918.09428 2.52102024102025 2.02960861805086 36 5387.8497188467 0.309257597879014 129118067.68331 48.2647216659999 6458747526.33037
0 methylseq_10000.dot 110641579976 1.10356364768131 2.19511927944824 36 269.756176485788 0.00151272956883022 46.1768510579999 25662630725.7907 1.10357317530189 2.19643600491337 36 329.787018859233 0.0257771650906076 2218902341.24419 33.624352692 30856312736.8121
0 methylseq_2000.dot 22500260922 1.48886020271562 1.37085732638379 36 56.3627851884641 0.0586358725966752 1.349853245 300177544.475525 1.17917702556257 1.54451584973311 36 206.468682978198 0.179415953662468 73457550.0101193 0.896011124 1078531781.34221
0 chipseq_200.dot 32978181418 2.07514880952381 1.27127805933521 16 81.7471637185484 0.306353486918409 0.05284043 272102472.413116 1.84970238095238 1.56217371877391 18 187.29992574105 0.840717410888387 24701429.1458333 0.010516644 635859045.198413
0 chipseq_2000.dot 4605965334 1.20778022083402 0.920399741616267 36 28.9563234123915 1.62967925759729 0.918571982 516938906.053579 1.88168701024714 2.0852604768503 36 737.617395193516 0.706727467131982 33785017.1341508 1.014266361 1787307094.26143
0 methylseq_30000.dot 8885797810 1.2362405279572 1.81870082891435 36 260.741402882938 2.05745647069129 567.005024663001 7751611733.86732 1.13990305116758 2.402965399552 36 705.960214739687 1.49338155289107 608539700.328229 771.877070423004 19014874691.7306
0 eager_20000.dot 19075314980 1.23707392474639 1.29247648205803 36 126.728382482873 0.395969540024575 83.7534480630003 4596728217.92324 2.53127150849042 2.00442721807108 36 1970.84916626431 0.331335472528176 344936020.227932 564.977667543001 17561233492.7691
0 atacseq_8000.dot 11809629756 1.17190810474796 1.18413121076765 36 60.9310074988661 0.535890624606554 10.327341216 2060003932.12 1.22851208637795 1.76405273116677 36 280.639742754322 0.659081739409386 148213173.638321 13.597623988 7274084788.07972
0 eager_30000.dot 19100037384 1.24966927821589 1.28736110156691 36 131.121465335654 0.396740954806391 153.319948904999 6840689932.60897 2.60273385814734 1.99773001097554 36 2676.93310948642 0.333022464274502 500922587.03617 1776.33226584401 25675777182.3369
0 chipseq_200.dot 4807293396 2.38690476190476 1.24659397396066 15 4.95535317970019 0.932968757440242 0.059686391 23919327.1750142 1.83333333333333 1.25602246903174 20 83.5533771120101 5.39070755779245 3661916.94791667 0.011332328 53439782.6621088
0 chipseq_200.dot 3793245764 2.25892857142857 1.45763458197188 14 2.6640771232159 2.6640771232159 0.065267428 6937013.51485362 2.38839285714286 1.68480220218452 18 11.4480071696621 1.93047979349782 5364183.59448032 0.012966315 28500395.3060901
0 eager_8000.dot 19132169434 1.34782180919435 1.29626680251394 36 187.169523479448 0.388027068608594 18.447919399 1847411854.38751 2.53514804848139 2.03371138845506 36 4599.34501461123 0.311429300334378 131005044.500964 49.8765374629997 6479440259.51123
0 atacseq_10000.dot 11187378708 1.16790926249868 1.14757060237506 36 47.9816832917474 0.575967457030193 15.035725081 2473655225.36038 1.20776712798198 1.64641174581158 36 165.388830452901 0.710688021286476 195817113.119514 19.65561018 8674536500.17836
0 chipseq_20000.dot 4807293396 1.16610115999977 0.947677655701455 36 30.4813253054065 0.902781264647376 23.297622471 5412349160.54668 1.67806230325788 2.09059423368837 36 319.922732024443 0.424060356519986 278580572.528724 173.030624476 25214754900.1466
0 chipseq_10000.dot 5058052541 1.20419212418743 0.895319304339836 36 26.6978091599434 1.51625950763981 7.02817904499999 3019657086.04503 1.8360708318415 2.04088255287812 36 318.704595100184 0.712956176779611 185231684.866533 36.1255736680001 12327686096.7462
0 atacseq_4000.dot 11187378708 1.1830558915352 1.17163497443587 36 53.5501241675556 0.627024549063591 3.40180281200001 978537639.31266 1.2140558266171 1.7646291067927 36 269.741289243528 0.804176691009473 86627966.0328363 2.820679924 3306425326.95329
0 chipseq_4000.dot 32978181418 1.20984708425746 1.76240226214349 36 40.8770478358404 0.0935068629486821 1.715541238 7146114938.89932 1.84845294249775 2.19827889840185 36 1709.134634427 0.253654418750144 389530700.24297 3.59789032000001 16587485811.521
0 eager_4000.dot 19075314980 1.50503698501943 1.29500193633209 36 301.364826630847 0.362631236209574 6.59036124299999 899880959.532051 2.48337559307708 2.0628004210903 36 2984.46642543954 0.323812945684085 66989052.8076518 8.80005471899998 3063263568.87272
0 methylseq_4000.dot 17027257018 1.43588429699541 1.95177426689169 36 387.3269986097 1.61364935683208 4.890674268 2055136414.58448 1.10976849865738 2.5001467055761 36 944.922851188345 1.53033294182532 123665446.770824 4.07672391700001 5548527182.65372
0 chipseq_1000.dot 41366257414 1.17025896112435 1.40112027616012 36 36.6499596660451 0.0559665238102837 0.337633669 1495173962.67152 1.44347145909646 1.8297505642703 36 143.099626711894 0.182201019812584 123460057.449275 0.154384729 3482260224.03421
0 atacseq_10000.dot 3908761308 1.14527947880071 0.628334228231148 36 6.57555109921794 1.40419265171868 7.16785543600001 1471577414.1416 1.42338996814094 1.87430057195977 36 132.29617678866 0.448243941764556 127517289.750925 28.8246676919999 7541602506.66063
0 eager_1000.dot 19100037384 2.04157562595063 1.58372369733823 36 665.325113634885 0.340070622602645 1.080844585 223743557.062607 2.43344192406692 2.26789338175284 36 2017.6793768807 0.529904501017389 16928470.3426701 0.45953043 586691687.116172
0 eager_25000.dot 25705994498 1.25090539450924 1.05051804447354 36 197.083260045812 1.17684000031867 195.84572649 8624697768.46515 2.56222057924185 1.68460146748743 36 4554.35256365642 0.473021327693348 644015039.91234 1023.83448413501 26452048824.8254
0 chipseq_25000.dot 41366257414 1.10223013868846 1.42043348740711 36 50.6962215004933 0.0609795634376193 37.1165034810001 40503062988.772 1.53882007007008 1.8761097677322 36 236.384637868558 0.164663547576187 3583368097.52795 308.602188135003 100091760585.792
0 methylseq_15000.dot 11897958606 1.26057777438882 1.95728601833802 36 155.14668238703 1.33835817990534 99.0945818840003 5428348810.09772 1.10046238048643 2.07605316982114 36 617.908005916086 2.31773930253155 409465861.881423 115.140098664001 11342746838.6831
0 atacseq_30000.dot 2223941232 1.15636755327699 0.464777563732807 36 4.05786904281422 0.801766486237022 53.6670159019999 2784473806.47486 1.33753152009816 1.56729862472647 36 47.2246028710605 0.259596221733057 225325763.118354 370.345500979001 17114464388.526
0 methylseq_1000.dot 11897958606 1.39112003569835 2.01465612368294 36 292.366660868847 1.34816955707168 0.567811934 364477499.082222 1.21731369924141 2.07247179704841 36 764.423368864044 3.06939056386844 25625449.5625 0.250779709 809247952.992711
0 atacseq_2000.dot 3908761308 1.2908136888529 1.06078160519764 36 31.0072692581949 2.11434272219873 1.234616171 260291563.778453 1.393052313518 1.49869303151378 36 197.256307271163 4.13048448420155 21723908.7823754 0.902681815999998 873865349.225953
0 methylseq 11897958606 2.83333333333333 1.58733757259425 4 1234.35794704165 1234.35794704165 0.003296955 2432717.5495029 2.66666666666667 2.1186430480049 6 4714.26043531921 4714.26043531921 1840539.7875 0.000480284 2431719.21958442
0 chipseq_25000.dot 5058052541 1.20399957899957 0.825337303914823 36 31.1253588666584 1.23954462907102 28.256116713 7716589771.74437 1.91392657538493 2.13307133741386 36 390.428864513863 0.349491418719485 446073776.29768 359.808241599001 35740369303.7453
0 methylseq_15000.dot 110641579976 1.15138883593649 2.19496102370411 36 268.233170492772 0.00112870466994552 112.341669151 38290681661.6336 1.09718674410431 2.19679213287551 36 327.111830034987 0.0254939628396148 3367607266.20529 103.958358240001 46218478608.9872
0 methylseq_15000.dot 17027257018 1.39800835377298 1.94848939817197 36 202.120413149405 1.60576537648976 95.427789201 7668913537.01681 1.14547405119866 2.37221291487391 36 907.978032484687 1.45567733387045 476100078.931998 112.004267242001 20416358247.0251
0 eager 14754556884 2.56981981981982 2.63170237580409 8 406.711657326458 406.700249277079 0.037330313 10869100.6608721 2.63063063063063 2.62482301461595 8 385.5819106834 385.5819106834 6385053.99772278 0.008952973 17317769.3588334
0 chipseq_2000.dot 32978181418 1.21745982129685 1.78577797650401 36 56.1427266922544 0.0923860131538191 0.730280744 3487323275.41005 1.71542533152502 2.18794278082514 36 1220.78379157989 0.280121504179727 190436990.405138 0.748527305000002 8260174814.90396
0 eager_2000.dot 19100037384 1.6892198437653 1.38134723816467 36 709.037809878864 0.353525547759395 2.851012451 473067550.527531 2.39454265363357 2.10717566085705 36 3270.8406196467 0.463052894043835 34904629.9638141 1.96101429 1408691355.78664
0 atacseq_20000.dot 14091675276 1.17717470860493 1.12879954383104 36 79.4960353084623 0.704728864758436 18.697409825 9710886353.22957 1.68428723737562 2.098081760061 36 622.509383336328 0.637466545431301 746105876.551054 152.358508024 34451193782.2186
0 atacseq_20000.dot 2223941232 1.15640309611506 0.406367958932569 36 4.68219375302502 0.908262532249344 26.347858509 1823429458.61963 1.33659346883224 1.49602456099675 36 41.6064098738559 0.326976303558266 146800402.173353 128.670968811 10835123197.9585
0 chipseq_2000.dot 5058052541 1.24871192889389 1.04589671771901 36 67.1892575878583 2.24346605059812 0.913661706 586611429.055116 1.7947087854129 2.10354595412446 36 274.949100252637 0.942282051467465 30741257.8683771 0.978708882000002 1913361006.49097
0 methylseq_20000.dot 11897958606 1.25232553338797 1.958309833197 36 187.179733117232 1.3345514422535 189.689113419 7221823165.12835 1.12741048800476 2.15230366285028 36 630.375179147794 2.27965962833355 551632695.814077 251.048447895 14885468936.6283
0 atacseq_25000.dot 14091675276 1.18829396959165 1.13929248433844 36 77.0961162600991 0.690627028989608 40.1086488330001 12078999318.6297 1.69181160563973 2.10024242606765 36 657.217607951221 0.591084769544698 932754875.702298 278.652326224999 42556164259.2614
0 atacseq_4000.dot 14091675276 1.17156735124043 1.15813667134121 36 70.0681431597809 0.751302479753877 1.90828845 1950678512.21369 1.3717249526073 2.09402250679936 36 396.065056219475 0.652036203239723 122679364.811303 2.50737791800001 6459942774.03901
0 eager_200.dot 25705994498 2.90630630630631 1.73958390092967 12 19.9222072770592 19.9246566324637 0.122436357 29708993.2907966 2.5029601029601 2.23141358422485 18 931.637292949513 390.687807690465 8362390.95724123 0.030191603 83863110.0942937
0 chipseq_15000.dot 4605965334 1.1332065871663 0.789171795202552 36 17.5244473130587 1.38722389209272 9.56027812199997 4274506616.96637 1.95010409213769 2.10665142965617 36 346.509815707246 0.380193192897134 321717574.980041 98.9989815020004 18843525758.1972
0 atacseq_15000.dot 14091675276 1.17616234411098 1.1424740548764 36 80.4058821667649 0.673152089828985 12.596029981 7281706473.99746 1.63785111192338 2.09071630363488 36 576.874203720494 0.650917164516279 552290447.712588 68.6637941069992 25323520344.0886
0 methylseq_200.dot 110641579976 1.70510912698413 1.92992994045907 28 46.2461277760427 0.0401657593701817 0.0781116609999999 633801130.143527 1.49280753968254 2.25550599826775 36 92515.1761684775 0.0425863975634828 49318276.7957298 0.015034808 605165541.880662
0 methylseq 6273818718 2.83333333333333 1.58134638827232 4 107.283139336876 107.283139336876 0.003217086 1440597.1517851 2.83333333333333 1.92208623530725 5 896.636647715175 896.636647715175 991875.3625 0.000486913 1440680.64748061
0 atacseq_15000.dot 11187378708 1.14771098021327 1.12283440851554 36 48.4214852814789 0.569649378810197 26.2298904919999 3708974657.82762 1.21001496574412 1.59430893497688 36 199.778892804681 0.754638686467413 307705421.955758 54.487040017 12618936258.0354
0 eager 25705994498 2.94594594594595 2.64061715361216 8 -0.0358120053081273 -0.021199700407348 0.038132 23959959.3188289 2.65765765765766 2.64244897641496 8 3681.44970661875 3681.44970661875 8004106.34485963 0.008781103 84912420.3038952
0 methylseq_4000.dot 8885797810 1.21936619158841 1.82146929522314 36 301.720165226312 2.01712195089656 6.90649615000001 1025091696.01883 1.10087071198182 2.40572683321893 36 753.152753904472 1.47079999853871 80083218.6841476 4.19502154700001 2688070434.4187
0 methylseq_20000.dot 110641579976 1.12607423921953 2.19511237167585 36 269.742886915693 0.00136289518991375 244.712944658 51158332841.0103 1.09033216461191 2.19694952840554 36 326.369934912879 0.0255539074490068 4511998355.12115 206.980270539001 61564646448.9629
0 chipseq_2000.dot 41366257414 1.12504320573941 1.42035318700384 36 42.0290877931188 0.0580201908768378 0.826191469999999 3112567849.3908 1.37712854128994 1.84770013365833 36 120.626279461824 0.187314109252884 256371281.994416 0.640962308000002 7544699743.29683
0 chipseq_15000.dot 32978181418 1.22215075373985 1.77235965747918 36 37.9624762856782 0.0952214714664885 11.819858668 27999109910.7415 1.92848075164957 2.18908837821386 36 1342.82496636465 0.259850938633001 1541757322.78536 85.0546415380003 65522992762.3633
0 chipseq_8000.dot 5058052541 1.23245294086791 0.923769193120136 36 25.1635387926179 1.6203687555884 5.55507962300001 2409325178.67936 1.79064505896403 1.9947583219262 36 306.93464652695 0.83655498062038 147277756.540166 20.949853622 9208613304.97948
0 methylseq_8000.dot 8885797810 1.21306425473092 1.8120418856866 36 292.261664362952 2.03300248993285 23.36731002 2052178612.83301 1.09633840189396 2.32836527512708 36 668.327252191584 1.13477740005429 159558382.343009 23.0495114530001 5080792169.39475
0 chipseq_8000.dot 41366257414 1.11896267264606 1.42350278326657 36 42.2938884244821 0.0604043946274617 5.62729162100001 12828395166.4389 1.47871502191644 1.87888629450782 36 165.65586073946 0.162457916639247 1074891574.44511 14.987384263 31022531678.4467
0 methylseq_8000.dot 6273818718 1.30745030745031 1.68522055894692 36 120.42090335394 2.09300281314203 21.040783639 960631880.897421 1.09684287462065 1.68921388590837 36 442.328602525835 1.07028079031924 99827984.6371036 19.354122163 3301752035.54233
0 eager_15000.dot 19100037384 1.27077269575627 1.29401868133538 36 149.834901376752 0.39105811639073 48.0726365500001 3472595765.80438 2.55391788462653 2.01910722824805 36 2391.35155747036 0.338927376345897 255634031.488633 292.186466662003 13270215273.687
0 chipseq_30000.dot 4807293396 1.16367430699686 0.942392803552434 36 26.5421808449749 0.934284300734045 43.5943608549998 8244843018.47452 1.74083516566838 2.12442348484058 36 337.082091251754 0.334113268649969 429081796.485244 512.685273717006 40000422917.3925
0 methylseq_30000.dot 6761426956 1.2399610637906 1.80386532670418 36 226.70729888238 2.03560298072528 502.471316834002 5891781354.94925 1.16515812674278 1.81210748432363 36 578.37995255396 4.18964040247741 466005244.59207 736.299891624999 12538579112.2588
0 chipseq_1000.dot 32978181418 1.31741975972745 1.94290347339619 36 149.93590389357 0.0866672814145547 0.31837153 1686424345.59252 1.7454594017094 2.18147424585508 36 1566.29045353942 0.349689317020777 87054348.3402194 0.189800937 3877325393.77117
0 chipseq_30000.dot 4605965334 1.13435970218966 0.775905334803041 36 19.4349487837154 1.07800400696041 34.555079205 9137780399.68392 2.01067667997141 2.11174531679268 36 366.901610560849 0.357154050186073 614198769.473049 617.758163725004 37570059726.749
0 methylseq_10000.dot 6273818718 1.2589813703259 1.69849300100397 36 125.069871961007 2.11848903084004 32.3769406640001 1199807212.83405 1.09954457973668 1.49278176243649 36 388.799353293462 1.70593027786907 128926471.579195 36.1551420250001 3602464899.99728
0 methylseq_25000.dot 6761426956 1.24291759697427 1.80413759933414 36 176.335545564047 2.03622212421951 319.342529243 4913991769.63831 1.18696007234177 1.81404380618844 36 551.568190604814 3.99454737976384 394021829.584874 447.135397288002 10002765361.5823
0 chipseq_10000.dot 4605965334 1.15751355213292 0.824834442909604 36 16.7174743157486 1.58048728019674 5.29689614399998 2705312088.70899 1.9407913384652 2.11579371633262 36 377.126928582018 0.359703404815834 197727415.974412 34.8394809889998 12378774577.421
0 methylseq 22500260922 2.83333333333333 1.62250934962046 4 1618.47169516365 1618.47169516365 0.003543765 3894919.77530355 2.66666666666667 2.15484065251294 6 4997.14285022466 4997.14285022466 2897379.09375 0.000492679 3979600.90595578
0 methylseq 110641579976 2.83333333333333 1.71974467181194 4 22059.2589138088 22059.2589138088 0.003189476 284127488.079787 2.83333333333333 1.98207556728169 5 212699.678640674 212699.678640674 15084215.225 0.000491922 203577345.985255
0 eager_25000.dot 8330435694 1.26326614548402 0.961159695749766 36 78.9363263378052 2.18285787721028 143.548766517 4465797904.3251 2.6101788580512 1.76369881838186 36 2131.81086432081 0.647837330076471 216630311.341796 1107.134831166 13647750117.6993
0 chipseq_20000.dot 41366257414 1.10832501613945 1.42709795871605 36 65.6228301275882 0.0610663048703892 25.788273354 32362120913.2831 1.54212770698221 1.86398616732122 36 197.091289542794 0.16817554512588 2878082108.29617 169.777931454999 79919929896.8543
0 chipseq_20000.dot 5058052541 1.20724900490622 0.866294554831304 36 29.9075596329195 1.24691418266494 19.6056761659999 6097419769.34128 1.89622817211992 2.09266211624626 36 347.462854692078 0.43319248549752 370933183.326711 204.326038997002 27216170071.5011
0 chipseq_8000.dot 32978181418 1.23300688666089 1.77251657467417 36 36.4834653219214 0.091197873680735 4.55976805800001 14772304325.3344 1.90294493581131 2.19310680309978 36 1377.17773660612 0.257863305977012 795291561.986174 17.043059778 34113567664.7799
0 atacseq_25000.dot 11187378708 1.14462941492611 1.09663539323694 36 50.2985174696903 0.546944369439598 47.0680293589999 6180218595.63561 1.26169414461405 1.78741347577096 36 180.522164372468 0.600861676286447 546079245.769107 213.544384149001 24224477910.5205
0 atacseq_25000.dot 3908761308 1.15157064237803 0.637986592528748 36 5.2131121053528 1.10554133554115 30.272941367 3716350003.89711 1.44199087732289 1.94146309446182 36 117.970847562047 0.326344831838074 317994710.623511 286.259241955 20649111543.0793
0 chipseq_4000.dot 5058052541 1.232574455157 1.03635215817386 36 33.9366680927914 2.07424792246241 2.159954721 1166617468.88646 1.78611672656484 2.05897207550811 36 448.779439190889 0.872117632881045 65049837.6197958 4.335879135 4564953429.26624
0 eager 8330435694 2.67927927927928 2.62459466982932 8 162.705498236977 162.711329974529 0.040649518 3602836.3445584 2.7027027027027 2.58980601393561 8 90.8707979517788 90.8707979517788 3387619.98513362 0.009286339 5374350.30307689
0 eager_15000.dot 14754556884 1.27123009902687 1.29550578599731 36 71.304736669521 0.524575501699683 44.3721745129998 2568338745.60942 2.47000320740477 1.6888559391441 36 2049.59705658129 0.395008213330426 251475768.659375 270.933574669 10984730836.2065
0 chipseq_15000.dot 4807293396 1.18326324482417 0.88144792529464 36 33.8930376311491 0.805801157389635 14.352818966 4119906278.58697 1.65053769269126 2.03816935059167 36 281.990894124696 0.551900296872406 206640815.100139 80.0243286339998 17642052608.4545
0 eager_4000.dot 25705994498 1.3341539524156 1.03970697756228 36 275.371461063838 0.965485230151302 6.06117863299999 1349354664.40023 2.41466797287693 1.78917344000883 36 4628.18182577427 0.485988208456805 96769150.7652121 8.61062130399996 3825845171.91559
0 eager_8000.dot 19100037384 1.30182121729076 1.32032144239619 36 213.070255650953 0.389192095312582 17.909165517 1885057592.74441 2.51040837374172 2.04428922985269 36 4544.60066615131 0.32631451547575 130280408.014335 48.5318834700003 6645756032.07657
0 methylseq_4000.dot 110641579976 1.18765988210432 2.1962392742311 36 277.600285474185 0.00140556929057049 5.01210110299999 10215742557.5893 1.11733558955781 2.20021156597364 36 384.192083114317 0.0266386492191277 893352673.955623 3.63662921 12370973971.0864
0 atacseq_200.dot 14091675276 1.7425 1.49827155732076 17 5.35861724734835 1.65988664048006 0.057869245 47169709.5409263 1.94444444444444 1.7294931833386 22 52.2981744717488 3.8844123828643 6889764.87154826 0.012985643 57490443.3317787
0 chipseq_25000.dot 32978181418 1.22474905287403 1.77100065552328 36 35.1637854741466 0.098673884775805 28.577997404 47009499756.9051 1.94618130034798 2.181425071971 36 1363.70154719115 0.247082713893243 2601506108.10308 321.367959122999 107746224105.716
0 eager_10000.dot 19100037384 1.31826879355686 1.30344476156651 36 171.263198796992 0.391447720575483 26.685977713 2338891119.03027 2.55950553258247 2.04195520051828 36 3532.07226973755 0.316353025824987 171415424.575376 91.2004774739995 8294666267.87201
0 methylseq_30000.dot 11897958606 1.25389997268749 1.9571672490961 36 232.288532462692 1.33546713331892 513.666499744997 10838555751.7647 1.14665707552865 2.04338999824332 36 660.772249298035 3.01417414857649 791992425.897101 751.941594378008 22856837250.8636
0 atacseq_25000.dot 11809629756 1.14604873763134 1.13295286875891 36 59.5355268590557 0.541142682496722 44.2754525910003 6359891182.37231 1.28167902915949 1.79059326358874 36 212.371509608988 0.531528362976552 489584092.509456 216.692816043001 25472827974.092
0 eager_30000.dot 19075314980 1.2295085533594 1.25728448156828 36 107.603812315268 0.388250425224313 144.074071262001 6883147969.58545 2.61322893606367 1.97303171157146 36 2419.07476682946 0.327814017230382 492492810.245471 1840.06377583898 25633990062.5366
0 methylseq_25000.dot 11897958606 1.25211906920982 1.95848811170146 36 198.990794177011 1.33654010325716 335.266390782 9041701735.06013 1.13531879386419 2.20903453392462 36 670.543324474457 2.87442684399537 670445827.949168 482.286237216998 19004730441.8048
0 eager_15000.dot 19132169434 1.2539441652244 1.29085991775302 36 123.767993865499 0.411057166427274 49.5872689020001 3517082033.92174 2.57793308698819 2.01245802147348 36 4289.00486411779 0.347150976503072 246542609.372367 280.813232607 13096730833.0648
0 methylseq_30000.dot 22500260922 1.21316304299497 1.37954741759189 36 59.1239321994683 0.0574838644945367 581.497148746 4503588230.79049 1.12728636428119 1.50259942486902 36 221.140756581237 0.179498984062262 1137262268.57124 619.013983017004 16559657488.7331
0 atacseq_2000.dot 11187378708 1.25851464258327 1.2781671840298 36 80.2836433462166 0.663476049036827 1.379648821 473885706.965773 1.22481714001322 1.7468412122034 36 243.485463965271 0.798992575390075 45852881.559864 0.677149307999999 1422791809.22138
0 methylseq_10000.dot 11897958606 1.26507904749201 1.96044009106589 36 197.905292349068 1.33481036682231 38.0437241300001 3612632018.88687 1.11100948315836 2.13439344592154 36 636.825750818339 2.38395402792351 262267269.039256 38.5625731140002 7564100542.88713
0 chipseq_25000.dot 4605965334 1.13603640686973 0.807780802001012 36 21.2130683476121 1.16094922686312 26.7081625800001 7436310381.57345 2.00841987821156 2.1075996135559 36 403.02265366767 0.360990398975388 493134158.322753 369.555499143001 31303865510.5014
0 methylseq_30000.dot 6273818718 1.26718465163843 1.70433516565874 36 129.083843838528 2.15436084143534 365.891956991998 3634322681.7122 1.13009224853965 1.64957618632264 36 437.571781867006 1.57497296737335 384737543.236634 632.466809415001 11943113572.6782
0 eager_30000.dot 8330435694 1.25920491027804 1.00178977197776 36 111.303864905775 2.04086211314117 215.719699430999 5357713798.46942 2.62906265632653 1.79389044137627 36 1720.48012548077 0.620197779478929 265854444.215018 1823.43151347099 16345658058.2804
0 chipseq_200.dot 4605965334 2.39880952380952 1.48397292736788 14 3.37035342397698 3.37035342397698 0.066918361 6271100.71875426 2.37946428571429 2.0075210233958 18 5.59538764470673 3.09070373300699 5156549.85416667 0.012772592 52007348.3221926
0 methylseq_15000.dot 6273818718 1.27485162733361 1.70012624819125 36 127.144525343989 2.1241606541544 74.6082232260001 1806206969.76166 1.10570784670067 1.7175641002764 36 426.574315130472 1.83372524220432 189824318.238727 105.598876752001 6058159948.68681
0 methylseq_2000.dot 11897958606 1.30188213170141 1.99164009603424 36 94.6921663091138 1.34746096452319 1.407739537 727056776.767077 1.1589532734111 2.15403788934409 36 773.753664172508 2.35046497220538 51240539.2124998 1.047943764 1432296684.49671
0 atacseq_200.dot 3908761308 1.73166666666667 1.77760705400637 16 2.51907002731336 1.9204881918787 0.077138865 6296053.04857015 1.53083333333333 1.12345464656711 21 3.57506558157156 0.433905944726854 2567367.37453712 0.013105486 4110826.80067975
0 eager_8000.dot 8330435694 1.38927526799558 1.0211366598289 36 196.89413623242 2.24046159688024 21.975729906 1305199832.57708 2.5320241553575 1.90376598042068 36 7654.40424379629 0.616996604790944 73630328.7486726 55.0538601209995 3850727484.38296
0 atacseq_200.dot 2223941232 1.58833333333333 1.56451333755756 16 5.39353267645631 3.03204211359205 0.079932938 3499132.9627343 1.42460317460317 1.17519640537133 25 4.88712897808041 0.380638399695315 1591901.05744462 0.012651339 2808000.19010009
0 chipseq_2000.dot 4807293396 1.26407835308152 1.02983058320854 36 85.9770502502574 1.75846186042285 1.079236073 472898031.319765 1.67905176311031 2.10123863441996 36 1217.06519247505 0.826146282462519 24489510.5510955 0.908241676000003 1818337481.10237
0 eager_20000.dot 19100037384 1.2527338363417 1.27705753175821 36 98.7293666121351 0.394754421712705 69.7340637859996 4570352728.87424 2.52930266199495 1.98168282550193 36 1665.39950161341 0.33212080209539 340893859.85689 561.863333652001 17394683084.4798
0 eager_10000.dot 19075314980 1.33528243524396 1.30154225773762 36 198.416631988165 0.378320852175369 23.2455325469999 2287520034.47858 2.54688391996086 2.02933718666456 36 3577.60829204645 0.324719485236872 168249477.005396 91.1263658989997 8507922986.2439
0 methylseq_25000.dot 6273818718 1.26168186909908 1.70114795189914 36 129.342449943088 2.1372528997507 236.238008867999 3019719827.96264 1.12177186445073 1.78066039871066 36 443.586045737276 1.80954557114044 316053906.480738 409.459602039005 10251798993.3112
0 eager_10000.dot 8330435694 1.34747954090104 1.14842657211572 36 326.914745780944 2.32825177390494 37.071074019 1766094243.16895 2.53654354068556 1.85529296061385 36 4398.15654706269 0.6828077290577 93023406.5840277 103.961313391 5427930521.51361
0 methylseq_200.dot 8885797810 2.59722222222222 1.8307572132035 28 10.4705597996295 1.85996355689256 0.078807806 43808086.7297094 1.55737433862434 2.83848514494851 36 7812.38893332327 2.42766690638185 4188096.6625 0.014400503 77955318.3550096
0 chipseq 32978181418 2.5 1.32635329359904 4 28.0009956677892 28.0009956677892 0.006266929 126769537.122935 1.97916666666667 1.99223200791036 5 387.99890190523 387.99890190523 12821832.7291667 0.001022958 233908506.123063
0 methylseq_2000.dot 6761426956 1.98004717281826 1.87712051105537 36 98.6878181321923 1.93273892081392 1.869415288 383474498.739063 1.15614043475489 1.85189666305109 36 631.372160882752 3.81333535912889 29954341.9280355 1.044522413 788420357.482887
0 atacseq_20000.dot 3908761308 1.16517515569208 0.54375471422516 36 5.47051619670911 1.14673551358941 18.243073074 2985469507.39261 1.41448009455823 1.90950900728564 36 114.990201573192 0.339473570065699 265511274.010512 150.576981419001 16494873682.4219
0 atacseq_1000.dot 11187378708 1.34266931216931 1.3508814759668 36 29.7367880327074 0.524614489208307 0.481607075 167045724.221104 1.26214045214045 2.06369491461559 36 308.424923272932 0.96181434162897 15310652.0698836 0.191780493 582736058.575195
0 eager 19100037384 2.91351351351351 2.59341298533905 8 553.967102795427 553.992634144925 0.037737675 30875245.4079678 2.63063063063063 2.64007109323584 8 505.653016086606 505.653016086606 6188239.19062296 0.008968882 33495293.3587492
0 chipseq_10000.dot 32978181418 1.21064722662468 1.76774692700866 36 35.6057482967939 0.0969159545988027 5.98458270800003 18547106879.9344 1.88688797887575 2.19115616048741 36 1267.38083737539 0.262155862501929 1013373192.32387 29.0576782479999 43208239734.3804
0 methylseq_2000.dot 110641579976 1.13889685727035 2.20059564574677 36 320.955381103927 0.0037261795358976 1.649566154 5314176819.62821 1.13998055714923 2.2000372020106 36 381.51701562616 0.0270542078078613 457458521.494194 0.873563160999998 6162638061.99288
0 chipseq_8000.dot 3793245764 1.16460581933741 0.572716182887962 36 7.36689430370124 2.38913537718755 4.020954709 1804808737.2749 1.84732096208389 2.0846768882876 36 241.352872804044 0.351921510156218 164237819.874528 20.4265429249999 8979387145.84134
0 eager_25000.dot 19132169434 1.26370577639266 1.26083930647484 36 105.730980950703 0.383589794220362 94.733106192999 5684396343.02622 2.57480770353111 1.96090498230598 36 1922.49336932043 0.341196233892336 406749120.782989 1063.25157661 21349470423.7374
0 eager_4000.dot 19132169434 1.48132722579605 1.36141739701399 36 533.371659909287 0.348088726846634 7.61436989000001 933157887.662796 2.47251964117635 2.05789645593187 36 3897.00345692052 0.377158930487901 66188951.0577478 8.76616967400002 3299582151.34459
0 chipseq_1000.dot 4807293396 1.38578262015762 1.10914566397344 36 67.5299127654199 2.01884213229445 0.438217274 201828251.946588 1.68685134310134 2.23442777800285 36 331.708820595247 3.9080863225025 12784860.7284455 0.227180959000001 674375612.970418
0 eager_15000.dot 19075314980 1.25127767533184 1.2708296298019 36 142.595085613955 0.406154693884046 46.0907237460001 3524785284.37406 2.53783372051087 2.00810055294111 36 2919.32494940488 0.32426677730039 254207717.734181 270.566870604 13069640612.3669
0 methylseq_200.dot 6761426956 2.71527777777778 1.82932708787609 28 2.03504823043164 1.38455967541874 0.081287988 37560701.4185511 1.55042989417989 2.00449356958733 36 3469.79807744157 2.0152400441892 3218254.05527595 0.014386289 35285317.0024427
0 methylseq 17027257018 2.83333333333333 1.58974114244534 4 705.745846145477 705.745846145477 0.00340881 1921320.70767842 2.66666666666667 1.94342561174876 6 1905.62933458551 1905.62933458551 2178112.25 0.000486849 1919492.57338242
0 eager_1000.dot 8330435694 2.01257239382239 1.94953246638154 36 1374.08425095177 2.52514704707133 1.086870822 130858087.020562 2.38154688779689 2.37088295445659 36 2802.70388115741 2.09188778003706 11611141.7075235 0.499865148000001 283202172.935878
0 chipseq_4000.dot 3793245764 1.16016272118866 0.587374296474621 36 9.04969654705391 1.82912751981364 1.911877804 898535482.642173 1.75869927373465 2.06393577410122 36 239.574422868076 0.369675126260604 76646738.8139733 4.329096866 4002656320.46574
0 methylseq_200.dot 11897958606 1.90327380952381 1.81190118051675 28 57.9431299053246 2.00035629061698 0.074497114 77814857.812237 1.55737433862434 2.33625871161667 36 8043.41275976792 3.29906287862491 5500687.87612111 0.01431524 113367062.096306
0 atacseq_1000.dot 3908761308 1.66612830687831 1.30319906508858 36 17.6823020030233 1.27672113290991 0.485394006 88490007.7179005 1.33985052910053 1.149412524871 36 179.225489257994 4.01384835690222 11595581.3959739 0.226504699999999 323276004.099819
0 chipseq_1000.dot 3793245764 1.36750575813076 1.12254778406946 36 29.1064229401752 1.27203602169305 0.529896895000001 196528909.065388 1.75805097680098 1.85483215576782 36 160.92716101519 2.46702080082261 17851656.264916 0.24769415 503759420.77598
0 atacseq_2000.dot 11809629756 1.25631749559446 1.32445644846679 36 103.107163450589 0.615392719256227 1.339030239 499414812.413802 1.22651238104669 1.82436415265041 36 350.133657333572 0.744726453016968 44817579.593076 0.695228523000001 1576702054.71712
0 eager_4000.dot 8330435694 1.47599560979719 1.09125003785113 36 333.623890990454 2.31794476092528 6.78088451900001 614222728.199246 2.52298362522242 1.87590407021146 36 6748.47782288935 0.81927511601515 37178974.5901564 9.75249474799996 1821653433.05743
0 methylseq_200.dot 22500260922 2.51984126984127 1.85881363060399 29 61.444297813943 0.18486802820428 0.082820511 38855048.562675 1.6568287037037 2.33647797992359 36 1077.56185367299 0.105042460281081 8656633.07291667 0.014781831 36054326.8882643
0 eager_4000.dot 14754556884 1.47687503452487 1.3533524909816 36 201.854941921922 0.476451321054134 7.045461552 694658436.418242 2.32051501006724 1.8023059409847 36 4427.12156056641 0.441522595011544 79573118.9675758 9.26008328700003 2729593344.89396
0 methylseq 6761426956 2.83333333333333 1.58326217578873 4 69.8310303461266 69.8310303461266 0.003290721 1046977.44488969 2.83333333333333 1.88602967451623 5 1523.57529683211 1523.57529683211 1080079.2625 0.000476828 1046948.05832517
0 eager_200.dot 19100037384 2.86306306306306 1.82304467897017 12 217.231710209792 217.233367444026 0.126723948 33798234.4270702 2.46362076362076 2.30634864017839 19 627.902651024985 163.067826672375 6187523.47012759 0.030722585 30965406.990232
0 methylseq_20000.dot 8885797810 1.25420326860904 1.81776939070065 36 298.96648888877 2.05294397621258 187.382202055999 5161529187.98543 1.11854741896762 2.44932774164106 36 803.025701345451 1.18203840934422 405874275.303591 272.136010112001 14343193435.7123
0 atacseq_25000.dot 2223941232 1.15715954473767 0.422761135041015 36 4.4247937461588 0.891414500568479 39.595657939 2313337760.60955 1.35294213382103 1.5754483408964 36 45.2270332238009 0.263173590095512 183124936.098047 234.751389541001 14278522313.7254
0 eager_20000.dot 25705994498 1.25859321300362 1.05245907027498 36 210.216829735534 1.14148332710903 133.414867156 6900591936.63982 2.53811084964929 1.69195742249128 36 3178.24098869364 0.459889138689802 507493488.980404 574.663112568011 20862926175.0994
0 eager_25000.dot 19075314980 1.25269648721329 1.27806957204316 36 134.394312956157 0.391367084829032 119.343271669 5738072697.019 2.61903507541806 1.96763517072682 36 2785.10094836601 0.346601937738013 396312220.063492 1067.08120006601 21729574796.7739
0 chipseq_15000.dot 5058052541 1.22807430466027 0.886012964492978 36 27.6365109784477 1.54247937459016 12.885942855 4545726097.8279 1.88281187892519 2.09236208051069 36 369.033422316873 0.506439849868348 272690587.19027 98.1344198760003 20244509624.7446
0 chipseq_1000.dot 5058052541 1.4545575951826 1.04270957047891 36 47.5071423978346 1.49127652756834 0.479329847 253639538.710664 1.75286172161172 1.98216143430378 36 473.871348161817 1.95330157312692 15615637.6841125 0.225122968999999 794104594.951514
0 atacseq_15000.dot 11809629756 1.1657027717766 1.13431480964644 36 57.4685763715441 0.53294920951341 31.4652641070002 3851394753.7167 1.23965249822996 1.56823358724528 36 186.757344436849 0.777848516407623 295471864.812122 58.1641434690004 13405697165.9685
0 methylseq_2000.dot 8885797810 1.77506852808058 1.87352444762124 36 130.174961403467 1.95919946361962 1.987383017 509951044.152235 1.14691304902148 2.43659044425292 36 889.232984884957 1.29848723848649 39013784.2577145 1.049066501 1341882102.0166
0 chipseq 41366257414 2.34375 1.21017916367107 4 21.420975724205 21.420975724205 0.00631949 121086509.615803 1.82291666666667 1.94575818571901 5 58.7007423993473 58.7007423993473 15948068.1770833 0.000901682 157316880.305533
0 methylseq_15000.dot 8885797810 1.22813277076688 1.81608615007614 36 297.441190472555 2.05334512379977 96.420918966 3873567791.829 1.11327368773328 2.33573665179889 36 735.271856438925 1.3229153216724 314010077.698929 119.131834445999 10123637835.4724
0 methylseq_30000.dot 17027257018 1.17686386724004 1.93750041359343 36 353.711021301332 1.60204007874896 370.868767343001 15311037098.5766 1.29319876098586 2.50670197284322 36 884.584290551113 1.51644716268253 946784482.16528 754.602078982994 38218766285.8479
0 eager_2000.dot 19075314980 1.74841605296151 1.37572167176053 36 830.424767813901 0.323493353710313 2.743562027 459440341.408089 2.39528188164552 2.08903752150698 36 3377.10586506806 0.46281542637923 34632605.7155192 1.959531744 1416167260.36851
0 eager_2000.dot 19132169434 1.69632676905404 1.38290189067098 36 944.21157123816 0.359439687713722 2.619420357 461163994.846988 2.39414308050672 2.10963147386293 36 2958.1197998554 0.436332263039578 34588032.3218015 1.918982596 1372421594.41366
0 chipseq_20000.dot 4605965334 1.14144340875018 0.793891055094918 36 21.1423239869723 1.24780079890807 15.73148135 5834381428.13397 1.99460169706181 2.11343779520045 36 404.666910807171 0.358718060930987 400212504.083227 203.437382142001 24868320157.4513
0 atacseq_200.dot 11187378708 1.82861111111111 1.42168654051137 17 2.47834132344113 0.548182905869439 0.067122475 5523962.95261976 1.47648809523809 1.65356010246585 29 8.15544374183561 0.469534991805283 3296460.2875 0.011915707 5431836.57999507
0 chipseq_15000.dot 3793245764 1.15599246677084 0.542205752930805 36 6.53445097137668 1.74961622823316 9.78233346200001 3479888322.03492 1.89286832220367 2.06772755176911 36 236.454535991907 0.340013913102346 309296876.589966 99.1387743420003 17236577046.0135
0 atacseq_8000.dot 14091675276 1.1786552510073 1.12668943000232 36 84.2849947182293 0.719531044050307 4.925434435 3835469127.90806 1.4897046686376 2.07381949496737 36 409.467216852117 0.634894334037461 279452451.486237 12.927216828 13249440480.3643
0 eager_10000.dot 19132169434 1.32031258689894 1.30317505732221 36 190.499146432409 0.404776518944004 26.52639343 2331406200.31493 2.56248228555922 2.02637118052505 36 2839.05751804748 0.313034594355177 171446561.944452 91.6335278660009 8316201592.07364
0 methylseq_8000.dot 11897958606 1.25910434243768 1.95943771499003 36 154.116526346871 1.33248101962382 22.571671299 2884161483.73668 1.11568910180021 2.04135629693667 36 620.224066620677 2.64840587373338 211572223.617183 22.2330558179999 6013797757.30117
0 eager_15000.dot 25705994498 1.25632458934488 1.02969634153613 36 184.77436467214 1.05688354467051 67.3004200300002 5022089908.87852 2.50905562480364 1.72521414230144 36 1849.25258238928 0.469001801178302 392148192.210276 266.223540177006 15781178169.9916
0 eager_1000.dot 19075314980 1.97171156546156 1.58529206138388 36 803.191046435187 0.355218146194818 1.11123521 244481214.116007 2.43387527450027 2.26095274703314 36 2737.68278484732 0.53097270270319 16905697.2568826 0.461140575999999 603318743.482069
0 eager_30000.dot 25705994498 1.21965394766676 1.05391415136261 36 184.171687181274 1.15229367892981 229.87385371 10145951252.5494 2.55058832863957 1.67782878774766 36 1245.85255673562 0.475214532819115 746660955.050177 1724.36709724202 31706039114.2466
0 eager_10000.dot 25705994498 1.28509755734825 1.03287812955842 36 207.61034234803 1.02988964489337 35.0028871019999 3327990291.04174 2.49888129888131 1.71454241762088 36 4483.98512713736 0.457250919066653 252584794.839357 90.3129323110002 10051177111.2853
0 chipseq_20000.dot 3793245764 1.13549371727562 0.530090838564927 36 6.62382604808326 1.79468398944487 16.0571064140001 4701503522.65732 1.89741268847966 2.09080064483372 36 246.905790484291 0.312954693045824 423588572.632656 214.491446279 23789900347.1675
0 chipseq 5058052541 2.0625 1.56762268005373 4 3.8633335847435 3.8633335847435 0.006669041 2304965.30983137 1.82291666666667 1.80148383765843 5 13.7862804596485 13.7862804596485 2410278.9625 0.001239278 2309884.11594999
0 chipseq_30000.dot 41366257414 1.10995520326212 1.42473398215769 36 60.6717931161661 0.0618271681484535 59.0370676610001 48927758528.463 1.54423345888892 1.8772925760376 36 283.206395591894 0.176608208944335 4347985610.74706 521.413280703997 124427171927.258
0 eager_8000.dot 14754556884 1.37081356277434 1.37804762384941 36 127.26474355882 0.493323414940274 21.987781882 1389726609.64802 2.43925977925978 1.72707813253969 36 3659.84054830506 0.385770585940716 135895012.236536 51.4051521349995 5521723632.95754
0 chipseq_30000.dot 32978181418 1.22920876038054 1.78322366017388 36 36.1546629330121 0.0935673437361344 39.0493458349999 56722702651.3736 1.95065952778109 2.18206855746224 36 1284.04580696882 0.254710581882565 3139578393.83902 519.143411307006 131354415490.234
0 methylseq_25000.dot 110641579976 1.15718324455726 2.19489074714405 36 267.958925881158 0.00110797537131345 373.753816797 63689600999.8911 1.10040654123711 2.19744057328312 36 330.086323993052 0.0258344016051602 5600260055.73521 417.053693892001 77165082473.3082
0 eager_10000.dot 14754556884 1.32730418532715 1.33788386217185 36 104.292216626409 0.514479463866481 26.8532077189999 1730479485.3046 2.47337572337574 1.71033782753269 36 2140.00256999426 0.395075701591194 175274882.516904 89.4628316010004 6955303608.5082
0 eager_30000.dot 14754556884 1.22265827428635 1.32596691053748 36 59.1102239169384 0.5127817544225 131.430612397 4947911566.44183 2.5446276616553 1.62705077961872 36 2943.64460759844 0.402132485684158 504486571.259269 1861.19768287598 22149733605.0707
0 methylseq_8000.dot 6761426956 1.20119722897501 1.79122955535077 36 273.792148331507 2.01144188468292 23.996454413 1559485435.17294 1.10154400432178 1.78794018741678 36 550.9458003772 4.17935588248167 123118426.727515 22.1415980780001 3368467229.17476
0 atacseq_10000.dot 11809629756 1.15887847971661 1.15836217397748 36 54.067143563103 0.551365274251492 13.587307394 2545662646.39747 1.22438511466833 1.65992077922431 36 191.854423198112 0.765935458333125 182680958.884238 20.1785898290001 8746992765.89037
0 eager_20000.dot 19132169434 1.23838949455354 1.26919152242876 36 112.669634125134 0.398414382842108 82.8101589489999 4647055155.52273 2.52289271712346 1.9709132067009 36 2020.53234738962 0.337059529276658 335768303.748811 550.212916630999 17233104352.348
0 eager_200.dot 19075314980 2.73693693693694 1.78712424759219 13 262.343913252861 36.0278694021369 0.132088034 31718740.6808085 2.46362076362076 2.30176835785853 19 580.165013541712 151.734036410806 6181566.92551968 0.030798153 33613924.7589219
0 eager_20000.dot 14754556884 1.25633895580223 1.34404565086586 36 60.094374764629 0.545608024268611 68.7390258050002 3370509041.36548 2.50362060776259 1.6061464659489 36 1765.48437070691 0.412306086471636 360133545.393547 567.774369339 14394949318.7596
0 chipseq 4807293396 2.5 1.36190319819522 4 15.4548007724782 15.4548007724782 0.006634399 2315870.71948046 1.82291666666667 1.85316001373269 5 19.0046905842479 19.0046905842479 1979708.46875 0.0011747 2718480.6824514
0 eager_15000.dot 8330435694 1.27554550959822 1.07681489560723 36 133.782204539939 1.75012202449015 60.5454095979999 2566191446.65047 2.58009155489468 1.83146019018169 36 2733.73708890251 0.622438198876393 134552382.767035 290.405315291002 8095577522.41688
0 methylseq_10000.dot 6761426956 1.21612295711935 1.79108025140703 36 277.204559217399 2.01969016390922 38.8819225489999 1956106678.29815 1.11256407324836 1.78619489991335 36 569.479955174885 4.34184891540848 150695816.885542 39.2848075370003 4199342867.08126
0 methylseq_1000.dot 22500260922 1.49633454452732 1.37771009932368 36 58.100523142138 0.049650592438154 0.5363899 143428558.105915 1.27361828265443 1.52926457454611 36 359.956339250242 0.205204896399449 38005083.1265692 0.229660322 521400230.88809
0 methylseq_8000.dot 22500260922 1.55660819549708 1.38144211769049 36 60.4527559354566 0.0580366579073129 26.252036341 1199331275.85248 1.11497410108521 1.52883223118282 36 213.890646307008 0.17738497028746 293302175.029287 18.3406505460001 4380102379.82364
0 methylseq_25000.dot 8885797810 1.24583361909336 1.82093097548087 36 197.015463442073 2.0576009769686 341.610077205998 6463820637.72297 1.11848498934436 2.57542284263583 36 724.185409026177 1.81766355048204 510960542.48496 463.156776971003 16557625236.7427
0 atacseq_1000.dot 2223941232 1.52504365079365 1.18151162979501 36 5.57996823106303 0.343307348383787 0.516409809 17766391.1764094 1.34608994708995 1.61657346229689 36 131.253409702522 2.31616958373545 7240751.15346379 0.221168155 193106939.032611
0 atacseq_4000.dot 3908761308 1.19964123680423 0.463537277922176 36 9.32886166834785 1.6473876743078 3.059130253 572388035.682416 1.39279922827717 1.88602365218083 36 227.909585820417 0.610996933400463 51241445.6738367 3.94411218499999 2443791524.24587
0 chipseq_10000.dot 3793245764 1.16516571356797 0.596361022788482 36 7.28238960395738 1.80730422015798 5.73858835700001 2305013937.13638 1.8641320563313 2.07339353005054 36 238.652400572375 0.34307235607893 207372713.137675 35.4408898410001 11454910248.5624
0 eager_1000.dot 19132169434 2.00812968000468 1.59296064326717 36 948.422175487351 0.364759906927398 1.171850408 245025287.617728 2.43413514976015 2.26020627386746 36 2354.21688228732 0.494688920377996 16897169.9366317 0.462793265000001 570811102.770222
0 methylseq_20000.dot 17027257018 1.40868490253246 1.94787328384347 36 268.838725184842 1.60155896189057 188.928360686 10205017012.0071 1.27457808520237 2.51150446753858 36 988.954436387337 1.17742418169972 629930404.997262 260.183736657002 28800640209.9885
0 eager_8000.dot 25705994498 1.2934685031692 1.03927623344907 36 242.495141423715 0.999640703037131 22.9425185869999 2800600986.58149 2.43325437992105 1.72516555600038 36 2729.12996403529 0.528117031966251 203254762.43755 49.479411391 8847967078.7709
0 methylseq_2000.dot 17027257018 1.47650124306751 1.98034985595572 36 196.704422420235 1.61799071467121 1.431007901 1027958496.77725 1.18098584815452 2.51596644422253 36 1156.79150789781 1.34702537701806 60469490.4511468 1.067016156 2769639732.87849
0 methylseq_4000.dot 6761426956 1.16844225177558 1.78909567700382 36 272.535096122289 1.9966919304308 6.626154094 778988929.265117 1.10178035178035 1.76604142417951 36 530.523582773612 4.21818579718912 61483797.5215209 4.071258975 1633467863.72548
0 chipseq_8000.dot 4807293396 1.18956684968637 0.901396782005573 36 29.2127783122687 1.02941063656855 5.225157082 2138539909.18917 1.60556867375051 1.99747242345933 36 251.289152693803 0.706651249674103 105302267.122447 16.34402352 8519422467.00371
0 methylseq_20000.dot 6273818718 1.27678849317506 1.70049637582768 36 128.147338565545 2.13050195296035 145.070901791 2411821729.16475 1.09131668540436 1.72462833186531 36 419.434649891869 1.41918517213096 251413570.479932 209.279979970004 8017184512.08659
0 eager_4000.dot 19100037384 1.55316397844931 1.32539017237026 36 344.381124116662 0.349565978423187 6.83986523499999 909681684.192053 2.48205026115473 2.07568051604921 36 3339.37143342811 0.334359617634203 66558210.0952604 8.84195080800001 3105502103.53016
0 methylseq_20000.dot 22500260922 1.22998405711494 1.38003708560174 36 59.0869465240737 0.0568199143686016 230.635359735001 2991280738.01607 1.12344382197327 1.51518912675699 36 218.347105782762 0.185205850456107 757276599.781633 219.394864892001 11180125123.121
0 eager_2000.dot 14754556884 1.7364144182326 1.43092658473214 36 742.961798919154 0.532010301728308 2.995527447 376534349.90791 2.33112734930917 1.76837810981107 36 3187.49090937599 0.633868355321643 44560066.0154452 1.960632999 1196547828.64721
0 atacseq_20000.dot 11187378708 1.14917258624748 1.10758836062989 36 43.8212125920049 0.555925190144446 35.6050377609998 4927636036.26782 1.26966191631719 1.69531759075804 36 200.023379198276 0.709675341341194 414477397.377903 122.527296675001 18361491062.0801
0 methylseq_4000.dot 22500260922 1.60276943610277 1.3822800124853 36 61.7709524860564 0.0607533885921345 6.59002019699999 604234816.309536 1.12280137280137 1.5356646656771 36 209.185874412832 0.179398301545325 148464293.86633 3.603191527 2155259840.299
0 atacseq_15000.dot 2223941232 1.15395145392942 0.399778900329601 36 5.20898839775559 1.04165968264358 17.314074913 1339530821.15301 1.33286155455752 1.46250695517824 36 41.143979418969 0.410216979042772 113286540.052524 64.4282080619993 7520935100.83662
0 atacseq_8000.dot 2223941232 1.19704047702524 0.357884817595969 36 7.85416090133897 1.38483626409875 8.13317777699998 703217353.497591 1.32407116708947 1.48455275127147 36 62.4351172665404 0.504042324189191 55994344.2327096 14.107932342 3416729490.35988
0 chipseq_200.dot 41366257414 1.7514880952381 1.24133918755455 16 0.120226333077391 0.120226333077391 0.051904287 253558019.662589 1.76190476190476 1.89313255956956 24 71.3049567013376 0.556247419495808 31611967.0208333 0.009377062 651498697.804623
0 eager_200.dot 19132169434 2.90990990990991 1.92704963764625 13 260.827588044274 185.000284118648 0.125725178 36576403.2667754 2.46362076362076 2.31708848367283 19 591.132240958069 170.09531959574 6207177.59632859 0.030633791 34570787.240978
0 chipseq_25000.dot 4807293396 1.16536879557712 0.930412871636617 36 28.3810756752878 0.940661276781607 32.368646165 6845654986.06056 1.7137237345571 2.11613072405428 36 337.199554307388 0.399689372296827 352193774.943936 310.723066504003 32120850747.6689
0 atacseq_4000.dot 2223941232 1.21229301357257 0.398213713129755 36 13.4719966629611 1.8158336846166 3.63833436999999 340585628.344487 1.3361318306784 0.975582007682329 36 97.729280669685 2.08748613646147 28187394.3877331 3.216248668 1195322775.53952
0 chipseq_10000.dot 41366257414 1.10560439977734 1.41246149754315 36 72.0230422094477 0.0606410698651294 8.31615281 16007059144.2719 1.48817559320379 1.87397946519972 36 187.505648832633 0.166184885550219 1394507762.4864 27.1620184019999 39302528182.6889
0 chipseq_4000.dot 4605965334 1.15011089539391 0.888673753784377 36 20.6099658721379 1.79789835636957 1.964090749 1075667916.9833 1.87695604971548 2.11952302033537 36 555.466869488838 0.454920096866808 71845793.3466845 4.242841934 4560833289.80375
0 atacseq_10000.dot 2223941232 1.1839462046838 0.348398631104473 36 6.25332980122542 1.22362227641813 11.444950636 876553045.993774 1.31743628188941 1.52271990969901 36 52.4911510491032 0.430091081622523 71671338.2925458 23.7178327070001 4466226959.41471
0 chipseq_25000.dot 3793245764 1.13820119028452 0.542017436953598 36 6.92115147533971 1.90288682766982 23.3437760909998 5810689382.85709 1.90267648600983 2.08173661602092 36 247.524967482539 0.319185718719513 528668767.400286 388.118882673002 28653889778.2967
0 methylseq_25000.dot 17027257018 1.39850757073514 1.94723096837147 36 256.963863185022 1.60342420748867 315.386426209999 12772813301.428 1.23313063423485 2.77395558185813 36 949.637004273681 2.15288158211655 776127039.84353 448.990318259002 35235839338.3225
0 eager_30000.dot 19132169434 1.22754729658141 1.25928308628938 36 106.36240145151 0.381533050718352 140.785950512 6810266885.98348 2.61104348939004 1.96605297625117 36 2719.699880691 0.331948261487136 490760902.240438 1737.857654313 25648091908.1377
0 eager_2000.dot 8330435694 1.65212522939795 1.3777448176771 36 761.338711333237 2.91299698895678 2.693155492 316991205.863603 2.36922719649993 1.97245519099004 36 4424.04913205864 0.971602355919903 21559597.0715637 2.118994065 823720970.199935
0 chipseq_30000.dot 5058052541 1.21016814624769 0.844032366650052 36 26.1527916064679 1.3683521815245 37.1277110800002 9183914333.99779 1.91690371936932 2.13980635604239 36 454.490558189927 0.361119033151958 561976522.053228 603.559369330997 43069044007.5005
0 methylseq_4000.dot 11897958606 1.27585124807347 1.96487247724791 36 235.85464065767 1.34484916819676 5.013907645 1454648732.40749 1.10672974561863 2.0436529803032 36 614.572799760583 2.78238676410623 107276582.976667 4.11788477400001 2984158642.69917
0 chipseq_4000.dot 4807293396 1.21372282722518 0.937224650563101 36 33.5606314814459 1.12484228005488 2.379928484 1039199413.78116 1.6365495419151 2.08349321205431 36 505.622865122437 0.719618499260938 49047771.1809111 3.751144587 4224912385.37682
0 eager_200.dot 14754556884 2.66147576147576 1.9026998320418 14 225.980502866726 115.618828584427 0.128712593 14851458.8823527 2.44560274560275 2.29523271548445 19 581.760064904351 75.4382022709005 6798400.83985769 0.031321171 18673273.2009655
0 methylseq_15000.dot 22500260922 1.60011395359675 1.37878788597649 36 59.6775726665467 0.0565634238362484 118.26934119 2242606138.83755 1.10771792036807 1.5198372831393 36 220.657490484361 0.186635746974717 572108991.80828 95.0205319900009 8455423223.94969
0 chipseq_20000.dot 32978181418 1.22892899627488 1.78194675947635 36 36.7283653583945 0.0917598856390292 19.137514945 37493583650.1799 1.93777377972467 2.18270961434063 36 1359.18936615438 0.24969936879943 2084150227.21383 179.852917642002 86102569553.3363
0 methylseq_2000.dot 6273818718 1.42426053420029 1.65362424850556 36 128.365442223288 1.93933592914346 1.532612461 243265753.855 1.16368649199974 1.83468868964417 36 385.37616010659 1.10881269152575 23584671.2370336 0.887167534000001 730480365.039663
0 methylseq_1000.dot 17027257018 1.58022566456301 1.99803924290465 36 223.787106784981 1.61751229565108 0.543268027 521617051.730399 1.22936189201249 2.50674031308779 36 1508.978325858 1.92439416057154 30242265.7880006 0.253372544 1531467567.66156
0 eager_25000.dot 19100037384 1.24337019087034 1.2808743257596 36 122.990479133901 0.391582190727514 113.727419505 5740424673.18801 2.56537309941566 1.97123188432293 36 2693.05799403362 0.329339592913959 395432466.902146 1080.01668567 21044787857.1717
0 chipseq_8000.dot 4605965334 1.14815327697381 0.828194636742491 36 17.2744137144455 1.58432364416662 4.14149276300001 2189892106.80467 1.92174671592775 2.09497751120128 36 289.24639775221 0.367632122403986 163478329.608906 20.3351473389999 9806798556.89422
0 atacseq_2000.dot 2223941232 1.26163474325239 0.886437565607801 36 23.4246998822256 1.77345759179522 1.512591962 136948198.753345 1.3727675329391 0.95001365733652 36 96.1412826936178 2.39562153571321 12193733.1645687 0.822860645 400622216.33168
0 methylseq_200.dot 6273818718 1.9484126984127 1.76645255891557 28 3.31517231455512 0.0489417452025174 0.077303673 3220351.4323399 1.55034722222222 2.10897491777185 36 619.343750949195 0.107030264330591 2955613.4875 0.014548728 4009821.63197426
0 atacseq_8000.dot 11187378708 1.16389330722814 1.1450978614051 36 50.6192180945067 0.567601255507475 10.144196239 1994961263.93133 1.20988187850994 1.6875472750195 36 207.286180825473 0.729725039162427 158842659.296144 12.419049568 6637271759.55749
0 methylseq 8885797810 2.83333333333333 1.58815195539342 4 113.082443312876 113.082443312876 0.003169037 1065159.09716171 2.83333333333333 1.8294417331464 5 1336.5898095543 1336.5898095543 1402989.4375 0.000483216 1064262.43854062
0 methylseq_10000.dot 22500260922 1.25445257468067 1.37896784582215 36 58.7317579335863 0.0556841380601543 46.595076541 1489204844.38522 1.1298821115748 1.5044460428473 36 206.721207545857 0.176449948922098 379595112.716091 36.0149347520001 5268350064.4096
0 methylseq_1000.dot 6761426956 2.40968636450564 1.92363316216298 36 95.0449521418527 1.81480094885112 0.655618881 188385010.801638 1.22279594568751 1.8353895372099 36 873.463758550244 4.4065637858664 14982048.994245 0.249899683 423060347.368768
0 chipseq_2000.dot 3793245764 1.16395820687751 0.657087925650053 36 17.9156161148657 1.37973350616025 0.939366104 477321663.092882 1.68539971368294 1.92986024988231 36 331.933058465647 0.787064107718774 40410654.7020121 1.005264199 1532872946.71607
0 methylseq_25000.dot 22500260922 1.74139671871302 1.38145144377095 36 61.0390739951993 0.0569436686799615 418.034712500001 3745101087.21916 1.19008755686628 1.51017992650218 36 225.627224432712 0.185484185609502 934944011.443751 375.594725485999 14231103723.5548
0 chipseq_30000.dot 3793245764 1.1324447549948 0.549234894282607 36 6.91331389118935 1.83729953329333 30.8753691340001 7014536031.35549 1.92992796576512 2.09524791147872 36 286.718829354059 0.323680090159755 630609599.449849 620.631368095005 35138152458.1917
0 methylseq_1000.dot 8885797810 2.38912794033276 1.92930758884805 36 101.565709281487 1.83849757109151 0.660431998 249576124.130824 1.22228596927392 2.42925728485137 36 1186.92347028966 1.40763357070947 19510767.7882731 0.248762518 595939011.26162
0 eager 19132169434 2.94594594594595 2.59542839034546 8 476.147286274702 476.138083363632 0.038518481 27406510.5572112 2.63063063063063 2.63904481727377 8 592.502059454185 592.502059454185 6207920.03347761 0.008920085 35081607.0991871
0 methylseq_10000.dot 17027257018 1.38759789630138 1.94872939864197 36 336.403209301575 1.6013775879739 38.627835517 5102619693.15647 1.13215286114447 2.47957573177819 36 953.275231485465 1.43047759859249 309213541.067726 38.6470363700003 14175932803.0924
0 eager_200.dot 8330435694 2.69189189189189 1.90143385216334 14 261.649347987225 111.694926829349 0.132305319 5405023.34329728 2.54264264264264 2.31341578847645 18 371.384891021338 51.7553226580538 3635674.04088078 0.0316254 8521458.46668529
0 chipseq_10000.dot 4807293396 1.19061237165091 0.866795059876016 36 29.0352855749891 0.932800917425239 7.53877865400001 2699580603.15496 1.64130038977312 2.02758645070986 36 277.28955134022 0.655890438882789 136657047.234851 29.5971666270001 11091567637.1778
