algo_nr wf_name inp_size avg_spread_dyn cv_proc_load_dyn num_used_procs_dyn idle_to_work_dyn idle_to_work_30s_dyn dur_alg1 ms_1 avg_spread_stat cv_proc_load_stat num_used_procs_stat idle_to_work_stat idle_to_work_30s_stat ms_perc dur_alg2 ms_2
0 atacseq_30000.dot 14091675276 1.06585421733245 0.757078825232094 36 2.76265010568716 0.0115152419192837 25.222356568 726409212.500998 1.0862894445393 0.91949349005604 36 5.89851548377768 0.0653902444576863 673675301.54788 308.540823239002 1052160980.31182
0 chipseq_15000.dot 41366257414 1.0883304317413 0.870542035473934 36 3.70770039857587 0.00147314056169602 10.76161443 1454463582.70611 1.10918730511279 0.961900168567588 36 5.38150527112253 0.0311459420674357 1315672533.74917 61.031478826 1863840284.16427
0 methylseq_15000.dot 6761426956 1.11369307085883 1.79725356776598 36 20.4891263597731 6.05935506365626e-08 153.502866863 223443719.336363 1.10979259598158 1.79343473162232 36 25.6999039780409 0.0426369092456721 223454338.347886 119.699573045 280930985.976911
0 atacseq_15000.dot 3908761308 1.07513861331215 0.149809933926427 36 0.294243126996054 0.0293673922962964 16.4159823240001 93932962.7605972 1.07864701859703 0.339667136603285 36 1.82239831552062 0.105823751363972 95507962.9303384 59.1247931619996 180432501.100216
0 eager 19075314980 1.87612612612613 1.69505352460429 8 32.224650897489 27.1472223095827 0.036939645 5867853.88992252 2.28869778869779 3.18957103984425 13 599.402223309317 34.1869587759043 5657999.375 0.008578811 5820391.82709568
0 eager_1000.dot 25705994498 1.36753893628894 1.66674726309324 36 53.3986126623844 0.0572364354157738 0.930745282 25066583.7350546 1.45572195094254 1.23505859053613 36 16.498295614346 0.090204330775861 18341220.4819256 0.505117136999999 26078631.8354696
0 eager_20000.dot 8330435694 1.23293213164294 0.931238069616867 36 9.98184248579998 0.041754117267115 90.645175715 114856258.258961 1.25505086788455 0.327484371670898 36 2.23767811862632 0.137349855080312 83404110.4095213 464.059939707998 174015802.03844
0 eager_25000.dot 14754556884 1.18622999588018 0.984293190184053 36 13.5643257952252 0.0148448812999467 109.537398004 312396880.022948 1.21349766153468 0.685207006355837 36 5.84005291792417 0.0863169134092516 253618986.163247 857.487575240998 447271601.431321
0 methylseq_1000.dot 110641579976 1.24829476636706 1.92333636335403 36 86.2310564318175 0.000820018345494771 0.507753895 234299144.782416 1.17428443934468 1.88254683263706 36 123.353725303285 0.00630184879934199 211065176.1 0.258319150000001 241617713.868302
0 chipseq_200.dot 5058052541 1.31536989795918 0.817472940578822 16 4.63020447965414 0.048633997211694 0.054244278 2919022.21243702 1.16666666666667 1.02308703279549 36 8.12739311282484 0.148163015825144 2348974.508129 0.011393809 4109000.15313011
0 atacseq_30000.dot 11809629756 1.08474586672255 0.639100932158107 36 2.17365304059647 0.0223036876891638 47.181008631 343402941.52794 1.0731907844253 0.827564951473606 36 5.35425377269561 0.082668941783627 306497789.737921 339.581894383003 540003558.268417
0 methylseq_1000.dot 6273818718 1.18655574679671 1.21464531596834 36 12.9321715533569 0.0020309360111401 0.542238381 11792640.7001798 1.16832409001084 1.20831997080047 36 16.0139394117649 0.0429430864794545 11793771.2262217 0.234955406 15248876.656074
0 chipseq_4000.dot 41366257414 1.05381941172035 0.809933306721143 36 3.15066162257899 0.00154609042239649 1.573984411 378966121.64259 1.1032390041824 0.952079640509214 36 5.43041992563679 0.0352391559473663 348009032.424505 2.59536617699999 502681284.973251
0 atacseq_2000.dot 14091675276 1.07087498238017 0.797013311122677 36 3.16759206336075 0.00990199925874172 0.771960698 48538122.7176053 1.09340142148317 0.861134957731817 36 5.57081329118552 0.0798998866762082 44429961.3591963 0.567071753000002 69549015.9370978
0 atacseq_1000.dot 11809629756 1.1071661949162 0.837930083239372 36 2.1234985736171 0.0219842858391791 0.440140421 11339230.5247934 1.05632190113808 0.862573828849215 36 6.09598905049944 0.106637869655703 10379314.9125224 0.156646232 18177212.6295801
0 methylseq_200.dot 17027257018 1.44890873015873 1.76015861831632 28 3.93809771031697 0.00218496716669261 0.072140158 6873018.77449092 1.71792328042328 1.99605335590374 36 375.125586435414 0.0776045561181807 6331161.4785396 0.014602845 8740371.64854943
0 methylseq_30000.dot 110641579976 1.12438626244151 1.84820803033096 36 23.8226549470362 2.89562272629362e-05 649.954082936 6976576024.21145 1.0769095998188 1.8492028847962 36 24.3324451616817 0.00287357845952158 6280477368.00812 1046.894136879 7138151187.98075
0 methylseq_8000.dot 110641579976 1.13154424265535 1.85163211703812 36 24.0336899950957 1.97677568553478e-05 31.983947271 1859882922.88084 1.0942291497847 1.85263937808024 36 24.6331793146805 0.002964694442919 1673434581.72355 21.1828543740001 1903319024.91458
0 methylseq_20000.dot 6761426956 1.10397889314459 1.80098529492423 36 20.714521119195 6.39139079789017e-08 310.197492749999 298147686.873351 1.09396298201824 1.78978920602336 36 25.4788350591034 0.0428874428611347 298032732.75 237.420788588003 375238213.516438
0 atacseq_8000.dot 3908761308 1.07534783399023 0.185897778022653 36 0.34944780124062 0.0245950099705159 6.30209169599998 51911443.5769892 1.08401846672113 0.321013704782094 36 1.79520975105653 0.115782899128656 51113971.8852358 13.3047951469999 94191714.5752205
0 methylseq_8000.dot 17027257018 1.18714945103834 1.87948536745732 36 4.14799365503261 2.9999910955502e-05 26.135204858 278037768.810252 1.0866501422057 1.82082829251239 36 29.8440027928564 0.0584112440953127 239833624.90625 21.005330385 343604525.019468
0 atacseq_10000.dot 14091675276 1.06273653386332 0.781600275243715 36 3.04270865092709 0.0103674424131414 5.59212010800002 240063150.951831 1.08140364595875 0.894473338985594 36 5.6534526517704 0.0661346085973082 223062460.56105 17.459363156 349518041.47978
0 atacseq_20000.dot 11809629756 1.08911247931488 0.635975177088591 36 2.17033521331308 0.022637128252369 30.213512685 228382904.449039 1.07885811528029 0.818056066632237 36 5.30071401824085 0.0846225758482474 203953397.240541 115.041003953 351616037.212498
0 atacseq_30000.dot 3908761308 1.0754807967993 0.174414592070337 36 0.321456488652608 0.0297700717083975 46.9304902649997 190604121.416705 1.08676102798125 0.372856098809492 36 1.89048057789026 0.094260869323993 191360591.55354 380.422191685999 374079521.974739
0 eager_2000.dot 25705994498 1.3704413085218 1.29384732489179 36 24.8081622588932 0.0444329212383956 2.017395617 42708414.3358321 1.34863071039541 0.836929742424136 36 10.3851473259111 0.127093996459883 32760848.9970175 2.10742238199999 55661356.0587269
0 eager_1000.dot 14754556884 1.33055504709916 1.73541344384496 36 46.7312772579722 0.0576200981153575 1.092100604 18703705.5874614 1.40829606845474 1.03401533958679 36 16.3624491609645 0.132461170802563 13780169.8453528 0.512391926 19136547.3575488
0 atacseq_30000.dot 11187378708 1.08784584009834 0.619804331376385 36 1.90595862185235 0.00723898842993425 55.1015619189998 350094914.161417 1.07410980674554 0.794562032077063 36 4.91526179132302 0.0791251133543538 338579924.361652 348.021593218004 568753803.226849
0 methylseq_10000.dot 8885797810 1.09903485203607 1.80865818316222 36 21.173159072422 2.36866799166215e-07 56.9307316359999 193634024.394541 1.09893639995682 1.81346400733885 36 27.5558297237826 0.0453380779448392 193716143.343021 38.209793905 252014338.595061
0 atacseq_4000.dot 11809629756 1.095996700686 0.719078656081274 36 2.56501418556538 0.00726812089342263 2.700902552 43079277.8181055 1.06738551501203 0.842097742346642 36 6.04245383451605 0.101910798963473 40708248.1965142 2.49732998300001 74390645.2460984
0 atacseq_1000.dot 14091675276 1.08391789501348 0.867161778044105 36 3.55743308529414 0.0101494602766142 0.347468353 24511746.7506228 1.05992140539199 0.842897558673466 36 5.84826243047931 0.097847365080823 22116479.4695392 0.148282861 37076597.8958067
0 methylseq_4000.dot 6273818718 1.15900424233757 1.20535257351157 36 11.5665418659325 0.000163745177931947 6.724642634 46300678.0171092 1.10021529465974 1.21164300602718 36 15.8601981558415 0.0438826249327731 46188080.5471036 3.81460841100001 62160759.6229316
0 chipseq_1000.dot 4605965334 1.10975803043111 0.432161321658769 36 1.05640847559258 0.0168918990675104 0.407391027 9851827.47697344 1.08755107072415 0.432196373976522 36 3.26853183768767 0.165589443247429 9792642.15988296 0.196994081 19986486.0322637
0 atacseq_200.dot 11809629756 1.26701058201058 1.00413522257481 17 1.7574657228534 0.102775861088245 0.060537239 2954714.05569524 1.12106782106782 1.30078033535365 36 5.9229280974178 0.189392905701347 2575813.16643928 0.013015131 3097579.98705747
0 eager_8000.dot 19075314980 1.26877218704873 1.0550332467539 36 16.2806959375791 0.020483829203743 19.327321336 113751884.246502 1.25101894429035 0.767161549680097 36 8.37880458010003 0.113486383602503 87683114.0245901 43.795747727 170276536.801732
0 methylseq_10000.dot 110641579976 1.10240127797151 1.84696313938745 36 23.7102161772748 7.94523331825853e-05 44.4676515289999 2327425951.37098 1.08942942256269 1.84935218952729 36 24.3817247950145 0.00310070867134649 2095551767.9 36.6515119409997 2382529695.62848
0 methylseq_2000.dot 22500260922 1.22695544081086 1.23148215080527 36 13.4176196927207 0.000850963102431739 1.367668407 70303861.9713685 1.0843771913049 1.2198996245056 36 14.196612895655 0.0150407147855997 67716449.721172 0.878236160000001 78046062.74845
0 chipseq_200.dot 32978181418 1.33196119356834 0.949846504177899 16 7.72375354031804 0.0360098633202018 0.047105699 16364244.512668 1.12256493506493 1.52112452212656 36 14.9484660476147 0.0509987539066546 13027478.1815391 0.01059513 19482335.6992566
0 chipseq_2000.dot 4605965334 1.10610815871892 0.335704869995778 36 0.746921431031959 0.0249994748395881 0.90189226 19843103.4802818 1.11716560074946 0.411852567868472 36 2.85987554318576 0.150525852699126 19408370.6902212 0.751065743999997 39318620.872778
0 methylseq_30000.dot 8885797810 1.37768652434518 1.78344489102536 36 21.0160598191385 2.50674667645613e-08 619.959736169001 580653466.793631 1.09614798300276 1.82025176730309 36 28.2615446344588 0.0467827133975134 581549020.185763 1083.21208932 767808872.806878
0 eager_20000.dot 19075314980 1.24840535871277 0.925653312646045 36 11.3347123755631 0.0220854771962381 80.7863095180004 274982304.708938 1.19750045030426 0.784553948023712 36 8.18435238980246 0.0990139637883468 217479189.452817 469.281161588 418444316.539926
0 atacseq_8000.dot 11809629756 1.09670425690602 0.686526432664061 36 2.50438640319811 0.0222347294334461 8.31827150399999 92323118.2237178 1.07500683166932 0.826545517215147 36 5.50886086875824 0.0888317306012213 81305501.8452471 12.122507314 143914789.15603
0 eager_30000.dot 19100037384 1.1889859040721 1.00018861803495 36 12.5901148736615 0.018846390174297 174.898469551999 408469193.583874 1.20393091118022 0.777705618006713 36 7.16626657393729 0.0930514200186521 326697338.28141 2106.22259984901 609941067.734005
0 chipseq_200.dot 4807293396 1.25361394557823 0.693794612342595 14 1.27886909095451 0.0749889365190533 0.053851637 2329463.30506638 1.25713126159555 1.07056474177539 36 9.23148924586372 0.144665847960576 1986046.06278171 0.011223953 3289979.62515791
0 chipseq_200.dot 3793245764 1.20046768707483 0.52100934991471 15 1.4305752573092 0.0617126377240504 0.0600541 2920123.66298965 1.12885551948052 0.705697869780622 36 2.49825015871242 0.102337197264405 2245697.20572814 0.012124474 3484519.78084152
0 eager_8000.dot 19132169434 1.27880603461612 1.01482022657151 36 15.4275619722413 0.0368251354492609 17.997665863 120433633.895676 1.24699675099055 0.770421395546502 36 8.37259592856949 0.11669008191489 87963701.7737649 43.5208697239999 172504533.386646
0 atacseq_10000.dot 11187378708 1.08934345407304 0.654241377781637 36 2.22038102862686 0.0185030955572711 10.420933348 122799132.442412 1.07080586476986 0.789890597128639 36 5.1050437406622 0.0887567520682361 111942709.841033 19.947878708 192272891.131511
0 chipseq_20000.dot 4807293396 1.09014374887729 0.396187891418288 36 0.93503175412236 0.0343309786164318 23.727061 169401970.421004 1.1024551428963 0.590469168622354 36 4.00891374304674 0.146806554936296 156441464.693449 144.775925698002 353972375.380889
0 chipseq_10000.dot 5058052541 1.11515180464899 0.394870944352038 36 0.907701280924243 0.0337352921413851 8.26030774899998 99201650.1832304 1.12001463188024 0.548566587196365 36 3.3296125456803 0.125001646019497 93337639.5712441 26.3894178139997 193419087.184806
0 atacseq_4000.dot 11187378708 1.09532423068142 0.701115671691351 36 2.57529233589113 0.0175641559098942 2.831228446 49041649.705808 1.0672188126016 0.771394835187728 36 5.05516701111611 0.0910683159573117 44753040.1423145 2.458490505 76119144.6954332
0 chipseq_4000.dot 32978181418 1.12480156112231 1.05060380685284 36 5.09012263612898 0.00266656339834163 1.651930062 330595691.130615 1.11548478382204 1.12630802564874 36 8.18872827051407 0.0491677639256582 268773268.881019 2.74378456899999 412358300.663972
0 eager_4000.dot 19075314980 1.33381104768518 0.996932419032105 36 18.9184930668301 0.0587308202763449 5.70601550800001 63929306.3066981 1.23397076979398 0.819037038868051 36 11.8366678661265 0.184020435579594 45439995.4494639 7.81233527000003 104906783.49202
0 methylseq_4000.dot 17027257018 1.32679107679108 1.88040023734106 36 4.20539695213853 0.00041828692724746 5.569657598 139355391.249638 1.10342088119866 1.81680821587864 36 29.5610589867795 0.0589148874658155 120059325.237337 4.02875809200001 170574921.381704
0 chipseq_1000.dot 41366257414 1.09271604463912 0.846766803707099 36 3.89583078172092 0.00182981561571605 0.313997783 91638276.7579071 1.09297860259399 0.935828863898818 36 5.15918026855492 0.0408825262797818 84569886.8163143 0.167313419 124138463.583807
0 atacseq_10000.dot 3908761308 1.07344475066716 0.165709219654909 36 0.31940818768578 0.0278179651633548 9.02047578099999 63657982.2442642 1.083027696752 0.315865802143528 36 1.7433285331666 0.113847844116735 63755871.8869388 22.3381589490001 116149861.460098
0 eager_1000.dot 19100037384 1.38674093361593 1.81480350133703 36 35.0809272649622 0.0861961358273144 1.084154364 21704344.5764053 1.4432341315178 1.04557142441454 36 18.4172152083852 0.151580930683077 14163148.837392 0.474236525 22098906.0170141
0 eager_25000.dot 25705994498 1.2332276955128 1.0859822483323 36 15.1143649701073 0.0213657551136208 212.051123317001 486692211.533614 1.2348750971997 0.799049363965865 36 7.43992775210848 0.0865579758430088 378302087.423241 1194.22387743002 630710781.338045
0 chipseq_25000.dot 41366257414 1.04483820108818 0.818762960539443 36 3.09370312058268 0.00159374073051566 22.221235083 2396849303.62959 1.11876135834468 0.967141152459699 36 5.51384194857115 0.0322052135758003 2197787055.81567 233.617395351001 3133187407.98485
0 methylseq_15000.dot 11897958606 1.38963234079328 1.86727766222394 36 4.31067104197313 0.000106183868795253 124.015777835 431432110.316938 1.10754423644739 1.81902847421012 36 27.8623100655784 0.0442304430726072 381644364.476822 119.628346768001 488647034.50211
0 atacseq_30000.dot 2223941232 1.07643508209106 0.0615454586384898 36 0.116424264389025 0.0268267264043757 66.1195795010004 108511304.666487 1.08848338383402 0.309541368662182 36 1.76346016628339 0.12956527441567 105403451.341678 398.789266912997 244916748.340934
0 methylseq_1000.dot 11897958606 1.38546248486007 1.9406352613646 36 3.89761086354155 0.00177747259042298 0.542903433000001 28997794.7157381 1.14080130043985 1.81656266275974 36 29.1213043107789 0.0471150592368806 25620892.9844973 0.261016735 32782293.047486
0 atacseq_2000.dot 3908761308 1.09744209024774 0.271756090798334 36 0.528415233010535 0.0164809251487064 1.124790539 12910952.2256775 1.07045202250652 0.270770354259889 36 2.10152141790956 0.158436279383185 12979353.6254835 0.706307571999999 25571337.4640031
0 methylseq 11897958606 2.83333333333333 1.5873381951677 4 116.88591497023 116.88591497023 0.003225664 1840539.78752819 2.83333333333333 1.84407275080525 5 1295.59135660183 1295.59135660183 1840539.7875 0.000482211 1840539.78758276
0 chipseq_25000.dot 5058052541 1.12272024251189 0.394079945897155 36 0.899022531705942 0.0318320099169309 42.9439736060001 255506079.073006 1.12324861804027 0.5257959279936 36 3.10036328436751 0.125688987183676 233601077.075967 282.903665681998 463478577.897326
0 methylseq_15000.dot 110641579976 1.11237773287416 1.84863354075258 36 23.8460130831148 9.4389786959482e-05 137.635328588 3490913100.70753 1.09783276356538 1.85042126487615 36 24.4488884635659 0.00302377784156668 3141973767.38426 114.579527836001 3571356644.00786
0 methylseq_15000.dot 17027257018 1.23520403624487 1.87323716048164 36 4.21479785920074 8.50450097912188e-05 109.756845557 521575611.037645 1.10149495257585 1.83518221352683 36 30.473567712338 0.0540422175993182 450548751.877069 116.020154862001 645536857.902155
0 eager 14754556884 1.87612612612613 1.70228955658374 8 30.6675592455584 24.6242752187149 0.037478923 5992637.37829333 2.28869778869779 3.21622701374831 13 624.200976600197 34.9045925795736 5672967.6875 0.008682097 5739221.69452887
0 chipseq_2000.dot 32978181418 1.1409864528931 1.06141082282046 36 4.9880772677187 0.00244810369138386 0.680454889999999 162599545.17212 1.11270658402779 1.11842917890407 36 7.98745746309852 0.0429617586659415 133673767.301984 0.673930579 200676186.467015
0 eager_2000.dot 19100037384 1.36030927806891 1.21174273586295 36 26.9981730450622 0.044043801686174 2.286009827 33076837.0575224 1.25230002567464 0.745261046041794 36 11.4174083297868 0.232203032902112 24097031.9223918 1.91170169900001 54248049.9114808
0 atacseq_20000.dot 14091675276 1.06588596852949 0.741732153610755 36 2.84375161425706 0.011037259993074 13.468478921 479074038.563489 1.08125317324785 0.909098231481653 36 5.82287129261153 0.0661850479791873 447345848.519408 103.033682617999 701562989.327261
0 atacseq_20000.dot 2223941232 1.08369817790449 0.0714066682707984 36 0.130184098960098 0.0240916048696171 32.412702429 72238621.8680266 1.0896643222043 0.290020404600677 36 1.71836725900718 0.144000503543044 70146046.7527929 133.734802286 159038708.920072
0 chipseq_2000.dot 5058052541 1.10835413268166 0.478230274998588 36 1.19296890232403 0.0292642938765186 0.881721248000001 20887293.8493154 1.11088970365078 0.488566191763565 36 3.55372535595238 0.171140412413271 18618377.78062 0.779334448 39021595.5352381
0 methylseq_20000.dot 11897958606 1.24961413136685 1.8686925345833 36 4.25491347188455 3.55438136309192e-05 216.622373046 575184426.405287 1.09719602126568 1.81489084133715 36 27.6131632988489 0.0448502357129952 509010638.662502 227.876397753002 654282026.169739
0 atacseq_25000.dot 14091675276 1.06726011234942 0.748948548406773 36 2.71532529224802 0.0107128734248032 18.3587293209999 600639155.711538 1.08847373854783 0.915424097689149 36 5.8793573316869 0.0660350309029551 559819797.836994 189.828779096002 876708847.553437
0 atacseq_4000.dot 14091675276 1.06042810801858 0.801807155867216 36 3.31265880401166 0.00880423617644977 1.763892343 95689965.4274745 1.08496645007242 0.867446215535522 36 5.58747300152361 0.076098485989555 88816110.9374997 2.208388608 140625273.958312
0 eager_200.dot 25705994498 1.77642642642643 1.41723555917679 12 195.788402858891 3.51896261441935 0.127979965 13290232.6080132 1.94984984984985 2.53602807264058 27 77.179361892763 1.3538388371707 7393305.125 0.031698428 7812504.90702786
0 chipseq_15000.dot 4605965334 1.11832121342763 0.31254240882928 36 0.670868044150898 0.025597247203135 11.732227356 150752512.515428 1.11950988111775 0.515092942963268 36 2.76831448626603 0.0931475211956561 149130548.403731 66.576485005 293767744.588703
0 atacseq_15000.dot 14091675276 1.07136972853549 0.782535933696772 36 2.97255461808326 0.0118825626906746 9.17887105699996 361546796.438058 1.08325858268794 0.904060443674478 36 5.75648205378734 0.065526123358374 335165478.785889 48.498275108 523759907.970851
0 methylseq_200.dot 110641579976 1.73561507936508 1.75809229935239 28 4.50000396316009 0.00613585012206876 0.071781155 46828205.1369672 1.71337632275132 2.01355393151263 36 8272.75332779748 0.0146233164111704 42534973.25 0.014674052 48570420.8299321
0 methylseq 6273818718 2.83333333333333 1.58134638827232 4 73.6600383014829 73.6600383014829 0.003170199 991875.362539161 2.83333333333333 1.83781418135881 5 966.146829343899 966.146829343899 991875.3625 0.000479412 991875.362627352
0 atacseq_15000.dot 11187378708 1.08788927875027 0.662544333922554 36 2.13139377402623 0.00585747002238231 21.6907331710001 174051365.5138 1.0749892551004 0.785568350320079 36 4.88831357062253 0.0818640758576944 168526867.06247 54.538613031 278649452.15407
0 eager 25705994498 1.60675675675676 1.59558585543178 8 104.236659637965 98.1163594228983 0.052568014 7811944.93684938 2.28869778869779 3.16585185222203 13 598.301535054732 42.5695416027283 7393305.125 0.014558967 7658638.86145463
0 methylseq_4000.dot 8885797810 1.39428317206095 1.79265047103633 36 21.143840663827 0.000130171091847846 5.63331700199999 77390774.2125481 1.09779223668112 1.8161803938231 36 28.0284972764953 0.047402813084721 77414084.6515306 4.14579321600001 102867972.368406
0 methylseq_20000.dot 110641579976 1.08501019455404 1.8480111696887 36 23.8039209722985 4.46983394346404e-05 259.444346056001 4651707179.63176 1.07582398038584 1.84768495456907 36 24.2155164994377 0.00286679082506436 4188400745.36751 218.325164277 4758802870.36885
0 chipseq_2000.dot 41366257414 1.05307219152156 0.819395246272252 36 3.36750823821201 0.00163516920363708 0.694043675 187431650.885978 1.09167125069024 0.942717772975357 36 5.51914308904542 0.0402925100175095 172532660.739584 0.654561047 253525768.755116
0 chipseq_15000.dot 32978181418 1.17571010653229 1.12888067443746 36 5.46818851476155 0.0026427762483757 9.29261904699997 1266839845.53047 1.10509331896538 1.14826039984701 36 8.46914231146003 0.0437881891512058 1015821615.04497 59.9904401160001 1523285427.7597
0 chipseq_8000.dot 5058052541 1.14684510565193 0.392909094151649 36 0.905060235774935 0.0345902274671503 5.812041953 78507742.5796179 1.11155276280669 0.534247787304827 36 3.34170477877639 0.136821426838138 74656434.9241406 15.505355573 154076163.69318
0 methylseq_8000.dot 8885797810 1.31146225590671 1.79261513365505 36 20.7803412417483 3.48171087720393e-05 30.499863582 154676976.500049 1.09488853933298 1.81494993568726 36 27.7643033794996 0.0462371949093888 154682905.432181 20.7283654610001 205810086.717423
0 chipseq_8000.dot 41366257414 1.05386264075528 0.807381635248949 36 3.09754267512709 0.00157572636391266 4.169757143 762003514.546198 1.11296343090035 0.962831450483412 36 5.44223251357149 0.0325909402882687 699589760.315199 12.7800812470001 998495548.902681
0 methylseq_8000.dot 6273818718 1.28330115830117 1.18101932222173 36 11.1142992031922 2.3244953038224e-05 27.882039427 92515759.525064 1.09235823124712 1.21452419448537 36 16.1188513568356 0.0471776676430759 92108442.1010986 19.6910650359999 123970335.240083
0 eager_15000.dot 19100037384 1.20253030161859 1.04775819721739 36 15.6914431235406 0.0201360722767724 50.5664031699999 217740634.035226 1.20561121927802 0.783852064170506 36 7.8349823867417 0.105513781472345 164974831.31125 220.911556678001 323533791.703747
0 chipseq_30000.dot 4807293396 1.09945093393539 0.38949846073994 36 0.910595484062212 0.0364244272631792 42.9825368340004 248622612.954514 1.11202591455665 0.574336988320433 36 3.83895137855613 0.147394830228667 234839447.239726 443.205818173001 514657173.696132
0 methylseq_30000.dot 6761426956 1.38323371676711 1.75455968357183 36 20.0690734948134 3.28594693194651e-08 647.570985075 446110973.076162 1.09749984649948 1.79144104156123 36 25.5694751708489 0.0427421415095872 447065987.573528 1167.38606192901 562100128.923387
0 chipseq_1000.dot 32978181418 1.10690951676529 1.18413368564209 36 8.34526599706524 0.00230851807548371 0.312509743 79579919.3838896 1.07726968544276 1.16860644578911 36 7.87127410438393 0.0466268909618927 66505571.2667392 0.180882153000001 97981388.8994886
0 chipseq_30000.dot 4605965334 1.11001938098736 0.330624206040979 36 0.692720836194846 0.0244936170166602 36.5789179589999 309466726.715393 1.11893297226125 0.518538920672027 36 2.86330179595939 0.0994847089050794 298497459.447558 423.623389718004 595318962.368712
0 methylseq_10000.dot 6273818718 1.12077847011822 1.21098224290299 36 11.9823298567495 4.97120422978513e-06 57.7661235670002 115870761.48779 1.08923569427773 1.21654647662192 36 16.0864796335029 0.0467353746413316 115773774.530602 32.943600259 151612969.866161
0 methylseq_25000.dot 6761426956 1.1137591538456 1.80198502616228 36 20.7688875119713 4.96412417692668e-08 539.554841452 372880006.759916 1.10982519107823 1.79431849916004 36 25.7677605560003 0.0426799593927793 372752866.346044 482.705072206007 468613216.692528
0 chipseq_10000.dot 4605965334 1.10655016975506 0.325183439433455 36 0.672200777406179 0.0255986955436494 6.96552289099999 98736260.5523067 1.11424343461468 0.498716302777482 36 2.68692644282621 0.0965729466979171 99066620.5801037 24.1991098499999 190364624.194147
0 methylseq 22500260922 2.83333333333333 1.58730069794073 4 167.942693442092 167.942693442092 0.00318431 2905073.37428482 2.83333333333333 1.84393150475444 5 1253.18886763565 1253.18886763565 2895226.88541667 0.00048176 2905073.37432183
0 methylseq 110641579976 2.83333333333333 1.59493475460959 4 1317.86553223613 1317.86553223613 0.003088116 16977459.8667611 2.83333333333333 1.85201389816434 5 18576.6381947901 18576.6381947901 15084215.225 0.000480377 16977459.8743077
0 eager_25000.dot 8330435694 1.17791343353559 0.871102328757805 36 10.0443256049394 0.0440187803363173 153.014430115999 155273360.385716 1.24583525984289 0.32724065925389 36 2.06402948484504 0.126692505839569 103370756.105313 904.981716815003 207607581.675177
0 chipseq_20000.dot 41366257414 1.04614403509505 0.821064709302634 36 3.10448035122045 0.00163870471265978 15.246329412 1917505593.62375 1.1091038185844 0.959319465682523 36 5.44683508609806 0.0321122258893775 1754984623.3437 129.502477953 2499020521.5407
0 chipseq_20000.dot 5058052541 1.12369478274122 0.391392130202258 36 0.891919079245331 0.0321112698886914 27.424245369 203702814.163198 1.11822317362444 0.531316722215404 36 3.09717043180408 0.121497390491164 186506778.162497 149.772734053 368123408.109601
0 chipseq_8000.dot 32978181418 1.13243196197742 1.10682291452238 36 5.32341611130708 0.00236556861215405 3.78574205399998 669961282.676446 1.10987379913713 1.13832673523302 36 8.70801575037478 0.0487940682362153 540041171.892319 12.799027823 828256530.256435
0 atacseq_25000.dot 11187378708 1.08873303785929 0.654443201764086 36 2.21189111101889 0.018802837207586 51.4668009830003 306639424.566661 1.07634816652019 0.79062796043574 36 4.81735252786891 0.0766088064040767 281057681.147476 199.958604171001 462896247.613308
0 atacseq_25000.dot 3908761308 1.07660836177752 0.188572454968715 36 0.346224055158788 0.026926599935129 34.7532491029999 162803006.469777 1.08443799511353 0.376164679576064 36 1.9032268231531 0.0921990559690909 159356205.076539 220.532380193 311424444.49672
0 chipseq_4000.dot 5058052541 1.11807407739011 0.412629565821518 36 0.948327930600144 0.0290185947292202 2.253710985 40757108.3900967 1.10927430797714 0.515876534046215 36 3.41721428100197 0.153294517591923 37135328.4750001 3.18585338100001 77280926.9629876
0 eager 8330435694 1.87612612612613 1.74143319849334 8 29.6506778764722 23.8129269430282 0.037950136 3245278.74842126 2.3036036036036 3.07885190546753 12 465.67673952884 60.3410931812755 3090946.10416667 0.008876543 3124311.22378498
0 eager_15000.dot 14754556884 1.20934535880175 0.93256720131918 36 10.9982724296648 0.0171627944227975 44.299689035 187827629.582354 1.22620610494934 0.687253525636917 36 6.71143825255909 0.114205143983025 153913192.986942 230.683443759001 298482891.55503
0 chipseq_15000.dot 4807293396 1.10367436716037 0.384573454359979 36 0.898293286738678 0.0362985057402568 14.731550548 123689469.877431 1.1136497406322 0.579473701162287 36 3.86060669334505 0.149114938838077 117160027.664761 70.1871798519997 256330368.17029
0 eager_4000.dot 25705994498 1.34975455672514 1.2816169943056 36 20.7280926987124 0.0188217863301549 5.90698886199999 76573845.1344633 1.33416525393329 0.888679917270217 36 11.3837115800699 0.117942213994071 62908268.1489008 8.96836640400003 108626802.226157
0 eager_8000.dot 19100037384 1.2854591818059 1.04044059371105 36 17.1829757170929 0.0353327837134739 17.738788984 123201155.105163 1.24117756825702 0.769404539945005 36 8.24203648952486 0.113655713912599 87923847.3729963 42.8964854759999 170794540.263615
0 methylseq_4000.dot 110641579976 1.17552075885409 1.85863686380503 36 24.6116139369529 0.000235264601018779 5.185106433 931625786.94124 1.10626102292769 1.8597176757583 36 25.3180864658495 0.00319761932567577 838064119.004995 3.908695446 952809595.781008
0 atacseq_200.dot 14091675276 1.22170634920635 1.02985128166937 17 1.74318803553164 0.0964018491971466 0.057466737 5988362.23594389 1.25648018648019 1.31510724681626 36 5.62201971080962 0.130886180229747 5356383.8375 0.011909132 6076012.7817707
0 chipseq_25000.dot 32978181418 1.08762944179609 1.16948489448645 36 5.69706762656801 0.00264840238588614 22.495475194 2123171127.79502 1.0973083160583 1.14030426191509 36 8.3690073394287 0.0460200029741055 1692935901.28883 239.268127241003 2566210926.54586
0 eager_10000.dot 19100037384 1.2786381440502 1.03687550064972 36 17.346015935251 0.0310687541515481 33.3129754799999 150238138.295611 1.21917619331105 0.788863481800757 36 8.13165354638643 0.101887052124398 110690156.339795 79.6128011470006 212153485.534978
0 methylseq_30000.dot 11897958606 1.35310473395706 1.86726215292468 36 4.31495819081557 4.24609883672482e-05 758.361100985004 862609820.216339 1.09709968643545 1.81544787094946 36 27.6521467966531 0.0448166284494035 763580216.368448 1184.704222122 975355325.97423
0 atacseq_25000.dot 11809629756 1.08855694060627 0.674298896180603 36 2.39610850870842 0.0226465274415835 45.8167775349999 286970995.406265 1.07587333686022 0.816746917669753 36 5.28693938930058 0.0840268751436922 254718669.184732 200.916965204002 442640409.559124
0 eager_30000.dot 19075314980 1.22805080049268 1.01652993963547 36 15.5221263812706 0.0210133253728151 211.032681268998 424907274.505628 1.20774631270746 0.778642377108861 36 7.23647039813948 0.0927803271385249 325809736.992908 2120.67215369801 609665533.391802
0 methylseq_25000.dot 11897958606 1.38782395659498 1.86882484502898 36 4.29602524293829 6.36491058305295e-05 442.974513543999 719221776.345433 1.11025129100024 1.81919269587465 36 28.0074994072871 0.045237270676804 636628649.12796 473.845713461004 817219708.539951
0 eager_15000.dot 19132169434 1.25690705113684 1.0049088176356 36 14.4183325857784 0.0194623425400605 45.135862077 207671743.44149 1.19780492283298 0.793091345008345 36 7.81498101873771 0.0986843368151404 165297955.577033 219.109849793001 317427722.24653
0 methylseq_30000.dot 22500260922 1.13243498457587 1.23159400224553 36 13.5207084226622 5.37387063596071e-08 482.609559132998 1054167711.20925 1.08842584652912 1.23528390041485 36 15.2680631892912 0.0133812192973648 1013478565.16862 786.554770231003 1169429839.07897
0 atacseq_2000.dot 11187378708 1.09615729850375 0.705254458651436 36 2.86530842846048 0.0178470200005161 1.050520211 24137688.1622986 1.06734621947641 0.758746392226144 36 5.00813573150792 0.0973242302038086 22319762.0579994 0.602521947 38507423.4571239
0 methylseq_10000.dot 11897958606 1.32982875689958 1.87199015789405 36 4.27974795559955 0.000175533267265511 40.8249540040001 287801451.216193 1.09446000622473 1.81398979320329 36 27.5032652075188 0.0445724622389153 254367242.468462 37.4504874489999 326337009.852552
0 chipseq_25000.dot 4605965334 1.10341125966124 0.321562957473191 36 0.677421770646573 0.0240624624068338 26.2375798799999 258596614.395275 1.12930584284749 0.518797160834774 36 2.82145816790772 0.0961862035530099 248955487.513201 254.551347011002 490275815.298056
0 methylseq_30000.dot 6273818718 1.10856988297968 1.21604760461292 36 12.3022942453856 5.15224648935484e-08 797.606830109005 348118446.534368 1.09791906180465 1.21988814466831 36 16.5296729112087 0.0469131691222663 346268999.290348 1069.923060997 461052634.092917
0 eager_30000.dot 8330435694 1.17745363529169 0.776243844814467 36 5.74127066774149 0.0453676714537874 168.379368496001 174064727.954351 1.24799868085438 0.328854467193252 36 2.05445618688581 0.122184804760095 124241119.11723 1904.93759673202 247961478.158289
0 chipseq_200.dot 4605965334 1.14764030612245 0.700614141946921 18 3.80846837158046 0.0744712351705274 0.059345688 2848859.15551785 1.13352272727273 0.738500049688683 36 3.11321090739307 0.11048118912345 2282910.0625 0.01214571 3437125.1376506
0 methylseq_15000.dot 6273818718 1.1025137570374 1.21423055364644 36 12.1583244608479 3.72358550217728e-07 140.277454321 173880526.590415 1.09397994586148 1.22304009808239 36 16.8048696417469 0.0465665030548349 173054485.813416 100.373688887 232996626.19849
0 methylseq_2000.dot 11897958606 1.27887741441958 1.91101805071598 36 3.87794594155139 0.000356831054807632 1.50688643 57577113.4043849 1.1339325556193 1.80525370511185 36 27.6052387591736 0.0464379492120422 50945035.5995837 0.866097659 65506936.9061263
0 atacseq_200.dot 3908761308 1.27379449254449 0.784606243282709 16 1.02479795780182 0.102111847520909 0.065976042 2450153.42333781 1.26668951418951 0.880454578248951 34 3.45325873161994 0.108821374107956 1914247.13927441 0.013766025 2269569.64750875
0 eager_8000.dot 8330435694 1.25420384809444 0.944562373918454 36 8.56796425491269 0.0412567905034457 17.856941766 46672494.7999378 1.25975919636393 0.35042776506153 36 2.68019942726544 0.165540444369893 33703188.1290241 42.7899487509999 76035101.8999312
0 atacseq_200.dot 2223941232 1.26593253968254 0.712724599937233 18 4.26723397423495 0.156325736229804 0.067460711 1726141.30887599 1.19979316979317 0.815368821101382 36 3.25651288000351 0.0865355989329437 1196090.47509215 0.013792573 1467291.36347115
0 chipseq_2000.dot 4807293396 1.0987259707592 0.4740553758168 36 1.24509761230481 0.0310393272438608 1.025871531 16724477.92885 1.11242054359143 0.521753842977507 36 4.03670771496177 0.194488882401246 15493802.928058 0.728960772 35343191.2152986
0 eager_20000.dot 19100037384 1.27115380923433 1.04188118799836 36 15.7457717862897 0.0214559272177339 124.390177975 281755101.355097 1.20827933940445 0.784935304764867 36 8.00567792776681 0.0990256430652295 218300688.880952 472.812516474004 419420040.580126
0 eager_10000.dot 19075314980 1.29354230571733 1.04055415319866 36 20.1138398412435 0.0346819281684093 33.3277738039999 153211073.973507 1.22344031013401 0.787065855100524 36 8.12820616868162 0.102761657083189 110380325.022537 77.7172181330002 212221369.285569
0 methylseq_25000.dot 6273818718 1.09373817271084 1.2155591035103 36 12.2520655018081 1.65819406234606e-07 481.519818729001 290032192.587493 1.08611282567119 1.22202501275457 36 16.7689224968773 0.047605238782989 288837656.574984 406.408236558005 387262864.745775
0 eager_10000.dot 8330435694 1.27711225769094 0.923700758193911 36 8.65204571908397 0.0413161937461041 24.1224648899999 57157972.7214631 1.22961852732035 0.326144549480133 36 2.31896959076239 0.146509584291339 42202948.7276167 74.1251556590005 89647259.9516247
0 methylseq_200.dot 8885797810 1.67311507936508 1.74379474114486 28 3.67214511695794 0.0102357141085071 0.072522097 4094410.2877495 1.71337632275132 1.99731926933499 36 741.882357535891 0.07810999188267 4001320.6 0.014610126 5549301.72276503
0 chipseq 32978181418 1.91666666666667 1.20045127756858 5 11.6240387133628 11.6240387133628 0.005833031 9669760.96381204 1.859375 1.8414793314199 9 12.5663129839473 9.05479733816834 9007773.49850335 0.000997089 10189406.2174947
0 methylseq_2000.dot 6761426956 1.13004398546567 1.80310986770501 36 21.0570913061426 0.000737936439997538 1.627638741 29866934.7129222 1.12594026901256 1.77343130913446 36 25.0909233033734 0.0440047550725055 29801125.2683366 0.868329598000002 37439292.4390888
0 atacseq_20000.dot 3908761308 1.08346193874972 0.142265311151116 36 0.280333590776524 0.0296053508180608 22.8658758599999 124360128.798748 1.0800237823115 0.348439883026043 36 1.83835173193847 0.102918119721119 127410981.878802 124.273728217999 242302832.981285
0 atacseq_1000.dot 11187378708 1.09844902319902 0.814563330860577 36 4.21473993949984 0.0181637769252931 0.446502583 12097967.2579699 1.05959675047175 0.83350807367918 36 5.73119181375165 0.106147965433429 11439138.2539554 0.153050194 19719023.0856347
0 eager 19100037384 1.87612612612613 1.69500150915617 8 31.8257913764709 26.8590126085541 0.037472897 5877501.81083392 2.28869778869779 3.18343789967847 13 585.656287866295 32.8383608718806 5664308.8875 0.008653635 5831635.10724189
0 chipseq_10000.dot 32978181418 1.25117948050279 1.09199926445202 36 5.2884234961862 0.00244645967074463 5.19440835900001 838609178.083603 1.10288730953675 1.13463217202246 36 8.44527990094161 0.0450785394833655 675393475.384739 22.17108618 1017299619.11102
0 methylseq_2000.dot 110641579976 1.15037929495761 1.89365455208252 36 28.7885867637828 0.000449565042570432 1.531151471 465453566.454676 1.13785299929878 1.87572374370336 36 28.0854681629278 0.00325675427372151 419427342.357363 0.867106252999999 475047934.866706
0 chipseq_8000.dot 3793245764 1.10782905052106 0.198464337368151 36 0.362645142205978 0.0218954502136989 5.556353272 75650845.304305 1.10438788940945 0.371691547622328 36 2.06626457190129 0.106623666297803 79774806.6123081 14.448683074 147778552.546416
0 eager_25000.dot 19132169434 1.19278050617882 0.986105941611036 36 11.9207035570882 0.0234860200928732 114.818279164 350441705.26078 1.20712212091238 0.784563960776379 36 7.21010563533092 0.0898614771263163 272153724.169223 911.808219562013 506342952.890554
0 eager_4000.dot 19132169434 1.33124074567401 1.0506026031078 36 18.0213644231914 0.0402157527384806 6.184604709 62231065.0330616 1.22094568439008 0.831011002512838 36 12.3278444287061 0.185297271091651 45564387.759541 7.91305218199999 105725392.499372
0 chipseq_1000.dot 4807293396 1.12030944482868 0.655717834177317 36 1.93642036797507 0.0272820410087636 0.400706334 8645718.64426662 1.10728787772057 0.524037869368683 36 4.49706914174609 0.198942119652112 8102448.62714592 0.189001057 17861038.5310713
0 eager_15000.dot 19075314980 1.27724906571901 1.03550460814991 36 15.7425931164583 0.0202507762104321 61.1926640590002 208956851.896779 1.21239308504736 0.782322811810656 36 7.8952914864798 0.106085351428662 164459567.103132 218.668500350001 323538764.335837
0 methylseq_200.dot 6761426956 1.66939484126984 1.73478973495328 28 3.8445779117682 0.0101468207022734 0.073542997 3144549.40042226 1.71337632275132 1.97748344542014 36 475.656146965694 0.068854263721807 3072243.3 0.014683837 4036103.96508646
0 methylseq 17027257018 2.83333333333333 1.58695547717156 4 105.599860812469 105.599860812469 0.003131752 2175361.36462051 2.83333333333333 1.8436660310033 5 812.073744488497 812.073744488497 2175361.36458333 0.000476416 2175361.36467038
0 eager_1000.dot 8330435694 1.33413183100683 1.58311103241085 36 21.4820690000739 0.136466653298667 1.051321531 11116426.4737947 1.57782583982275 1.09487791142875 36 16.4856386057361 0.181037457612781 6260258.08872824 0.453251865000001 9746526.44783491
0 chipseq_4000.dot 3793245764 1.1246936697998 0.228816536548887 36 0.428894923096847 0.0194994830782219 2.165733058 38209644.9843537 1.11001730842532 0.35983190757749 36 2.07279013546343 0.1115883165557 39748586.4294816 3.08401668399999 72650177.4817503
0 methylseq_200.dot 11897958606 1.61210317460317 1.76086984919236 28 3.85931813137961 0.00481813533130151 0.073638798 5816382.10429398 1.71337632275132 1.99318262006131 36 716.004111060103 0.06236602438628 5211660.3625 0.014600496 6739347.49475472
0 atacseq_1000.dot 3908761308 1.12031031468532 0.493294785548533 36 1.87947344435541 0.0124450045892027 0.44592599 6996019.43051358 1.06173483460983 0.375897008121399 36 2.87641321694369 0.167122267375955 6527492.91861432 0.166870848 13277126.0869295
0 chipseq_1000.dot 3793245764 1.13040271694118 0.37283777917729 36 0.835372620108218 0.017660744920734 0.440156773999999 9756153.26224335 1.06862261669954 0.373942513376912 36 2.78347283636263 0.158419804385413 10065468.6733503 0.202023398 20149952.4120905
0 atacseq_2000.dot 11809629756 1.11524383520491 0.701712878460548 36 2.68947039416008 0.0199682919056766 1.042852816 22511617.2575585 1.06677367431044 0.798206473965672 36 5.76703056309275 0.11198833118434 20301301.7454455 0.606680616 37727725.5673158
0 eager_4000.dot 8330435694 1.32213676999732 1.04439279511472 36 11.4430744955394 0.0600173401860035 6.14600084899999 25806012.9225501 1.31117751374671 0.528394624059811 36 4.26818385759493 0.176196181884673 18947035.4578168 8.43226587200001 42142288.7498247
0 methylseq_200.dot 22500260922 1.74255952380952 1.74865361745382 28 3.79391916973489 0.00994418313019741 0.072191372 8425260.22655383 1.72900132275132 1.99609028137741 36 493.319544333232 0.0261796013517167 8100415.5625 0.014834549 9092532.39459729
0 eager_4000.dot 14754556884 1.34248671679706 1.03737571003485 36 21.0150983193726 0.0524825091641481 6.24632481399998 59207806.9721545 1.26185763266998 0.776869770724923 36 10.3884112594522 0.172424941167259 44086531.8218611 7.95560579899999 90495428.5957063
0 methylseq 6761426956 2.83333333333333 1.58326217578873 4 72.0423809343665 72.0423809343665 0.003145232 1080079.26254551 2.83333333333333 1.83987001932113 5 845.346386022507 845.346386022507 1080079.2625 0.000480717 1080079.26263736
0 eager_200.dot 19100037384 1.98363363363363 0.990822563678059 12 48.7893810872823 0.469919086189575 0.131060554 5986776.19216066 1.97261657261657 2.82488548252393 33 97.7603834356521 1.74216277302607 5664308.8875 0.032819758 5875461.2071281
0 methylseq_20000.dot 8885797810 1.0916239511678 1.81216096481405 36 21.3779309261966 9.84288940840514e-08 311.649426556 387746152.688803 1.09354932449173 1.8309309944966 36 29.0923099692542 0.04678817633537 387703921.653602 239.436608851001 525816733.979949
0 atacseq_25000.dot 2223941232 1.07971764237302 0.0657124927710213 36 0.119018897176254 0.0256135572797087 47.503583548 90076144.1491916 1.0854811872453 0.296462400759782 36 1.70150541691035 0.139800687196734 87330485.9619505 244.043909957001 197191835.540091
0 eager_20000.dot 25705994498 1.23368757155865 1.24538135949245 36 18.2162554804581 0.0286804223563176 107.835708882 407830020.217093 1.25965002852086 0.802001561451388 36 7.45765059650271 0.0930370404571746 303138999.581972 537.463178216001 517899046.568596
0 eager_25000.dot 19075314980 1.23067445596922 0.969348092596804 36 11.7786490059322 0.0195553297318488 151.141730785 340840475.429724 1.20026504773227 0.781957800208322 36 7.35245839699186 0.0894375729093651 271285918.264839 902.037012956012 504299030.642671
0 chipseq_15000.dot 5058052541 1.1191662399926 0.397060589739121 36 0.908073717280774 0.0311319413553702 16.8001507009999 153158460.8622 1.11517073111917 0.536505023710689 36 3.02298377431942 0.113046705391739 139913744.168836 70.9977917799998 270805303.327231
0 chipseq_1000.dot 5058052541 1.08665146285339 0.657391589488915 36 2.85963825938323 0.0235580010230937 0.421322258 10359644.8591562 1.14124230470384 0.49831031531851 36 4.09508770572488 0.185964470083342 9593787.58808962 0.202019334 20360439.5308703
0 atacseq_15000.dot 11809629756 1.08219822812969 0.638054356303855 36 2.02882683099297 0.00735191456588019 17.8856719049999 161243155.875099 1.07493035274753 0.812947099080623 36 5.4108471280228 0.0909855469924993 152631627.520314 54.7088836430002 266478592.391217
0 methylseq_2000.dot 8885797810 1.13252215210046 1.81833482674493 36 21.8250962434066 0.000742531023951463 1.625238272 38908250.6002495 1.13378912475298 1.83505623650389 36 29.62124471915 0.0461415397213265 38820590.7538045 0.859152683999998 51810486.0796975
0 chipseq 41366257414 1.625 1.28112899557985 6 12.0303296797314 12.0303296797314 0.005191821 13015031.1742427 1.52083333333333 1.83783774153848 10 11.9586262287274 5.66004715720412 12286519.2395833 0.001048434 13219937.1244696
0 methylseq_15000.dot 8885797810 1.11214580129714 1.80766835465934 36 21.0987004584766 8.61217366650706e-07 152.628094657 290573075.111547 1.11121277974764 1.83059925958026 36 28.7190961619487 0.043937635396297 290673168.412507 118.169891448 387811969.17243
0 methylseq_30000.dot 17027257018 1.13552193364121 1.84691133111539 36 23.2771697678364 5.53290003069977e-05 446.513072463001 1043080371.03046 1.09422710883298 1.82262279749134 36 30.0226695033165 0.0586289452100914 901575317.88542 898.378051992006 1274597666.00617
0 eager_2000.dot 19075314980 1.34104971999708 1.329283654701 36 25.7201352262401 0.0434401288277497 2.259814312 33401383.4359204 1.23709408090213 0.742625425826137 36 11.6590732633459 0.230329496376672 24062164.2260203 1.893497024 53585454.4312755
0 eager_2000.dot 19132169434 1.33923717994925 1.27029456215606 36 27.2478897343585 0.0414926083273337 2.413190465 33270818.1778615 1.23357552738357 0.745163004994458 36 11.9893706455497 0.232224944731521 24071695.1146339 1.903606732 54017785.5705852
0 chipseq_20000.dot 4605965334 1.1567886965454 0.30450660166615 36 0.659893141423107 0.0254685291862798 17.616818243 202855476.345714 1.1198005751549 0.514165340854922 36 2.78532125650314 0.0964616533853691 198725870.821714 136.4265612 389124610.584656
0 atacseq_200.dot 11187378708 1.26369528619529 0.951992096096343 16 1.69975051744417 0.129225299288407 0.059762228 3284004.77376337 1.12112554112554 1.21432354020608 36 7.20367316462623 0.169461909578172 2840418.0375 0.012904067 3288114.68448058
0 chipseq_15000.dot 3793245764 1.08971714846087 0.199309430389939 36 0.358766319309932 0.0219899627288213 14.084883026 144450301.570198 1.11826438725435 0.420140213112872 36 2.10630029659411 0.0838475224125277 150465753.549898 68.6781804179999 281489293.926438
0 atacseq_8000.dot 14091675276 1.07433447414348 0.777110868524054 36 3.10033247289942 0.0114828552907277 4.161363382 194681084.312674 1.09066980060166 0.89880272043875 36 5.69753311819596 0.0673315959482712 178665894.829999 10.466872502 281022809.31012
0 eager_10000.dot 19132169434 1.29340051514009 0.990881231448609 36 16.4387682440491 0.0265404882671648 25.713163601 142665008.874613 1.21497613192979 0.78896890637907 36 7.86332805017149 0.102441220900987 110722655.260976 78.4677584510001 212356237.307492
0 methylseq_8000.dot 11897958606 1.2696744363411 1.87050251851929 36 4.23532685881937 3.00945104991575e-05 25.729000008 229951089.147446 1.09386966331411 1.80716774711982 36 26.992612893492 0.0447074279483231 203120811.450003 21.0917440520001 259875782.381902
0 eager_15000.dot 25705994498 1.24598879514654 1.29661246367716 36 19.0402379403145 0.0232420054668168 60.4773287939997 300845026.641605 1.25270221900245 0.801722065218336 36 7.37916200017872 0.0981725385184741 228113843.413581 232.327786244003 397799545.532901
0 eager_1000.dot 19075314980 1.40583023395523 1.79281348125834 36 52.5432609707056 0.084230209702613 1.070062607 21576101.0818292 1.40166196990888 1.04373356976557 36 18.0863548201346 0.148933881607404 14133899.9860761 0.478408971 21876012.1455271
0 eager_30000.dot 25705994498 1.2287461887271 1.32978906581638 36 19.7725089728745 0.0194665727549327 345.082947457999 592735487.134831 1.26084492448087 0.8038217231142 36 7.50587513251123 0.090513115302688 454959325.591995 2486.05562270398 773198968.167724
0 eager_10000.dot 25705994498 1.27644709857778 1.32160243759498 36 22.8571245663297 0.0353243613434299 27.6691706459998 211901235.036482 1.25033561059446 0.784444089432461 36 7.90199648248605 0.108928166589183 151559458.349245 83.4676523219998 269985132.639513
0 chipseq_20000.dot 3793245764 1.09394794035749 0.249923969041183 36 0.488549564084168 0.0204275339523856 19.270782909 201816481.016617 1.11689819879743 0.417418510202805 36 2.07394499821138 0.0836338222602197 200723026.851192 140.524473231 371042240.24852
0 chipseq 5058052541 1.72916666666667 1.12438378749379 5 7.46041224281775 7.46041224281775 0.006002113 1835720.8552485 1.62202380952381 1.60375365827378 8 7.2999980248416 7.2999980248416 1729658.920629 0.00114065 1732223.89006548
0 chipseq_30000.dot 41366257414 1.08992075654397 0.877300430553734 36 3.77502183435481 0.00155120683507367 32.257457525 2922771775.02931 1.12172155929974 0.964853029587072 36 5.46822804371991 0.0317039763340147 2638781148.19124 386.052569900003 3751412203.85019
0 eager_8000.dot 14754556884 1.299665807963 1.03141189519989 36 15.4498803264473 0.0174519666269605 17.603924 106417944.66867 1.25218641497278 0.676016901774283 36 6.824903394066 0.121493329855465 82007520.4307237 43.4850646079999 158028758.83973
0 chipseq_30000.dot 32978181418 1.13492421794912 1.18106961299968 36 5.77530744513949 0.00262604449828496 30.0366655879999 2551854469.48507 1.10566587551313 1.14306269519147 36 8.52702602402746 0.0447384393467955 2031997252.05715 396.607247558003 3063297252.54162
0 methylseq_25000.dot 110641579976 1.11709048050866 1.84835685305007 36 23.8314574423064 4.90399806699593e-05 483.972813039999 5818470117.27423 1.10782233093806 1.85010412887242 36 24.3947322917012 0.0028364013146825 5237531250.68256 489.448393495 5949391084.46774
0 eager_10000.dot 14754556884 1.27354769214367 0.968039261688808 36 14.8084445958595 0.0279080231061686 21.36378369 136906855.806876 1.24812367716904 0.696054015706877 36 6.71995986610465 0.104240541147385 103369567.910666 79.3163029129996 193023096.071362
0 eager_30000.dot 14754556884 1.22961418136085 0.961026512618429 36 11.3068403201926 0.011540894273633 141.340977234 369965707.113282 1.20615769798807 0.688651175694389 36 5.96969217559222 0.0911363441351029 305836890.244951 2101.495870699 547160555.306103
0 methylseq_8000.dot 6761426956 1.30094578705691 1.77338099299024 36 20.205000637528 8.98693939033325e-07 30.7720028959999 118769471.639024 1.09696601363268 1.78557909929153 36 25.2167410864817 0.0430687131812571 118912415.1625 21.0661959430001 149745658.08956
0 atacseq_10000.dot 11809629756 1.10175560680214 0.663977387531446 36 2.34438079594866 0.0211841547843944 10.813107643 114355610.061628 1.06974748065627 0.807526774036306 36 5.48451002445033 0.0959309272621018 101382392.962045 20.381013531 180019011.059925
0 eager_20000.dot 19132169434 1.22324967866354 1.02883509505092 36 17.9973325359075 0.0228957720633353 89.300067063 286548487.551269 1.19734360820657 0.788903770894062 36 8.06763607474171 0.0988520268775652 218400516.802962 470.336283015013 419214738.028423
0 eager_200.dot 19075314980 1.98363363363363 0.990820710184795 12 70.1059246326411 0.472121710052354 0.132879011 5972447.30053116 1.97261657261657 2.83192342767302 33 99.5447379605496 1.80048706618335 5657999.375 0.032763199 5870379.24607296
0 eager_20000.dot 14754556884 1.20324697644986 0.928201184739318 36 11.848804827411 0.0160957906685395 75.6102266089999 253017376.239003 1.2089250141914 0.689783416570456 36 6.08405576127929 0.0931791273497029 204399239.378111 476.673019366001 368707067.007054
0 chipseq 4807293396 1.6875 1.10105558373795 5 8.26944776871052 8.26944776871052 0.006160484 1545194.6160874 1.62202380952381 1.63148762342265 8 8.12898162664493 8.12898162664493 1445344.43778171 0.001068911 1447567.83721682
0 eager_15000.dot 8330435694 1.25539692187509 0.901783174832572 36 10.6449888039395 0.0455453826609636 61.8179125249999 90315951.6817085 1.25690083382792 0.346186490683167 36 2.48519101389788 0.149311933938373 63942968.445676 218.094786309 137997325.420153
0 methylseq_10000.dot 6761426956 1.08789865152412 1.79732552569969 36 20.5073632739686 6.7382526548151e-08 63.6844522180001 148961130.596702 1.10416071190383 1.78819436993214 36 25.3878394876179 0.0430820962123417 148918777.5375 37.8104081770001 187482919.002076
0 methylseq_1000.dot 22500260922 1.20513801236693 1.23901499232104 36 17.2587146553202 0.00178564467956121 0.494343159 35935299.9798178 1.16115254669471 1.22858422706841 36 15.4811297206854 0.0156212361273445 34574839.3541666 0.241167162 39550323.997453
0 methylseq_8000.dot 22500260922 1.15584632251299 1.22807504291619 36 13.2950846654687 1.95098488646818e-05 25.315520169 281117748.396879 1.08518637685304 1.2288900504379 36 14.6945642188681 0.0131127069661348 269644823.799325 18.480845884 310936010.799354
0 methylseq_25000.dot 8885797810 1.11316540805262 1.81407475609908 36 21.496414269851 7.63882049834178e-08 537.193449723998 484861386.208067 1.11123811555884 1.82578159744923 36 28.6541058918552 0.0466456773390517 484878454.753499 520.175084040009 643872162.39519
0 atacseq_1000.dot 2223941232 1.10581694694195 0.378901339137962 36 0.867220980720085 0.0197151602474113 0.48998523 4045493.81802109 1.08028633213192 0.26731263299502 36 1.99272860011572 0.190913239039428 3512130.21667375 0.167777319 7460011.26289928
0 atacseq_4000.dot 3908761308 1.07087120889384 0.19153076720645 36 0.38899625596376 0.0259259105349802 3.07568114 26009651.4052762 1.07753320865345 0.304181475427317 36 2.0366001993982 0.145540889456333 25564661.5624998 2.76473688199999 50698615.5190846
0 chipseq_10000.dot 3793245764 1.10335081845891 0.248533931986734 36 0.482676703078161 0.0209359538491242 7.684506705 100759146.803948 1.12331901077203 0.39212438794113 36 2.05110592590834 0.0930710734380286 99921584.7243554 24.4091073339999 182798930.846081
0 eager_1000.dot 19132169434 1.4159022002772 1.79094700700185 36 19.6997974470748 0.026210672533796 1.126037043 17299208.130747 1.40630747676027 1.06795245728845 36 16.466972685121 0.137294348965008 14083620.7888022 0.519354475 21264364.2586513
0 methylseq_20000.dot 17027257018 1.15527957214634 1.87291875207625 36 4.18559660676784 1.63171517390893e-05 223.220857892 695305458.244228 1.09920317333286 1.83634479932102 36 31.0321212418028 0.0582515496884941 600877949.479167 239.265585136001 882267148.363176
0 eager_8000.dot 25705994498 1.30928724543789 1.31123368678581 36 21.4157738550105 0.0234651642938542 18.706763435 161557717.846971 1.24150694474739 0.774708620825634 36 8.14065435705144 0.110612459768817 121115040.157288 46.897819802 214288735.418728
0 methylseq_2000.dot 17027257018 1.18207751641487 1.91265641114058 36 3.84701376068193 0.00016376461998855 1.519713415 69457785.9990123 1.1361557340473 1.82764686521659 36 30.5478103210193 0.0558370002564223 60001881.0104167 0.906685105999999 86318526.5879059
0 methylseq_4000.dot 6761426956 1.39508953397842 1.75973822916788 36 19.8174801846369 0.000129467976547381 5.33328688099999 59407948.7000688 1.10589955034399 1.77789228828171 36 24.764684350105 0.0436810943560416 59434483.3795332 4.00047543099997 74968617.2123211
0 chipseq_8000.dot 4807293396 1.09808727388077 0.36528535839448 36 0.836179848205785 0.0365859308233686 5.79359320200002 64826544.0601791 1.1187477621647 0.568520317191922 36 3.95458878735702 0.164041844563973 62355184.5625006 14.491668777 139769447.278541
0 methylseq_20000.dot 6273818718 1.1221591811328 1.21687590386131 36 12.3965430347124 5.61698491305092e-08 285.861467623001 232277126.36601 1.09794711535411 1.2202670827617 36 16.6602631632844 0.0483334112432556 230902003.760773 220.162607840001 309829421.178309
0 eager_4000.dot 19100037384 1.33795091319236 1.09215097984013 36 19.575063835843 0.0408311457447128 5.817420703 62838424.4620366 1.22398066323717 0.850283310503863 36 13.9970913792601 0.190116942142814 46299101.1569746 7.84279681699998 108626806.501182
0 methylseq_20000.dot 22500260922 1.11256566118514 1.23242299845009 36 13.5911781212723 6.28861093643694e-08 220.796994309 702761765.618702 1.0923678995408 1.23429347549265 36 15.2121376791761 0.0134727718325708 675008385.427067 209.089272814001 779879836.403252
0 eager_2000.dot 14754556884 1.38743871150288 1.27575364018876 36 33.8167829012108 0.0403697171039152 2.361974625 31813838.3066447 1.27551817505378 0.683647953929642 36 10.5004397148861 0.224115754681837 23122713.9890865 1.894424394 47564731.5061759
0 atacseq_20000.dot 11187378708 1.08909399572886 0.639121826380073 36 2.1306468203565 0.0191364449532042 33.9027957960001 246274340.428884 1.07136242565282 0.788153485439052 36 4.77488297312205 0.0763617937687499 225238364.837497 115.841630105001 364079522.419209
0 methylseq_4000.dot 22500260922 1.15343518121296 1.22683973030208 36 13.1910204807141 0.000605088922400739 4.81599328699999 140994294.911541 1.08823506045728 1.22155417345272 36 14.2930780193148 0.0144956224668391 135483385.904021 3.76512143900001 156236235.565317
0 atacseq_15000.dot 2223941232 1.07244833613361 0.0763849050310196 36 0.128889702315401 0.0250782667537484 22.0172413189999 54467526.6788304 1.08807015435288 0.268995126255587 36 1.64764853725424 0.163012702867093 52382074.7400799 62.6095463149999 114803618.216272
0 atacseq_8000.dot 2223941232 1.08061927153033 0.0616788039843187 36 0.126514441381361 0.0225408325152829 8.23579281200001 29156819.1291537 1.08537506508185 0.251898248837964 36 1.76356539339143 0.195570377327524 27961997.4399922 13.340932454 63904987.5432032
0 chipseq_200.dot 41366257414 1.15395021645022 0.804196465648361 18 3.81992068277736 0.0173455200736225 0.0455943 19671559.2516116 1.16145833333333 0.997277681703111 36 4.1475473532874 0.0630929377193458 16200128.125 0.009542545 23989732.9071795
0 eager_200.dot 19132169434 1.98123123123123 0.991530722274711 12 65.8131784694101 0.471411142181879 0.146084777 5968564.68633359 1.97142857142857 2.78049120842873 32 85.9760029845154 1.79597353789674 5643481.3125 0.032931119 5858270.33322499
0 chipseq_25000.dot 4807293396 1.09850416100414 0.38815503127429 36 0.908203323728946 0.0363874016311051 30.6680796080001 208346101.071009 1.11305532138863 0.583359147657294 36 3.86653304165562 0.143410587556301 195773423.625004 269.936833287002 429180430.386965
0 atacseq_4000.dot 2223941232 1.10587805707471 0.101467868019998 36 0.183926848543252 0.0167665970474173 3.36272431099999 14599602.1513895 1.07488488226125 0.239162691388377 36 1.69755904502707 0.216999274705197 13270150.6540761 2.64189575 30998374.451266
0 chipseq_10000.dot 41366257414 1.0473141885266 0.802917426831776 36 3.0597633649535 0.00166624511133632 5.26289566499999 952951893.551345 1.10301013731465 0.963636620056706 36 5.45457886984322 0.0322688372977196 876355626.554789 21.0024848649998 1245650778.09033
0 chipseq_4000.dot 4605965334 1.11660244236895 0.319994982820572 36 0.650551066777322 0.025561413410887 2.30730016 38565670.8675905 1.10590523208447 0.429989341906705 36 2.67773619963792 0.133705122213104 39174261.3788841 3.085467328 76872970.6170493
0 atacseq_10000.dot 2223941232 1.0777092702156 0.0806216620659279 36 0.144602815572651 0.0225585002924475 11.294822019 36633905.6728329 1.07890672883996 0.253495453904775 36 1.73140943800033 0.189036525657204 35017862.4179739 23.063324173 79016177.9989329
0 chipseq_25000.dot 3793245764 1.11264647202145 0.273279824601757 36 0.559140002619497 0.0198586091904109 33.6517614049997 259814964.556684 1.11980701043199 0.425040840736011 36 2.09313442637205 0.0816581167033177 251437078.595684 258.906430967002 464476243.818219
0 methylseq_25000.dot 17027257018 1.23334781184039 1.87128149725535 36 4.22274824243778 5.09846734091602e-05 401.243113279 869546916.805985 1.10130065254889 1.8350827781902 36 31.3231150133098 0.0616693239265536 751631224.182642 473.005959574004 1096799065.92755
0 eager_30000.dot 19132169434 1.14525820204308 0.958882366331001 36 12.3302218512188 0.0216118328619491 167.481460430999 411796544.970706 1.20455433994807 0.781707018519833 36 7.15496775499554 0.0937442646953853 326748082.18821 2029.250449203 613234933.679013
0 eager_2000.dot 8330435694 1.29803671862495 1.22157696785953 36 26.1966750326192 0.0815660367887069 2.422974934 16742913.9389304 1.34530002440219 0.699530852268612 36 7.6007291609489 0.190273612357118 10025675.8271655 1.768737981 20692003.4842895
0 chipseq_30000.dot 5058052541 1.12242419885507 0.408355996294566 36 0.934177050199462 0.0298686673170664 64.3871235149997 313529975.014257 1.11415020203593 0.525566200008182 36 3.15205116291432 0.126260401264951 279769799.718929 440.154426558003 568937698.75114
0 methylseq_4000.dot 11897958606 1.3656990323657 1.87811908777431 36 4.26974773052984 0.000319050689464493 5.875192305 115184860.243037 1.10556588334366 1.81028183200735 36 27.3181302824195 0.045194982326886 101694968.496979 3.93538382400001 130064145.410433
0 chipseq_4000.dot 4807293396 1.09159816205807 0.377410538845796 36 0.878055972579651 0.0326280118114032 2.44354627 32800348.0292459 1.10300132912161 0.551198394925311 36 4.1270452679301 0.185189422371573 31029016.5734704 3.06901500399999 72644266.4869636
0 eager_200.dot 14754556884 1.98314028314028 0.991167268174391 12 52.1474403972109 0.50130979188222 0.158775556 6092484.24459369 1.97261657261657 2.85914898025269 33 101.384940905274 2.09105341429573 5672967.6875 0.033142276 5786162.72384352
0 methylseq_15000.dot 22500260922 1.11551781107428 1.2330158476553 36 13.639191795777 9.31858225924193e-08 117.20241617 526816064.612189 1.09248033347316 1.23504005519167 36 15.3159550458266 0.0135012709931481 506618857.836565 100.968128256 585401499.187839
0 chipseq_20000.dot 32978181418 1.18882351612716 1.15589171131958 36 5.61565729402274 0.00262173424123544 14.7879400369999 1694888521.15686 1.10386177235362 1.15215624062236 36 8.7391017237126 0.0434025685546334 1355032037.13619 128.313965978999 2028413803.92637
0 methylseq_2000.dot 6273818718 1.12840249888442 1.20293707113727 36 11.7791346152056 0.000833598807851347 1.594298706 23499751.0752742 1.10974054949958 1.20350914591222 36 16.5065842896059 0.0568571459598831 23203744.3506009 0.865171048000001 32893521.6262675
0 methylseq_1000.dot 17027257018 1.3532383502263 1.94193919946067 36 3.88926911301359 0.00177319662593027 0.537387822 35065399.8441079 1.16448333014598 1.84663120570635 36 36.4803012334591 0.0584184569045088 30234808.0427242 0.258034823 42881886.2720884
0 eager_25000.dot 19100037384 1.23602087775397 0.991048720134327 36 14.2330273385562 0.0180393205935423 166.436658033 340237350.766763 1.20341604427962 0.782043763770514 36 7.29164169638678 0.0898859020004862 272204640.802591 1000.300377143 506288364.518608
0 chipseq_8000.dot 4605965334 1.10684981815468 0.323042985369908 36 0.661212711457499 0.0263310036780076 5.03275989500001 78169334.1657266 1.11027109645841 0.483837387096689 36 2.769318368055 0.110109362055053 79049075.5495272 14.33510149 156724873.087851
0 atacseq_2000.dot 2223941232 1.11253132893848 0.198378099635032 36 0.326307617815019 0.013924126994395 1.193017033 7258587.94567081 1.06098611716042 0.233076296532847 36 1.90727034112487 0.231598207566633 6780389.9577924 0.656026626999999 16267695.8029235
0 methylseq_200.dot 6273818718 1.63169642857143 1.73206890212131 28 38.2982474990051 0.00978550680925563 0.0944408950000001 2880500.76277423 1.71337632275132 1.97534929054339 36 558.185567261998 0.0767510887812651 2813026.45 0.0147615 3831276.97711564
0 atacseq_8000.dot 11187378708 1.09139898679354 0.655698775097437 36 2.25033668910807 0.0182984854309333 7.13114399200002 98324954.0250437 1.07489815756405 0.795407211172056 36 5.07758670650314 0.0856814955621085 89762247.469895 12.0107578269999 151714756.5986
0 methylseq 8885797810 2.83333333333333 1.58744561846005 4 125.308185733204 125.308185733204 0.003157071 1402989.43753056 2.83333333333333 1.84416449192434 5 1249.63745748691 1249.63745748691 1402989.4375 0.0004753 1402989.43759595
0 methylseq_10000.dot 22500260922 1.10981217883981 1.2325892607175 36 13.6016308540342 2.46820269891675e-06 44.271743067 351142351.443263 1.08742544636904 1.22964575265494 36 14.7732014884568 0.0134457978910963 338561601.503586 33.7768910809998 388931758.806104
0 methylseq_1000.dot 6761426956 1.18626888506407 1.83526220784511 36 26.6441838532213 0.00173889395275814 0.562971736000001 14975975.6877749 1.1393510550137 1.80619523389611 36 31.7683030939972 0.0470811358347103 14978280.25 0.262463827 19012076.8832431
0 chipseq_2000.dot 3793245764 1.11844405594406 0.267162357574237 36 0.553009585498961 0.0203802007656659 0.927093297000001 19972600.7040596 1.10972927389067 0.311830858839897 36 2.18166689063528 0.13994381348019 19596606.7073546 0.764089829 37531578.5176776
0 methylseq_25000.dot 22500260922 1.12027511703463 1.23367475986317 36 13.7056493744932 1.1992166858382e-07 389.974781480002 878994726.804229 1.08747367832825 1.23522098964582 36 15.2788933594345 0.0134282362750894 844211223.649816 387.617632758002 976065112.188265
0 chipseq_30000.dot 3793245764 1.10793189730064 0.263476554925507 36 0.536233100279444 0.0199664210078657 41.0813169250001 309073793.270803 1.12420803064047 0.420016221117719 36 2.10190540637459 0.0847793212283871 301099243.875976 432.963315598999 563225569.309375
0 methylseq_1000.dot 8885797810 1.184165232358 1.84552414975091 36 24.4731204643784 0.00175516715782176 0.551485736 19506411.2626633 1.14569388665774 1.84397639033644 36 38.1049921423988 0.0471288675280535 19508241.3430644 0.259565726 25742343.9514879
0 eager 19132169434 1.87612612612613 1.69421906356263 8 30.8614281562153 26.0405047482804 0.036683821 5856854.49460451 2.28869778869779 3.18240853476307 13 564.862161478289 33.5191623952867 5643481.3125 0.008594833 5810114.32366388
0 methylseq_10000.dot 17027257018 1.2796451914099 1.87432055651647 36 4.24756164595182 0.000175312692215372 44.65795305 347989235.966715 1.09540324066136 1.83106324432442 36 30.4217059803776 0.0568657632906495 300294729.124389 39.16265389 436900322.680305
0 eager_200.dot 8330435694 1.78978978978979 1.51127533722544 12 54.1446269219794 23.7772802246761 0.146909829 3409114.13024933 1.96846846846847 2.85110265733584 33 90.6271481027084 2.88214119149051 3090946.10416667 0.03319704 3163841.80932681
0 chipseq_10000.dot 4807293396 1.10054758316037 0.390693560278779 36 0.920672479990333 0.0355332245964677 7.32954134900004 82400469.7546216 1.10477360724072 0.576417681791296 36 3.87641010246223 0.151673955050201 78286386.1730776 24.9475480370001 172173566.386321
