algo_nr wf_name inp_size dur_alg1 ms_1 dur_alg2 ms_2 dur_alg3 ms_3
4 eager 19075314980 0.000225933 935985.030079251 0.018898631 1808937.33766888 0.045053238 2137662.62654807
4 eager_1000.dot 25705994498 0.015143511 29776242.7109374 0.435466108 6903500.79165504 2.2924588 337134076.704506
4 methylseq_1000.dot 110641579976 0.015598627 265442678.311565 0.289825891 265240086.880358 1.463775227 1710494187.60089
4 chipseq_200.dot 5058052541 0.000849548 2145690.05330759 0.030277998 2123689.39479583 0.073532603 37928930.0033458
4 methylseq_1000.dot 6273818718 0.018239929 16577329.6262778 0.328137936 16594161.8876619 1.180516699 341355676.352632
4 chipseq_4000.dot 41366257414 0.067602867 650935962.749958 1.054747354 467329419.984074 9.14907935 4265186083.76795
4 atacseq_2000.dot 14091675276 0.021228713 107082942.398973 0.577347483 45032207.7984135 2.395197754 892307888.271541
4 atacseq_1000.dot 11809629756 0.0074218 22451735.4149175 0.289894268 7280508.85899038 0.925903496 384351872.563506
4 methylseq_200.dot 17027257018 0.002047241 17370617.9488919 0.042487624 17379147.5051321 0.096191595 100738193.094428
4 methylseq_8000.dot 110641579976 0.39138776 2032784114.06294 9.873773496 2040174509.06857 192.036140895 13699494146.2891
4 atacseq_8000.dot 3908761308 0.227824079 137130142.805778 5.789504479 106893182.95372 41.938430093 1648548213.60258
4 methylseq_8000.dot 17027257018 0.548189621 766445342.928126 14.058381988 767375217.802213 143.047433052 5942768556.35793
4 atacseq_10000.dot 14091675276 0.388311117 575402262.863658 6.536974307 247265574.847243 95.21713948 4581467580.60794
4 eager_2000.dot 25705994498 0.069336482 69309876.6310052 1.137329391 17775920.6165144 12.325426737 538505085.716525
4 eager_1000.dot 14754556884 0.013254942 15893780.0084481 0.465813085 4708997.12650494 2.271276329 300044752.725758
4 methylseq_10000.dot 8885797810 0.879652517 496538308.086457 24.92895377 497359134.387822 373.300718029 4308257365.52071
4 atacseq_4000.dot 11809629756 0.067652355 127783150.784192 2.290762938 40228777.6428897 9.221456362 1200162468.70125
4 atacseq_1000.dot 14091675276 0.008537809 51372507.5216414 0.297773951 20643061.6085658 0.91045889 425483131.562244
4 methylseq_4000.dot 6273818718 0.154423299 78948380.4621975 3.290749194 79103031.5112703 30.160870126 1784038883.21083
4 chipseq_1000.dot 4605965334 0.009377786 25866303.0168829 0.269616518 22765019.7303988 0.788972129 252183329.989659
4 atacseq_200.dot 11809629756 0.000913858 214321.096633635 0.035376449 208147.900462843 0.081734763 30171684.5262668
4 eager_8000.dot 19075314980 0.693900192 178323041.435178 9.063580257 86015242.0238957 454.038661228 2409466810.82622
4 methylseq_10000.dot 110641579976 0.596594482 2539308717.78543 14.447367146 2546840841.17944 365.930659077 17139100919.1512
4 methylseq_2000.dot 22500260922 0.048754181 42071429.1187588 1.011029978 42356005.3528541 6.52289762 1363840309.15784
4 chipseq_200.dot 32978181418 0.001038651 28774046.5320703 0.029478138 31469380.519931 0.07446953 273818544.972424
4 chipseq_2000.dot 4605965334 0.022832409 59251155.3331546 0.767408751 51634463.3418593 2.773818708 553896207.057674
4 atacseq_8000.dot 11809629756 0.245850972 270491342.909408 8.06419523 86101986.5169732 49.396750521 3156723386.65896
4 chipseq_200.dot 4807293396 0.000850075 2033370.552792 0.031614874 2719193.84494756 0.070236036 36552096.769955
4 chipseq_200.dot 3793245764 0.000817077 56167.9110000001 0.032187409 56167.9110000001 0.076128501 12708161.0749411
4 eager_8000.dot 19132169434 0.679355667 183115702.583797 8.970808363 86611477.93334 457.019682177 2381751236.50957
4 atacseq_10000.dot 11187378708 0.393771096 324052875.096145 12.650488297 100801827.639394 90.327776343 3866511338.20851
4 chipseq_10000.dot 5058052541 0.25716675 343037195.08456 11.269957919 310001395.467984 86.446497941 3248451034.22969
4 atacseq 3908761308 0.000155553 44584.0343574888 0.006277545 34940.586817165 0.014353367 30633.9243907123
4 atacseq_4000.dot 11187378708 0.068360523 123181197.020527 2.364404788 36465555.3798244 9.23495713 1140986759.32325
4 chipseq_4000.dot 32978181418 0.055291921 800466333.965611 1.078950452 816543635.913406 20.677276121 7501466205.96766
4 eager_4000.dot 19075314980 0.248158224 91549808.2385546 2.902518896 43035713.7992457 51.349100935 1137983938.8959
4 methylseq_4000.dot 17027257018 0.146469679 381505568.698377 4.119527704 381966260.175184 28.711503982 3454728511.77526
4 chipseq_1000.dot 41366257414 0.010183228 153274495.091833 0.192208854 108667107.141076 0.665755043 1132364950.30556
4 atacseq_10000.dot 3908761308 0.355857939 172487943.072459 8.64330221 135527743.878268 74.036794846 2203734591.99115
4 eager_1000.dot 19100037384 0.014586624 21754043.6108777 0.459960165 9734518.03565516 1.724733318 229821720.475017
4 atacseq 14091675276 0.000159091 2108458.07412106 0.005645125 2066360.8585961 0.012386803 3841834.02545946
4 methylseq_1000.dot 11897958606 0.016450142 65479527.2816897 0.349951094 65572146.0192105 1.464259435 403983700.40998
4 atacseq_2000.dot 3908761308 0.020743583 29016221.7957585 0.743352848 21520726.6895803 2.145680026 270028960.34945
4 methylseq 11897958606 0.000104437 18441.8166653709 0.001815617 18427.5635 0.003772399 18427.5635
4 eager 14754556884 0.000224269 243399.190982719 0.018745698 200736.126756005 0.047108409 5178880.28608649
4 chipseq_2000.dot 32978181418 0.020294169 389964837.601733 0.450772397 406245244.185224 4.014034941 3674858224.5825
4 eager_2000.dot 19100037384 0.061266824 44918052.7455997 1.095475915 21721199.5756603 6.087634883 467172903.469559
4 chipseq_2000.dot 5058052541 0.020069453 67824614.7029965 0.818026247 56141987.4069183 2.688965874 578324140.137775
4 atacseq_4000.dot 14091675276 0.067763653 226254144.855119 1.376820946 93392998.0823697 9.706392832 1793154042.1408
4 eager_200.dot 25705994498 0.00087518 2495674.18551798 0.063244383 1891344.24796992 0.163385282 32375310.3150538
4 methylseq_200.dot 110641579976 0.002184583 56849221.0264498 0.040616064 55656600.0971805 0.107605473 322884461.917145
4 methylseq 6273818718 0.00010612 9950.21661322558 0.001836739 9936.834125 0.00381365 9936.834125
4 eager 25705994498 0.000218339 2046404.13037369 0.018942281 1975632.08700291 0.045128261 6757950.37401521
4 methylseq_4000.dot 8885797810 0.146972573 195031741.397237 4.242987517 195351621.972581 33.34045376 1642860923.24967
4 chipseq_2000.dot 41366257414 0.025057537 320576355.41417 0.41974277 237630600.01022 2.152774772 2141239670.1235
4 chipseq_8000.dot 5058052541 0.174639561 278200341.669623 7.216632869 246032397.574525 44.66199614 2538070337.59592
4 methylseq_8000.dot 8885797810 0.567829618 395433676.633441 14.449085803 396089542.648099 206.683653565 3403590416.79896
4 chipseq_8000.dot 41366257414 0.200215986 1317153499.0331 2.968630685 936581336.496724 46.432927317 8687421504.02321
4 methylseq_8000.dot 6273818718 0.562529112 162662393.327791 11.910516105 163209116.182622 151.813657166 2987138990.38285
4 chipseq_1000.dot 32978181418 0.008194137 185521720.396305 0.199143284 196066982.058824 1.014087205 1791923626.14203
4 methylseq_10000.dot 6273818718 0.906571895 204722710.163309 21.220537285 205281143.665735 282.664117245 3587223612.27447
4 chipseq_10000.dot 4605965334 0.274488248 313215129.165238 9.360367683 285247919.656679 106.694492931 3059901618.40677
4 methylseq 22500260922 0.000110035 127455.682323359 0.001837632 127438.67936679 0.003770726 127438.67936679
4 methylseq 110641579976 0.000102896 19083317.1858612 0.001806592 19083288.5698596 0.003735151 19083288.645325
4 chipseq_8000.dot 32978181418 0.174578939 1622665728.92768 2.809088944 1686810131.8155 126.832131782 15196781437.041
4 chipseq_4000.dot 5058052541 0.055409354 136755815.310662 2.076924756 117274039.865778 13.376827684 1256874787.41854
4 eager 8330435694 0.000219621 84099.6815487567 0.019108689 58353.8614010292 0.04665761 83058.6312586816
4 eager_4000.dot 25705994498 0.132676324 147905838.631889 2.599280813 33668077.6270057 62.931506519 899269646.153976
4 eager_8000.dot 19100037384 0.679325919 179883304.388405 8.993906632 86234952.0891366 446.951041929 2379563431.09542
4 methylseq_4000.dot 110641579976 0.11535609 1023778846.23022 2.360286618 1025989503.54745 31.781690564 6847138768.47433
4 chipseq 3793245764 0.000114269 28482.0629183208 0.003548255 28083.9555 0.007831505 28083.9555
4 atacseq_200.dot 14091675276 0.000972132 2187037.61194424 0.035450509 3000589.48013791 0.08275846 81804069.9071075
4 eager_10000.dot 19100037384 1.018418153 226045900.878113 13.523218995 107252500.773819 787.333758021 2922274137.41223
4 atacseq_2000.dot 11187378708 0.021919495 56341662.3973072 0.794462887 16210122.5770921 3.432255648 789826451.394781
4 methylseq_10000.dot 11897958606 0.873976154 671531906.647454 25.083231834 672589342.823801 324.423802245 4454380442.60924
4 chipseq_200.dot 4605965334 0.000905796 53078.1372916666 0.031888697 53078.1372916666 0.072969937 13895912.964083
4 methylseq_2000.dot 11897958606 0.047696897 133357407.490516 1.162107294 133558027.752843 6.487293558 841879116.068767
4 atacseq_200.dot 3908761308 0.000879426 65251.2353470746 0.040595591 62986.735567165 0.087035267 6456763.70333589
4 eager_8000.dot 8330435694 1.066295292 169806034.231398 17.629179751 166193631.429454 816.312019284 1381992532.16314
4 atacseq_200.dot 2223941232 0.000858001 55569.046010735 0.043253593 59933.3066891561 0.09678986 2854203.4130216
4 chipseq_2000.dot 4807293396 0.020210302 58711217.0894622 0.776392941 45287590.0137349 2.976905444 779348412.300699
4 eager_10000.dot 19075314980 0.957091528 223475576.839319 13.693031919 106983802.761906 741.496751959 2943987715.55864
4 eager_10000.dot 8330435694 1.634950772 215154442.448398 30.174539655 214702681.283994 1500.116851799 1690298818.62939
4 methylseq_200.dot 8885797810 0.001989756 5454114.54529601 0.041799469 5454119.06346997 0.087693614 20205027.9140682
4 chipseq 32978181418 0.000111799 8637915.85314606 0.003033673 8561191.52803436 0.00665406 12906414.4182801
4 methylseq_2000.dot 6761426956 0.045358756 72743061.5424308 1.110029198 72858655.7692402 6.006443886 427758962.853762
4 atacseq_1000.dot 11187378708 0.007820115 21260738.086382 0.276271181 6624211.91794189 0.912322218 366324641.623229
4 eager 19100037384 0.000223779 942154.238754734 0.018867813 1814991.9955436 0.044874895 2120173.45345719
4 chipseq_10000.dot 32978181418 0.267329603 2035927007.25148 3.905075193 2116839778.48619 226.935475054 18986464157.6838
4 methylseq_2000.dot 110641579976 0.039311659 517243322.377771 0.763328767 517845154.166004 5.942186604 3409142118.71082
4 chipseq_8000.dot 3793245764 0.180581153 204081574.604974 6.323274666 182215442.285068 51.408049763 1902770686.55945
4 eager_4000.dot 19132169434 0.252565448 92689822.4311996 2.910565066 42886800.698872 54.534614658 1142489345.79432
4 chipseq_1000.dot 4807293396 0.008128226 22571045.3946667 0.268478127 21576168.9843667 0.874403197 365192284.090126
4 methylseq_200.dot 6761426956 0.001982473 4144864.62584428 0.065603471 4144867.1858325 0.112387061 11104302.2273415
4 methylseq 17027257018 0.000105087 21799.6016884726 0.001829862 21781.1225 0.003792316 21781.1225
4 eager_1000.dot 8330435694 0.013187952 15306231.9259457 0.552831114 11479720.7230424 1.994156349 89073321.1813467
4 chipseq_4000.dot 3793245764 0.058621885 101668487.1775 2.067617296 85222409.6908558 10.626464842 932936265.092097
4 methylseq_200.dot 11897958606 0.002060588 12146931.617363 0.042452011 12154627.3236169 0.096174279 52360529.9673402
4 atacseq_1000.dot 3908761308 0.007781228 9034953.02644147 0.330557179 7058320.04420374 0.761177917 148863855.158057
4 chipseq_1000.dot 3793245764 0.008927404 22573774.4353975 0.284507744 17105358.1618538 0.815304225 203049300.518263
4 atacseq_2000.dot 11809629756 0.02143156 59043726.5286151 0.784885038 19197666.1869953 3.446362287 824923931.079393
4 eager_4000.dot 8330435694 0.236649808 79954906.0995489 4.524638944 72432901.7874907 80.294192041 672742693.15532
4 methylseq_200.dot 22500260922 0.00201819 3727490.45564182 0.042730586 3202198.07766383 0.107347675 119001421.339147
4 eager_4000.dot 14754556884 0.210417959 67723446.0600818 3.164547104 28891845.2230104 74.198577487 910746968.654574
4 methylseq 6761426956 0.000105428 10835.5515944213 0.001829198 10821.11475 0.003785726 10821.11475
4 eager_200.dot 19100037384 0.0008286 910409.510866482 0.063505783 1837286.2503398 0.163668405 27746565.2244415
4 chipseq_1000.dot 5058052541 0.008181746 28763047.2240422 0.280904146 24304976.6555363 0.795787048 289078416.30768
4 methylseq_2000.dot 8885797810 0.045440035 95726943.8232037 1.114771812 95877839.5954882 6.154451396 782563107.537021
4 chipseq 41366257414 0.000115753 10338475.3458174 0.002940753 7482130.57186356 0.006515306 21925172.8883984
4 eager_2000.dot 19075314980 0.062038832 44916997.3534544 1.097293432 21661719.5728707 5.997916298 470471782.933668
4 eager_2000.dot 19132169434 0.061336037 44193511.7972632 1.104479298 21650255.7452693 8.713602986 529316989.726366
4 atacseq_200.dot 11187378708 0.000896788 138631.563312447 0.035423041 132774.950092061 0.081737098 27766376.1524541
4 atacseq_8000.dot 14091675276 0.245951303 454661714.960372 4.331889491 196126238.778979 46.912609642 3661274210.73868
4 eager_10000.dot 19132169434 0.959880462 229873341.920614 13.3549074 107594958.111456 749.876738195 2954228170.55934
4 methylseq_8000.dot 11897958606 0.555147658 535777400.665973 14.832335122 536618400.228312 172.38772174 3531083092.15575
4 eager_1000.dot 19075314980 0.014595455 21793391.9183121 0.45956482 9708115.00178369 1.725641469 231008880.662038
4 eager_10000.dot 25705994498 0.490731523 365485678.26593 11.87602385 92564550.5956176 777.893934067 2143860099.28542
4 atacseq 11187378708 0.000163301 141301.58069925 0.005906133 132187.746813244 0.013705628 4877995.50375402
4 chipseq 5058052541 0.000109918 25824.0253947096 0.003386653 25449.829 0.007474133 25449.829
4 eager_8000.dot 14754556884 0.508265393 138502940.38145 10.006427092 61400967.9051625 519.370658473 1822982090.37724
4 eager_10000.dot 14754556884 0.661341341 173264038.077409 14.843855933 81134147.1890572 934.327025235 2310120995.56372
4 methylseq_8000.dot 6761426956 0.553173588 300489810.242081 14.590109372 300998879.960577 163.166526997 1835632510.40091
4 atacseq_10000.dot 11809629756 0.381914761 331802067.093145 11.700806303 108329975.739212 81.424298817 3890791398.65935
4 eager_200.dot 19075314980 0.000825048 904233.642827422 0.063385313 1831234.93653525 0.162963727 27930213.3555595
4 chipseq 4807293396 0.00011039 21170.3715997822 0.003398041 20791.0451041667 0.007511089 20791.0451041667
4 methylseq_10000.dot 6761426956 0.872389751 377319058.41309 24.956686679 377947908.561776 271.164878162 2314387562.63448
4 methylseq_1000.dot 22500260922 0.018069834 20023221.4180221 0.334747667 19321768.17989 1.473441533 669698059.197967
4 methylseq_8000.dot 22500260922 0.54562013 174989362.813907 12.816598507 176871092.681804 135.916128624 4757121217.08068
4 atacseq_1000.dot 2223941232 0.008082274 1277352.43839278 0.331477515 316545.089082348 0.769878191 74946308.3047098
4 atacseq_4000.dot 3908761308 0.063077144 68224685.6178185 1.922467523 50480474.8261796 7.913972157 487270011.886512
4 chipseq_10000.dot 3793245764 0.267480785 260998894.029416 9.055649533 230218957.352128 89.557672454 2506391662.17974
4 eager_1000.dot 19132169434 0.01458255 21918278.6615342 0.461873287 9767937.34881522 1.809700802 230204549.842395
4 eager_8000.dot 25705994498 0.334347658 301762996.570363 8.006398681 73774837.3869226 446.892310272 1726629551.01643
4 methylseq_2000.dot 17027257018 0.045575658 190767208.638478 1.127936779 190989032.1226 5.83488727 1648654204.91842
4 methylseq_4000.dot 6761426956 0.146747381 148204659.48533 4.283899998 148449952.310893 32.56842223 893226177.406654
4 chipseq_8000.dot 4807293396 0.172799348 257525510.962012 6.690103684 207112008.352695 68.599499014 3087598824.18802
4 eager_4000.dot 19100037384 0.239696345 91114846.2478483 2.899397867 43144256.1541766 51.2620153 1127416148.25573
4 eager_2000.dot 14754556884 0.068407641 33744265.0755418 1.164669296 14069439.0977173 12.649425605 594013520.266953
4 methylseq_4000.dot 22500260922 0.153422621 86654276.1806351 3.626785927 87114402.3059643 24.990469386 2474188806.2774
4 atacseq_8000.dot 2223941232 0.24483463 86832932.8283843 6.680247126 54771913.4209322 38.1262567 1056590744.30215
4 chipseq_200.dot 41366257414 0.001049286 28205308.5777507 0.028861549 24462853.1863912 0.065374847 270483336.481758
4 eager_200.dot 19132169434 0.000837026 918180.213235516 0.063898084 1844996.56960514 0.163173846 28139716.3535475
4 atacseq_4000.dot 2223941232 0.073403464 39523870.7804258 2.159311752 21450704.624644 8.280963922 455162702.06898
4 chipseq_10000.dot 41366257414 0.293913873 1642190163.69022 6.30659351 1073625207.33138 82.745803811 11000634632.3274
4 chipseq_4000.dot 4605965334 0.060850706 121734459.010711 2.024839837 110172554.239319 11.405029197 1208433420.71921
4 atacseq_10000.dot 2223941232 0.387092162 111968345.384119 9.879638923 69677712.0878538 73.233073397 1556912551.9241
4 eager_2000.dot 8330435694 0.047383592 34005586.9585831 1.620247732 33771762.1888923 11.952871734 268774323.437263
4 methylseq_4000.dot 11897958606 0.146756031 266689876.03384 4.240783493 267106630.813057 34.67136086 1728612235.85229
4 chipseq_4000.dot 4807293396 0.055420675 125405687.244233 2.158397267 95394224.9513173 13.348229359 1510054063.68349
4 eager_200.dot 14754556884 0.000824736 213758.901328735 0.063142857 974408.8720135 0.168056882 35375695.6456008
4 chipseq 4605965334 0.000108979 26921.7134022807 0.003496371 26539.0686458333 0.007765723 26539.0686458333
4 methylseq_2000.dot 6273818718 0.04887125 38217753.1046389 0.944171462 38268200.0433864 5.27182815 817479477.007013
4 atacseq 2223941232 0.000155402 30357.0581986211 0.006456921 23228.2989391561 0.01478432 19570.2478552425
4 methylseq_1000.dot 17027257018 0.01648746 93665123.2248971 0.348670777 93767526.9515935 1.444476856 783424078.204248
4 chipseq_8000.dot 4605965334 0.185883205 239389556.279515 6.610775134 227246068.134525 57.885556766 2417012819.72273
4 atacseq_2000.dot 2223941232 0.028424092 14545407.4607639 0.921025354 5593996.5136888 2.45005606 259196029.897126
4 methylseq_200.dot 6273818718 0.001932384 29576.2720704002 0.041550054 29580.9601687816 0.087877768 29578.328375
4 atacseq_8000.dot 11187378708 0.244667893 255526154.437786 8.200739513 80185923.7698025 49.895682307 2832053058.28094
4 methylseq 8885797810 0.000110039 14055.5640314055 0.001824051 14042.3765 0.003766971 14042.3765
4 methylseq_10000.dot 22500260922 0.844983781 220900494.544293 21.982058227 221942771.445062 228.27810127 5973859429.1725
4 methylseq_1000.dot 6761426956 0.016468303 34328073.8298992 0.345860123 34378937.7649316 1.40328012 196943239.413778
4 chipseq_2000.dot 3793245764 0.022087756 49383224.2479493 0.798367605 39927741.751615 2.841884845 462059621.89565
4 methylseq_1000.dot 8885797810 0.016477091 45174161.6973704 0.349289707 45240557.2615535 1.424781032 359342763.482445
4 eager 19132169434 0.000225445 949975.476050677 0.019933083 1890241.20756155 0.046070998 2137562.08814531
4 methylseq_10000.dot 17027257018 0.881361597 960648076.681511 22.454681978 961817141.824737 250.600875663 7116835251.21528
4 eager_200.dot 8330435694 0.000825278 91750.6763827326 0.067081761 104090.338274594 0.173402225 4421242.04100216
4 atacseq 11809629756 0.000165049 216658.051953978 0.005985717 207630.888911925 0.013809959 5299227.76159214
4 chipseq_10000.dot 4807293396 0.256602596 322544581.157704 8.971750261 265449468.975598 105.499563963 3845054162.39727
