algo_nr wf_name inp_size dur_alg1 ms_1 dur_alg2 ms_2 dur_alg3 ms_3
1 eager 19075314980 0.00022413 2350610.55732494 0.019416008 2137663.00360144 0.045220187 2137663.00360144
1 eager_1000.dot 25705994498 0.015060578 30293889.5289462 0.580691686 28418420.8300469 2.484495353 190823305.972989
1 methylseq_1000.dot 110641579976 0.015873324 265442651.695565 0.364240523 251267621.162152 1.628677974 1713884393.11095
1 chipseq_200.dot 5058052541 0.000842897 2116132.65875809 0.031810562 2455732.47640609 0.06881324 3797865.38990929
1 methylseq_1000.dot 6273818718 0.018018644 16577331.6825664 0.335439635 16588103.4160863 1.171601865 341355654.179553
1 chipseq_4000.dot 41366257414 0.066471111 654075815.135213 0.959710618 337831112.746414 11.426988437 3899166251.89885
1 atacseq_2000.dot 14091675276 0.020334108 107028631.859653 0.698093698 130019015.117426 4.118236269 826861084.689971
1 atacseq_1000.dot 11809629756 0.007500912 22470684.6290549 0.297537299 26443629.9350209 0.865868359 283284437.309014
1 methylseq_200.dot 17027257018 0.002103721 17370623.3213168 0.041811821 17379142.1238793 0.094059102 100738193.094428
1 methylseq_8000.dot 110641579976 0.386352454 2032784087.44694 14.713585297 2023257393.84747 189.939785654 13697281723.6332
1 atacseq_8000.dot 3908761308 0.226615015 137583152.222503 8.013799002 174146432.17331 40.998337844 1048919296.93901
1 methylseq_8000.dot 17027257018 0.546377262 766445329.821659 14.200908931 767374057.61572 142.778016427 5942768557.38384
1 atacseq_10000.dot 14091675276 0.385746492 572004004.473028 10.095696533 669691683.688941 205.252766434 4326010572.56367
1 eager_2000.dot 25705994498 0.068871219 68094732.9388309 1.762983649 67289955.6202806 11.360990543 384121531.017996
1 eager_1000.dot 14754556884 0.01361469 14842921.5322088 0.626041937 17027526.7893792 2.509128005 164928669.179328
1 methylseq_10000.dot 8885797810 0.893857928 496538308.086556 25.678199372 496631581.633731 379.055956965 2966964632.35559
1 atacseq_4000.dot 11809629756 0.067963584 127977239.7273 2.343191221 122676346.312031 14.946268312 1357556118.85375
1 atacseq_1000.dot 14091675276 0.00717517 52487562.7372652 0.268497993 56151549.363311 1.06441977 394157415.733603
1 methylseq_4000.dot 6273818718 0.152413296 78948366.8078428 3.268752154 79102940.8537769 29.624023326 1784038861.27483
1 chipseq_1000.dot 4605965334 0.009366356 27541387.3290752 0.316637739 29259659.487627 0.846569474 293752889.333202
1 atacseq_200.dot 11809629756 0.000917687 379865.797219594 0.036422345 205906.987308169 0.087059725 32344998.5942623
1 eager_8000.dot 19075314980 0.687714161 181052209.18911 15.619779623 247370562.845134 307.553869541 2108123999.42571
1 methylseq_10000.dot 110641579976 0.600096854 2539308691.16943 29.986598427 2531401749.70943 363.871895357 17129320073.7848
1 methylseq_2000.dot 22500260922 0.04910727 42071416.7605116 0.999044575 52504436.0061247 6.567251271 1363840309.15778
1 chipseq_200.dot 32978181418 0.001037407 31099870.9901633 0.028356818 22387306.5029804 0.074721043 200089769.496868
1 chipseq_2000.dot 4605965334 0.023195896 59186489.5750845 0.825753049 64082045.2869306 3.060811389 619596028.229606
1 atacseq_8000.dot 11809629756 0.246174649 270245459.402464 7.686740509 250566806.270002 83.295253652 2667799235.37036
1 chipseq_200.dot 4807293396 0.000847598 2009063.31010154 0.031897083 2397005.07951589 0.095653011 2334632.01926643
1 chipseq_200.dot 3793245764 0.00081439 56167.9110000001 0.032757124 627318.973785582 0.071981545 1930588.15302372
1 eager_8000.dot 19132169434 0.699008641 184509762.729663 15.327239622 249868647.646639 297.535626685 2155185273.62201
1 atacseq_10000.dot 11187378708 0.381620995 326052903.002063 12.303108712 306503335.785131 157.611954765 3239291915.48782
1 chipseq_10000.dot 5058052541 0.255887094 339938658.008251 11.776991624 415209159.638674 80.835151117 3259058759.88623
1 atacseq 3908761308 0.00016547 34791.6616963998 0.006397348 29956.8083490457 0.01436116 30633.9243907123
1 atacseq_4000.dot 11187378708 0.067183233 122509287.594047 2.41097839 122805341.259462 14.882209253 1295429544.35052
1 chipseq_4000.dot 32978181418 0.055283089 799534987.885507 1.360321658 627146066.461472 20.109703898 4843719256.41429
1 eager_4000.dot 19075314980 0.245812284 91218292.2978419 4.500640857 135366980.847017 38.907184968 1003630060.99648
1 methylseq_4000.dot 17027257018 0.144774469 381505555.592023 4.112080766 381964857.567905 27.279298536 3454728511.77526
1 chipseq_1000.dot 41366257414 0.010251259 153882731.447527 0.194384955 89090859.3060739 0.757963695 941440310.813232
1 atacseq_10000.dot 3908761308 0.365600927 172269898.124274 12.47454461 218275140.216033 71.411012342 1341236339.87298
1 eager_1000.dot 19100037384 0.014676558 23733758.984528 0.594622045 26153026.2963175 1.883015608 223725390.441081
1 atacseq 14091675276 0.000157624 3387871.75901372 0.005806411 2826331.05534501 0.012419222 3841834.02545946
1 methylseq_1000.dot 11897958606 0.016505281 65479529.1464828 0.369315255 65572119.062901 1.494437923 403983700.674324
1 atacseq_2000.dot 3908761308 0.020899111 30381720.0549962 0.843949174 41028499.8226401 2.458811495 223180834.32372
1 methylseq 11897958606 0.000105407 18430.4091406487 0.001865195 18427.5635 0.00382409 18427.5635
1 eager 14754556884 0.000229775 520276.843051282 0.019631491 494984.917214542 0.045712393 5178911.6732625
1 chipseq_2000.dot 32978181418 0.020288999 389368931.607567 0.500450054 311772969.099695 3.996582983 2381539167.05581
1 eager_2000.dot 19100037384 0.060291321 45436642.3416396 1.711838564 64319917.3249566 8.728816925 513999312.022871
1 chipseq_2000.dot 5058052541 0.020348219 66343597.7049817 0.831931632 78044244.4827588 2.764899809 744195588.150731
1 atacseq_4000.dot 14091675276 0.066215374 226197178.639397 2.013325551 267110994.686628 21.269169399 1676692094.60888
1 eager_200.dot 25705994498 0.000873414 1937742.90291848 0.069568209 3074899.45194681 0.176090064 24880527.3540225
1 methylseq_200.dot 110641579976 0.002166749 56849194.3389979 0.043978856 53971041.0416167 0.110935369 329256639.303286
1 methylseq 6273818718 0.000107973 9938.89082040022 0.001889513 9936.834125 0.003867088 9936.834125
1 eager 25705994498 0.000221199 1844254.88377606 0.019560226 3004809.41560048 0.045635393 6757950.77153154
1 methylseq_4000.dot 8885797810 0.146108932 195031730.458821 3.959929313 193959926.484774 34.307180869 1161792906.72696
1 chipseq_2000.dot 41366257414 0.025172234 320281217.401266 0.400814489 165447491.871604 2.596343696 1925576919.9262
1 chipseq_8000.dot 5058052541 0.171148512 277920678.096548 8.456956355 328912472.865016 47.642004512 2429639134.40387
1 methylseq_8000.dot 8885797810 0.560013149 395433665.694793 13.362034881 395136019.697599 204.693546348 2365240723.37207
1 chipseq_8000.dot 41366257414 0.199374579 1321949358.98253 2.299535596 678077252.615628 61.48509956 7863825332.09166
1 methylseq_8000.dot 6273818718 0.564170013 162662260.694439 12.059293512 162034059.350906 153.415639368 2987138968.44685
1 chipseq_1000.dot 32978181418 0.008181549 185042350.739356 0.208574197 153694524.277539 1.031014651 1171660915.54545
1 methylseq_10000.dot 6273818718 0.946992112 204722577.530144 20.899366566 204132683.627515 280.712807035 3587223590.33847
1 chipseq_10000.dot 4605965334 0.271069806 316577017.912796 9.214261434 355830912.762158 107.709579208 3029288076.37538
1 methylseq 22500260922 0.000104364 127443.323986769 0.001858722 127438.67936679 0.003803863 127438.67936679
1 methylseq 110641579976 0.000103695 19083288.5698605 0.001863011 19083288.5698596 0.003793451 19083288.645325
1 chipseq_8000.dot 32978181418 0.170879652 1624617430.40444 3.884968808 1258752678.84005 115.959743616 9732831282.62748
1 chipseq_4000.dot 5058052541 0.055023432 138032154.225126 2.518031016 160498900.842146 10.957078412 1384438590.9966
1 eager 8330435694 0.000224644 58447.0274013761 0.019938318 83042.216399797 0.047308524 83059.0033789637
1 eager_4000.dot 25705994498 0.130822433 150173331.110217 5.121348961 143995601.986329 64.252712881 805231005.668918
1 eager_8000.dot 19100037384 0.6908503 181941893.497571 15.378626451 247111906.24436 467.170988454 2306016966.85236
1 methylseq_4000.dot 110641579976 0.114476026 1023778819.54277 4.231025239 1011390755.97684 32.905676264 6858273087.80792
1 chipseq 3793245764 0.000111023 28349.2336104227 0.003537152 28083.9555 0.00779869 28083.9555
1 atacseq_200.dot 14091675276 0.000908474 3570251.38321266 0.037551159 6428899.63089781 0.090857627 72234535.233147
1 eager_10000.dot 19100037384 0.958244176 226985800.660199 22.533847354 316983983.939156 852.229850445 2835837614.63839
1 atacseq_2000.dot 11187378708 0.021834623 55767658.7292678 0.845178754 60802669.9002712 3.301237725 598379978.480809
1 methylseq_10000.dot 11897958606 0.872674304 671531908.512247 26.28547468 672589042.012665 304.662278742 4454380443.18358
1 chipseq_200.dot 4605965334 0.000911781 53078.1372916666 0.032554813 2009566.23759751 0.069551121 4612306.4911167
1 methylseq_2000.dot 11897958606 0.04518037 133357392.789785 1.094229587 133557999.685103 6.315027022 841879116.333111
1 atacseq_200.dot 3908761308 0.000902801 69302.4685337144 0.038135912 32098.3048907123 0.08393313 32098.3048907123
1 eager_8000.dot 8330435694 1.052558565 168667191.725226 29.476097959 224830256.236188 828.885742482 1478424955.94485
1 atacseq_200.dot 2223941232 0.000853007 246097.168226803 0.039042552 20503.6007302425 0.08675489 20503.6007302425
1 chipseq_2000.dot 4807293396 0.020108385 58163775.7455085 0.759037633 68963335.1615367 3.545044271 1023171889.54407
1 eager_10000.dot 19075314980 0.962276184 228723806.074926 24.629593892 320552532.968542 534.15113353 2663887258.72521
1 eager_10000.dot 8330435694 1.626583302 216609057.547192 54.395245097 286904220.866406 1629.162498477 1875561589.12957
1 methylseq_200.dot 8885797810 0.00198513 5454114.56660463 0.043573212 3652811.39376667 0.088160805 14527340.7305757
1 chipseq 32978181418 0.000117659 8637070.21211834 0.003082182 8583227.15022185 0.006669559 12918925.8521809
1 methylseq_2000.dot 6761426956 0.045122576 72743064.102942 1.083677262 71637077.7624322 6.096952099 424233185.697175
1 atacseq_1000.dot 11187378708 0.007834696 21677646.338375 0.293641561 27232754.9998916 0.853834291 270155055.523309
1 eager 19100037384 0.000226154 2363861.07372951 0.01943589 2120173.8305106 0.045493966 2120173.8305106
1 chipseq_10000.dot 32978181418 0.255481418 2033305847.5485 6.48279866 1574125776.20183 220.027808416 12180290453.487
1 methylseq_2000.dot 110641579976 0.039777285 517243295.690319 1.108499407 503872688.422614 6.340518829 3429169606.80601
1 chipseq_8000.dot 3793245764 0.179023072 202504924.467405 6.216834942 252155952.561279 57.74764254 2513446482.9449
1 eager_4000.dot 19132169434 0.256331361 93566223.5452783 4.713151629 136148878.662719 44.43622081 1041048425.80611
1 chipseq_1000.dot 4807293396 0.008193606 24045388.3192422 0.291628457 32196308.9838539 0.929668251 455137859.056899
1 methylseq_200.dot 6761426956 0.001986859 4144867.1863555 0.041926662 2776129.46028846 0.087308243 11039992.7557788
1 methylseq 17027257018 0.000155736 21786.4952215523 0.001915123 21781.1225 0.003897246 21781.1225
1 eager_1000.dot 8330435694 0.012813182 16446077.1843235 0.653342099 15239604.4002917 1.982543422 93181256.0356
1 chipseq_4000.dot 3793245764 0.058460483 100192184.978291 2.029221442 113739001.891396 11.147750766 1240185915.67835
1 methylseq_200.dot 11897958606 0.002175429 12146916.9166326 0.042258706 12154627.3236169 0.095019323 52360529.9673402
1 atacseq_1000.dot 3908761308 0.007796443 9661080.888146 0.313177112 16117470.0223931 0.724757692 91267593.0611419
1 chipseq_1000.dot 3793245764 0.008899293 22218006.3567714 0.327089594 26604656.5955123 0.858940748 220343432.413568
1 atacseq_2000.dot 11809629756 0.021370299 57644165.3555599 0.835623915 60762326.7737402 3.244554174 632313847.034116
1 eager_4000.dot 8330435694 0.234961187 76361202.1970247 7.403187884 104244824.017869 92.00365718 678551733.334176
1 methylseq_200.dot 22500260922 0.002051877 3727473.89240389 0.042525513 3612496.28882875 0.110380377 119001421.339091
1 eager_4000.dot 14754556884 0.208391998 69370508.0274981 6.211714698 94352484.3617075 73.878526822 801121753.369828
1 methylseq 6761426956 0.000104419 10823.6756020843 0.001830686 10821.11475 0.003769109 10821.11475
1 eager_200.dot 19100037384 0.000851434 2377532.75147905 0.067409205 2120173.8305106 0.161094493 28173192.2822743
1 chipseq_1000.dot 5058052541 0.008163298 28413092.9301695 0.301478063 37229973.1633131 0.820859611 344936355.894924
1 methylseq_2000.dot 8885797810 0.045243943 95726943.8444217 1.093527212 94273493.8527238 6.15993618 558253762.939495
1 chipseq 41366257414 0.000113795 7521294.23353959 0.0028921 7473607.82256491 0.006348631 21925172.8883984
1 eager_2000.dot 19075314980 0.059666999 45940631.5705469 1.701596721 67652004.8733412 7.783457815 488959983.731625
1 eager_2000.dot 19132169434 0.0592387 45786544.6141556 1.709495167 66760695.8689062 8.234079572 493940809.888716
1 atacseq_200.dot 11187378708 0.000895218 211940.194576792 0.035887487 130976.742799788 0.086078968 29916654.4629195
1 atacseq_8000.dot 14091675276 0.244505101 454252606.398709 7.07424108 546618519.426915 115.96562236 3452801606.49826
1 eager_10000.dot 19132169434 0.966837188 228968140.777167 24.070729806 325242818.360874 568.291763007 2678257377.00658
1 methylseq_8000.dot 11897958606 0.549389963 535777389.258528 13.718523917 536617328.259031 173.20130225 3531083092.42909
1 eager_1000.dot 19075314980 0.014506725 23680680.3485355 0.593730514 28727230.6318457 1.993799689 217360089.703067
1 eager_10000.dot 25705994498 0.486747394 381472972.83779 37.345411024 364585738.750084 837.8337331 2120768851.16822
1 atacseq 11187378708 0.0001615 212700.219897097 0.006018606 130976.742799788 0.013674702 4877995.50375402
1 chipseq 5058052541 0.000113817 25699.6815608412 0.003337537 25449.829 0.007354579 25449.829
1 eager_8000.dot 14754556884 0.508092825 137379276.615137 24.106771277 205057721.974411 540.687825898 1636071535.6243
1 eager_10000.dot 14754556884 0.697069532 170182000.419509 40.903756049 265512300.318637 958.777262494 2066504661.60026
1 methylseq_8000.dot 6761426956 0.555179288 300489798.366088 13.437462857 300275421.634779 183.195264934 1797414019.29274
1 atacseq_10000.dot 11809629756 0.374248917 330525724.454144 12.23851462 317286747.099518 146.068520811 3386408736.17387
1 eager_200.dot 19075314980 0.000827619 2364283.51007709 0.067448887 2137663.00360144 0.165146026 27846611.0243149
1 chipseq 4807293396 0.000110178 21044.2142283653 0.003358168 20791.0451041667 0.007390219 20791.0451041667
1 methylseq_10000.dot 6761426956 0.862920266 377319060.973407 26.681691674 377404770.548199 316.826841528 2254681153.22428
1 methylseq_1000.dot 22500260922 0.017861623 20023201.4425729 0.334583157 24194233.0353427 1.485654736 669698059.229675
1 methylseq_8000.dot 22500260922 0.550427709 174989367.458312 13.117194586 221694950.684538 133.539749027 4757121217.10192
1 atacseq_1000.dot 2223941232 0.008006618 1162476.62525161 0.322757751 9354933.62095076 0.738172911 71091165.2831832
1 atacseq_4000.dot 3908761308 0.062829497 68607368.4702409 2.303671016 85107676.3574294 8.515666258 496941391.135775
1 chipseq_10000.dot 3793245764 0.265706144 256848115.851747 9.329427541 312997033.52316 102.390175937 3145578660.57898
1 eager_1000.dot 19132169434 0.014602822 22522244.4981037 0.581494186 28766030.2759556 1.98268358 214260086.921363
1 eager_8000.dot 25705994498 0.33225057 306881031.505946 21.916410391 287909143.97888 482.529863345 1655552329.40323
1 methylseq_2000.dot 17027257018 0.045260956 190767214.010903 1.095815329 190989096.039411 5.772320677 1648654205.15658
1 methylseq_4000.dot 6761426956 0.145506081 148204647.609774 4.076372441 147395915.883038 33.294590694 882879751.42957
1 chipseq_8000.dot 4807293396 0.170182719 256416132.405211 7.777648331 274205879.672302 69.266193888 3606276337.92579
1 eager_4000.dot 19100037384 0.242282252 91534448.393894 4.64295386 138814280.60383 55.639073053 1146785893.24889
1 eager_2000.dot 14754556884 0.068231495 34440353.234897 2.003298251 38896787.4117714 12.661702948 374165845.295891
1 methylseq_4000.dot 22500260922 0.151515939 86654276.1806351 3.376725411 109037366.827125 25.242033012 2474188806.28784
1 atacseq_8000.dot 2223941232 0.242053498 86831994.1632697 10.070561185 106166244.50037 76.253438874 1900185442.3832
1 chipseq_200.dot 41366257414 0.001048903 26689555.1810012 0.028303331 22445701.2449322 0.06509567 168554272.877144
1 eager_200.dot 19132169434 0.000826024 2394491.85553968 0.06908906 2517079.41814834 0.167582329 28048080.8892559
1 atacseq_4000.dot 2223941232 0.072789108 38941975.1140559 2.875847969 50807281.4917655 12.762604376 855469658.328327
1 chipseq_10000.dot 41366257414 0.292072871 1642832796.40209 3.273375364 850291124.460441 109.556509985 9813443269.30615
1 chipseq_4000.dot 4605965334 0.060917814 120300946.103797 2.112176785 131077549.978791 11.360320882 1137849711.44146
1 atacseq_10000.dot 2223941232 0.370668866 109889802.391204 15.282692701 134501018.900957 132.403879576 2436842775.33208
1 eager_2000.dot 8330435694 0.047126256 34801386.461834 1.830213602 42714223.7722416 10.573147307 263884455.020672
1 methylseq_4000.dot 11897958606 0.147159266 266689864.62659 4.058000287 267105308.903631 35.031405745 1728612235.85229
1 chipseq_4000.dot 4807293396 0.054898158 125725973.286943 2.275011886 138093809.933272 17.484989595 1907061300.56471
1 eager_200.dot 14754556884 0.000819566 533039.328117464 0.067532099 494984.917214543 0.162108293 25667626.138798
1 chipseq 4605965334 0.000113582 26794.098850856 0.00349303 26539.0686458333 0.007698378 26539.0686458333
1 methylseq_2000.dot 6273818718 0.048675902 38217755.161041 0.935173663 37022505.8557502 5.204600527 817479454.818512
1 atacseq 2223941232 0.000158298 22401.3643589421 0.006509228 19154.6624385758 0.014616078 19570.2478552425
1 methylseq_1000.dot 17027257018 0.016452091 93665128.5972349 0.360104383 93767507.3260194 1.442303538 783424078.478792
1 chipseq_8000.dot 4605965334 0.183297215 243054975.243748 6.193220552 289885287.07066 63.583269054 2427783741.18928
1 atacseq_2000.dot 2223941232 0.028068582 16993106.7121078 0.965183655 23481096.4982585 2.72507569 276953176.324349
1 methylseq_200.dot 6273818718 0.001956182 29578.3285704002 0.041676083 29576.271875 0.086735976 29576.271875
1 atacseq_8000.dot 11187378708 0.24269288 254961252.378026 7.925366703 246209668.644235 82.911554304 2533915043.95363
1 methylseq 8885797810 0.000107054 14044.6252774997 0.001865244 14042.3765 0.0038333 14042.3765
1 methylseq_10000.dot 22500260922 0.841561717 220900477.981055 21.424224269 277795428.984758 234.578488051 5973859429.20429
1 methylseq_1000.dot 6761426956 0.016545562 34328076.3902786 0.362062486 33076974.2570238 1.406455058 195599619.404571
1 chipseq_2000.dot 3793245764 0.02216207 50633523.0101736 0.793133265 54192664.8945862 2.895296765 594396639.955048
1 methylseq_1000.dot 8885797810 0.016446292 45174161.6974692 0.358494315 43526094.1032928 1.391050618 257391808.447751
1 eager 19132169434 0.000226566 2380798.56140381 0.019396678 2137561.7111017 0.044701214 2137561.7111017
1 methylseq_10000.dot 17027257018 0.875642848 960648082.045258 24.544032613 961817039.835737 246.280425262 7116835251.21528
1 eager_200.dot 8330435694 0.000818838 91573.888733754 0.068638233 83102.6495247972 0.162322647 83059.0033789638
1 atacseq 11809629756 0.000163055 381404.876590184 0.006045994 205906.987308169 0.013692921 5299227.76159214
1 chipseq_10000.dot 4807293396 0.255422322 322827886.224212 11.453640011 342134429.152874 117.818489937 4164965982.5471
