algo_nr wf_name inp_size dur_alg1 ms_1 dur_alg2 ms_2 dur_alg3 ms_3
3 eager 19075314980 0.001146209 1686565.77029527 0.021303653 1591132.86391477 0.046978666 2137663.00360144
3 eager_1000.dot 25705994498 0.213103427 29661095.9539207 0.769809609 8879103.33490497 2.750532124 190823305.972989
3 methylseq_1000.dot 110641579976 0.23247571 265442678.311565 0.627476591 509845770.573078 1.896287782 1713884393.11095
3 chipseq_200.dot 5058052541 0.00613808 2115384.50049354 0.038442353 50899.658 0.098195759 3797865.38990929
3 methylseq_1000.dot 6273818718 0.226646572 16577352.899341 0.598706886 294725.542788961 1.469993758 341355654.179553
3 chipseq_4000.dot 41366257414 6.624524023 653079704.049382 13.491672875 295256305.41575 25.192802407 3899166251.89885
3 atacseq_2000.dot 14091675276 1.130933289 107054341.063875 2.546844409 6242141.84524189 6.019589591 826861084.689971
3 atacseq_1000.dot 11809629756 0.225555515 22393366.1377218 0.558827703 1050845.32820546 1.146729181 283284437.309014
3 methylseq_200.dot 17027257018 0.008218291 17370651.6589244 0.047764223 132005.481636256 0.102081361 100738193.094428
3 methylseq_8000.dot 110641579976 55.517300653 2032784114.06294 127.785040137 3522607973.9062 468.392588147 13697281723.6332
3 atacseq_8000.dot 3908761308 77.279271702 134658677.285797 144.310297046 1227795.77410076 180.030340452 1048919296.93901
3 methylseq_8000.dot 17027257018 61.002042373 766445342.928126 131.56861344 4884271.72092665 313.181342557 5942768557.38384
3 atacseq_10000.dot 14091675276 131.004446541 573262120.983574 256.681542062 29821181.2301422 511.485564468 4326010572.56367
3 eager_2000.dot 25705994498 1.366394762 65938830.9797141 3.119593708 17452461.1330651 14.285461403 384121531.017996
3 eager_1000.dot 14754556884 0.177628741 15358109.0645015 0.704037043 1119644.36701485 2.759850099 164928669.179328
3 methylseq_10000.dot 8885797810 135.980450386 496538313.743476 332.735927543 2979639.72601478 1052.362039385 2966964632.35559
3 atacseq_4000.dot 11809629756 7.122449021 128268326.625532 15.141428691 3782888.52590755 29.113392316 1357556118.85375
3 atacseq_1000.dot 14091675276 0.15315815 51894565.0394302 0.474327661 3467727.64210662 1.289048233 394157415.733603
3 methylseq_4000.dot 6273818718 5.643437093 78948380.4621975 12.647132889 1175707.00572451 44.006285926 1784038861.27483
3 chipseq_1000.dot 4605965334 0.162806789 25511436.3525571 0.489247324 187286.119270834 1.040166673 293752889.333202
3 atacseq_200.dot 11809629756 0.007396591 214579.660800601 0.046972711 210375.859224425 0.099640332 32344998.5942623
3 eager_8000.dot 19075314980 79.446279346 176179237.903121 162.164776144 167651548.001485 712.096404489 2108123999.42571
3 methylseq_10000.dot 110641579976 135.284881863 2539308717.78543 284.124621842 4356900356.7189 958.539671592 17129320073.7848
3 methylseq_2000.dot 22500260922 0.874536223 42071429.1187588 2.41937303 6837900.52363494 8.81603311 1363840309.15778
3 chipseq_200.dot 32978181418 0.006388259 26236695.4722595 0.036354459 19427530.0063895 0.086593169 200089769.496868
3 chipseq_2000.dot 4605965334 1.020586627 58108603.718529 2.335460439 374068.025624999 4.682350818 619596028.229606
3 atacseq_8000.dot 11809629756 60.206890053 269838332.687249 123.598648392 10152345.6793151 204.15333198 2667799235.37036
3 chipseq_200.dot 4807293396 0.006149396 2008541.84411421 0.038680691 41582.0902083333 0.076436254 2334632.01926643
3 chipseq_200.dot 3793245764 0.006064168 56167.911 0.03930039 56167.911 0.076906503 1930588.15302372
3 eager_8000.dot 19132169434 81.55669645 178073875.507112 182.4152194 88185124.673374 704.78077286 2155185273.62201
3 atacseq_10000.dot 11187378708 130.793555993 326004253.248179 251.52374581 8482940.91977366 390.37273704 3239291915.48782
3 atacseq 3908761308 0.000640576 35782.6967751097 0.007718392 34536.204682091 0.016126221 30633.9243907123
3 atacseq_4000.dot 11187378708 6.389382788 123887899.837486 13.631366702 2432929.11263839 28.097277787 1295429544.35052
3 chipseq_4000.dot 32978181418 5.78223025 800767079.246092 12.41475225 294310296.764406 35.307213513 4843719256.41429
3 eager_4000.dot 19075314980 6.569630221 91119450.0972397 16.289908904 81411648.8167481 57.751026185 1003630060.99648
3 methylseq_4000.dot 17027257018 5.77003867 381505568.698377 13.033212732 1857942.4927856 40.504050258 3454728511.77526
3 chipseq_1000.dot 41366257414 0.161609374 153467901.561675 0.44875757 83059661.7127571 1.050809234 941440310.813232
3 atacseq_10000.dot 3908761308 122.335831053 166353407.066867 258.773129057 1508539.27751308 326.601709301 1341236339.87298
3 eager_1000.dot 19100037384 0.217886688 22486673.5845434 0.766234241 11098795.8348146 2.088619476 223725390.441081
3 atacseq 14091675276 0.000663335 726869.196754551 0.006927644 693313.438971321 0.013723779 3841834.02545946
3 methylseq_1000.dot 11897958606 0.23332945 65479529.1465727 0.629440931 521490.454928366 1.803443443 403983700.674324
3 atacseq_2000.dot 3908761308 0.948955974 28565246.0176462 2.283084726 316090.359854485 3.994239102 223180834.32372
3 methylseq 11897958606 0.000213763 18441.8166653709 0.002044194 18433.2545 0.004370379 18427.5635
3 eager 14754556884 0.001187727 243399.19098272 0.022275771 199924.015789395 0.049502988 5178911.6732625
3 chipseq_2000.dot 32978181418 0.899258897 388965873.567516 2.031357937 150232413.6113 5.910503688 2381539167.05581
3 eager_2000.dot 19100037384 1.017826203 45038874.2306569 2.732890572 22366687.348378 10.07356777 513999312.022871
3 chipseq_2000.dot 5058052541 0.920789037 65760931.8581424 2.181854544 357644.645374999 4.227332342 744195588.150731
3 atacseq_4000.dot 14091675276 7.522962419 227634841.116364 15.604853147 11790970.2515125 37.236130124 1676692094.60888
3 eager_200.dot 25705994498 0.006852801 1937903.10110131 0.074027987 3004865.89119275 0.182429492 24880527.3540225
3 methylseq_200.dot 110641579976 0.008394671 56849221.0264498 0.049108048 127231998.054657 0.118085563 329256639.303286
3 methylseq 6273818718 0.000217737 9950.21661322558 0.002160133 9940.947125 0.004243158 9936.834125
3 eager 25705994498 0.001176898 1914742.75485037 0.021674156 3004809.41167488 0.047544035 6757950.77153154
3 methylseq_4000.dot 8885797810 5.994554981 195031741.397237 12.951457428 1197650.18463976 47.025068282 1161792906.72696
3 chipseq_2000.dot 41366257414 0.947789722 320031924.601843 2.180876605 146724717.102766 4.601139688 1925576919.9262
3 chipseq_8000.dot 5058052541 63.756664812 278927117.221245 130.13801676 1379140.10775001 173.659679118 2429639134.40387
3 methylseq_8000.dot 8885797810 58.344835186 395433676.633441 139.935162338 3150114.05738618 452.907506231 2365240723.37207
3 chipseq_8000.dot 41366257414 75.324295114 1316053566.31648 140.383004641 571087693.113197 208.409543351 7863825332.09166
3 methylseq_8000.dot 6273818718 80.522316017 162662393.327603 152.055934754 2351383.11459007 372.277432861 2987138968.44685
3 chipseq_1000.dot 32978181418 0.155610248 185458019.392453 0.486623888 76302894.5924463 1.390821855 1171660915.54545
3 methylseq_10000.dot 6273818718 140.838289885 204722710.163309 282.20073502 2944175.06412229 829.145531024 3587223590.33847
3 chipseq_10000.dot 4605965334 126.458500548 315017111.479353 250.437132391 1789714.49635415 360.47174103 3029288076.37538
3 methylseq 22500260922 0.000213247 127455.682323359 0.00206968 127447.968325124 0.004057082 127438.67936679
3 methylseq 110641579976 0.000221589 19083317.1858612 0.002093415 19083305.3227388 0.004051895 19083288.645325
3 chipseq_8000.dot 32978181418 67.660173166 1623830980.78901 135.313061527 586246665.169032 279.195785781 9732831282.62748
3 chipseq_4000.dot 5058052541 5.373432481 135690991.125148 11.511705381 689839.461750001 20.336061742 1384438590.9966
3 eager 8330435694 0.001161558 84099.6815487567 0.021698699 58553.2936223401 0.048998559 83059.0033789637
3 eager_4000.dot 25705994498 7.381278884 146164914.29932 19.509277753 34231875.4198246 96.703436635 805231005.668918
3 methylseq_4000.dot 110641579976 6.170431797 1023778846.23022 13.639155736 1807646456.42906 48.525579531 6858273087.80792
3 chipseq 3793245764 0.000374529 28482.0629183208 0.004166865 28083.9555 0.008504401 28083.9555
3 atacseq_200.dot 14091675276 0.007514527 1671072.97696585 0.045410151 694473.886221321 0.100876611 72234535.233147
3 atacseq_2000.dot 11187378708 1.211240904 55050788.7636669 2.711291693 1216465.00331208 5.438490642 598379978.480809
3 methylseq_10000.dot 11897958606 136.274968823 671531928.464207 288.540573522 3909971.44618243 917.341082577 4454380443.18358
3 chipseq_200.dot 4605965334 0.006312942 53078.1372916666 0.039629675 53078.1372916666 0.078477681 4612306.4911167
3 methylseq_2000.dot 11897958606 0.941112439 133357407.490516 2.307272719 1042950.21341427 8.128564014 841879116.333111
3 atacseq_200.dot 3908761308 0.007309236 61192.1567803347 0.04939969 35753.126067165 0.09727836 32098.3048907123
3 atacseq_200.dot 2223941232 0.007369516 55569.046010735 0.048539564 23727.0014391561 0.095591978 20503.6007302425
3 chipseq_2000.dot 4807293396 0.860896678 58020768.5732146 2.101162119 292068.591875 5.172767884 1023171889.54407
3 eager_10000.dot 19075314980 153.974136883 222038739.110054 324.602466152 210140079.337803 1190.015059948 2663887258.72521
3 methylseq_200.dot 8885797810 0.008071798 5454137.35563921 0.047564675 85129.5136987825 0.128936514 14527340.7305757
3 chipseq 32978181418 0.000360535 8600375.01530265 0.003692156 8512450.16992881 0.007367639 12918925.8521809
3 methylseq_2000.dot 6761426956 1.146003225 72743075.9781461 2.425431092 604918.926418467 7.92276271 424233185.697175
3 atacseq_1000.dot 11187378708 0.151333416 21227538.1642089 0.484710647 675911.506066219 1.065617573 270155055.523309
3 eager 19100037384 0.001157008 1698017.53495297 0.020989889 1602634.86102724 0.046710829 2120173.8305106
3 chipseq_10000.dot 32978181418 130.5074655 2032493799.64735 232.317356511 730324548.686042 601.794594965 12180290453.487
3 methylseq_2000.dot 110641579976 0.90395683 517243322.377771 2.229338171 957897687.982091 8.426105148 3429169606.80601
3 chipseq_8000.dot 3793245764 80.139669631 204251649.444975 139.400525559 1527735.29175 195.893265337 2513446482.9449
3 chipseq_1000.dot 4807293396 0.155604113 22316882.3686338 0.527167515 146133.691979167 1.200359846 455137859.056899
3 methylseq_200.dot 6761426956 0.008109102 4144890.69896243 0.048346922 64835.3607539516 0.096268594 11039992.7557788
3 methylseq 17027257018 0.000210466 21799.6016884726 0.002068848 21791.8675 0.004068097 21781.1225
3 eager_1000.dot 8330435694 0.161160138 15166589.1763525 0.685822389 277167.869589888 2.036777422 93181256.0356
3 chipseq_4000.dot 3793245764 7.904055487 101811624.451362 14.632416135 764489.962250005 24.837461358 1240185915.67835
3 methylseq_200.dot 11897958606 0.008244694 12146931.617363 0.047559658 111682.53316266 0.104408298 52360529.9673402
3 atacseq_1000.dot 3908761308 0.149576478 10587847.3915971 0.48958838 175109.203710825 0.906939085 91267593.0611419
3 chipseq_1000.dot 3793245764 0.151638312 21952187.4163445 0.474511345 198454.637625 1.019483203 220343432.413568
3 atacseq_2000.dot 11809629756 0.951314091 58721145.3159236 2.29407812 1892090.27312399 4.820898016 632313847.034116
3 eager_4000.dot 8330435694 8.481643751 75464996.5983094 17.432181177 1151615.78215073 119.643622483 678551733.334176
3 methylseq_200.dot 22500260922 0.008115512 3727490.45564182 0.047758532 2994798.22754299 0.114213829 119001421.339091
3 eager_4000.dot 14754556884 6.365437987 69899518.3560137 15.066483743 5234013.06085101 93.43422527 801121753.369828
3 methylseq 6761426956 0.0002124 10835.5515944213 0.002091555 10826.236 0.004122969 10821.11475
3 eager_200.dot 19100037384 0.0067368 2377656.45769036 0.075346456 2882327.30251765 0.172782696 28173192.2822743
3 chipseq_1000.dot 5058052541 0.151162573 28148005.8998124 0.471482001 178957.026625 1.019244821 344936355.894924
3 methylseq_2000.dot 8885797810 1.213321427 95726954.7825646 2.568811793 795020.51906161 8.179787753 558253762.939495
3 chipseq 41366257414 0.000358958 10013730.0218739 0.003389505 7442496.61851313 0.006925921 21925172.8883984
3 eager_2000.dot 19075314980 1.067389106 45803472.637287 2.857547766 40186037.9045202 9.49462506 488959983.731625
3 eager_2000.dot 19132169434 1.025628703 46453008.936685 2.756387552 22186200.8543356 9.642392959 493940809.888716
3 atacseq_200.dot 11187378708 0.007358346 220770.749946294 0.046266043 135652.046813244 0.097690107 29916654.4629195
3 atacseq_8000.dot 14091675276 73.187662484 455972353.179615 123.43940361 24272933.0474965 239.617619898 3452801606.49826
3 methylseq_8000.dot 11897958606 63.208167859 535777400.665973 132.678999477 4132473.35396448 375.368957857 3531083092.42909
3 eager_1000.dot 19075314980 0.217465632 22466225.1043957 0.728513737 17692121.8899972 2.257961774 217360089.703067
3 atacseq 11187378708 0.000646088 133550.597733489 0.007239284 134771.720806125 0.015001181 4877995.50375402
3 chipseq 5058052541 0.000361683 25824.0253947096 0.003992395 25449.829 0.008086948 25449.829
3 eager_10000.dot 14754556884 144.293107141 173132237.919259 318.067421212 12449734.3879943 1688.324525985 2066504661.60026
3 methylseq_8000.dot 6761426956 60.923814704 300489810.242081 155.391849401 2397997.79837464 430.61681276 1797414019.29274
3 atacseq_10000.dot 11809629756 132.769299045 330851830.183042 267.072844173 13309041.9392606 536.561053498 3386408736.17387
3 eager_200.dot 19075314980 0.006807143 2364410.42959767 0.074066732 4090454.53463957 0.176587511 27846611.0243149
3 chipseq 4807293396 0.000365165 21170.3715997822 0.00411601 20791.0451041667 0.008440408 20791.0451041667
3 methylseq_10000.dot 6761426956 131.665643289 377319060.973378 326.229838831 3002891.28949392 946.029699724 2254681153.22428
3 methylseq_1000.dot 22500260922 0.182567653 20023201.4425729 0.565551766 3517460.8537988 1.799751253 669698059.229675
3 methylseq_8000.dot 22500260922 55.7180696 174989385.477301 130.349636385 19344872.0672622 278.365145749 4757121217.10192
3 atacseq_1000.dot 2223941232 0.159829269 1027509.30633042 0.519696364 1324009.94337911 0.962920728 71091165.2831832
3 atacseq_4000.dot 3908761308 9.46507031 66340239.1107522 18.06552225 630963.798323895 25.012620494 496941391.135775
3 chipseq_10000.dot 3793245764 132.606714829 256970709.627087 242.158400653 1895938.29512498 340.237852462 3145578660.57898
3 eager_1000.dot 19132169434 0.171877501 22645011.4873189 0.6857996 10548572.1103794 2.191516979 214260086.921363
3 eager_8000.dot 25705994498 72.820436915 292147251.511217 163.2865068 66909718.2419115 961.998182475 1655552329.40323
3 methylseq_2000.dot 17027257018 0.900453227 190767242.348511 2.236412897 1232690.78414465 7.218035833 1648654205.15658
3 methylseq_4000.dot 6761426956 5.732946189 148204659.48533 12.722743548 1199011.61683693 48.122364042 882879751.42957
3 chipseq_8000.dot 4807293396 59.469620314 257462582.653385 125.79273242 1126294.693125 190.925519038 3606276337.92579
3 eager_4000.dot 19100037384 6.68915121 93319025.7620444 15.224988666 44468356.6052687 70.938163102 1146785893.24889
3 eager_2000.dot 14754556884 1.06052012 35665374.9637723 2.861912245 2099269.65438976 15.328167085 374165845.295891
3 methylseq_4000.dot 22500260922 6.581968021 86654276.1806351 13.612757814 9541868.17148055 38.955644748 2474188806.28784
3 atacseq_8000.dot 2223941232 50.780128427 85103069.9173928 120.855866294 11197722.4936501 193.648100353 1900185442.3832
3 chipseq_200.dot 41366257414 0.006658283 28829891.9343737 0.03392544 21642798.0435132 0.072132956 168554272.877144
3 eager_200.dot 19132169434 0.006685535 2394616.8653589 0.072427692 2912459.08000196 0.170761141 28048080.8892559
3 atacseq_4000.dot 2223941232 9.344253897 38517329.1883397 17.925022196 5603372.31005211 28.8375919 855469658.328327
3 chipseq_10000.dot 41366257414 134.890826855 1640411770.27876 271.40865767 719619281.42618 439.392860976 9813443269.30615
3 chipseq_4000.dot 4605965334 8.489009757 118793309.960683 16.753738036 721596.982604161 27.487351292 1137849711.44146
3 atacseq_10000.dot 2223941232 142.282645786 101071025.652288 266.515502396 14160767.1700647 524.599839594 2436842775.33208
3 eager_2000.dot 8330435694 1.025599617 34214852.3539622 2.817258734 563700.785964676 12.258227773 263884455.020672
3 methylseq_4000.dot 11897958606 5.320414807 266689876.03384 11.979409133 1571588.48368254 46.889560928 1728612235.85229
3 chipseq_4000.dot 4807293396 6.414552282 126082492.66303 14.008807702 563346.13864583 31.08029492 1907061300.56471
3 chipseq 4605965334 0.000376941 26921.7134022807 0.004129594 26539.0686458333 0.008444627 26539.0686458333
3 methylseq_2000.dot 6273818718 0.972376939 38217755.1611296 2.357261955 592822.846391171 7.160817575 817479454.818512
3 atacseq 2223941232 0.000652352 23189.5240151692 0.00767329 22981.0314324834 0.016029514 19570.2478552425
3 methylseq_1000.dot 17027257018 0.178315426 93665128.5972349 0.534664238 616367.197294116 1.680003218 783424078.478792
3 chipseq_8000.dot 4605965334 67.649473038 239807863.645286 133.903041407 1442185.53937499 196.40466045 2427783741.18928
3 atacseq_2000.dot 2223941232 1.003767672 14137058.6418306 2.330641885 2641657.50697081 4.29016288 276953176.324349
3 methylseq_200.dot 6273818718 0.008072747 29599.5453457116 0.047394883 62935.1357245051 0.094656494 29576.271875
3 atacseq_8000.dot 11187378708 79.991814715 254288564.195017 142.687196429 6119588.87042001 225.217720774 2533915043.95363
3 methylseq 8885797810 0.000215824 14055.5640314055 0.002068266 14046.87375 0.004067609 14042.3765
3 methylseq_10000.dot 22500260922 135.429518828 220900494.544293 265.878245979 23306894.1528449 744.241805633 5973859429.20429
3 methylseq_1000.dot 6761426956 0.256444464 34328076.3904462 0.597298588 302473.461171339 1.703474719 195599619.404571
3 chipseq_2000.dot 3793245764 0.876464311 48683189.6355524 2.151438255 396286.958874999 4.246840222 594396639.955048
3 methylseq_1000.dot 8885797810 0.183322133 45174182.2378788 0.543566173 397519.871273426 1.636187545 257391808.447751
3 eager 19132169434 0.001183707 1713487.73796765 0.021824555 1618364.71826836 0.048308429 2137561.7111017
3 methylseq_10000.dot 17027257018 137.722106238 960648099.63756 280.09507295 4622404.36070226 728.852026262 7116835251.21528
3 eager_200.dot 8330435694 0.006707285 91563.5684660659 0.07518254 58553.2936223401 0.169002241 83059.0033789638
3 atacseq 11809629756 0.000651841 209849.234349806 0.007288792 209858.875266092 0.015080027 5299227.76159214
3 chipseq_10000.dot 4807293396 114.810300037 324073480.656056 243.167415497 1397572.23989583 356.063513133 4164965982.5471
