algo_nr wf_name inp_size dur_alg1 ms_1 dur_alg2 ms_2 dur_alg3 ms_3
3 eager 19075314980 0.001176725 2350652.50935848 0.021282697 1591132.86391477 0.047171497 2137663.00360144
3 eager_1000.dot 25705994498 0.175314512 29716984.1656794 0.694384483 8879103.33490497 2.703351084 190823305.972989
3 methylseq_1000.dot 110641579976 0.234470475 265442652.00677 0.628446965 509845770.573078 1.983480717 1713884393.11095
3 chipseq_200.dot 5058052541 0.006193245 2115115.09261854 0.038148205 50899.658 0.075962269 3797865.38990929
3 methylseq_1000.dot 6273818718 0.248690209 16577331.6827678 0.709626531 294725.542788961 1.602228558 341355654.179553
3 chipseq_4000.dot 41366257414 6.839372935 653112969.733841 18.046837271 295256305.41575 29.753461812 3899166251.89885
3 atacseq_2000.dot 14091675276 0.928285161 107353679.321851 2.322058408 6242141.84524189 6.102506732 826861084.689971
3 atacseq_1000.dot 11809629756 0.1864299 22263177.3986267 0.556971055 1050845.32820546 1.320026507 283284437.309014
3 methylseq_200.dot 17027257018 0.008305534 17370623.3213168 0.048325239 132005.481636256 0.10346625 100738193.094428
3 methylseq_8000.dot 110641579976 71.917178315 2032784089.75814 163.499739909 3522607973.9062 486.760694607 13697281723.6332
3 atacseq_8000.dot 3908761308 78.926136349 137781377.254899 154.753670136 1227795.77410076 192.411918822 1048919296.93901
3 methylseq_8000.dot 17027257018 65.970067641 766445329.821659 148.533062904 4884271.72092665 293.287257195 5942768557.38384
3 atacseq_10000.dot 14091675276 136.278840647 573373034.230803 275.253479989 29821181.2301422 621.090831117 4326010572.56367
3 eager_2000.dot 25705994498 1.120371124 68081047.3273573 2.884469848 17452461.1330651 13.548243649 384121531.017996
3 eager_1000.dot 14754556884 0.173579945 15130597.8494543 0.726689162 1119644.36701485 2.798628879 164928669.179328
3 methylseq_10000.dot 8885797810 140.171067168 496538313.743476 330.008764171 2979639.72601478 1016.20207242 2966964632.35559
3 atacseq_4000.dot 11809629756 6.716084154 127821871.234456 18.002678216 3782888.52590755 31.192333072 1357556118.85375
3 atacseq_1000.dot 14091675276 0.194403533 51571859.8336057 0.555670625 3467727.64210662 1.554234451 394157415.733603
3 methylseq_4000.dot 6273818718 8.282413171 78948366.8079313 16.965407206 1175707.00572451 48.780481573 1784038861.27483
3 chipseq_1000.dot 4605965334 0.147822505 26167994.6434904 0.45369996 187286.119270834 0.98913624 293752889.333202
3 atacseq_200.dot 11809629756 0.007194265 384491.594393503 0.045543409 210375.859224425 0.0958041 32344998.5942623
3 eager_8000.dot 19075314980 66.059068469 180830085.040323 161.278817309 167651548.001485 703.722876143 2108123999.42571
3 methylseq_10000.dot 110641579976 132.933402228 2539308695.48064 279.73697844 4356900356.7189 966.067776856 17129320073.7848
3 methylseq_2000.dot 22500260922 0.957778117 42071416.7605116 2.323573073 6837900.52363494 8.251299651 1363840309.15778
3 chipseq_200.dot 32978181418 0.006079084 23988816.5122922 0.035162329 19427530.0063895 0.081755936 200089769.496868
3 chipseq_2000.dot 4605965334 0.858639389 56840145.2976 2.111738281 374068.025624999 4.522130555 619596028.229606
3 atacseq_8000.dot 11809629756 76.514723425 269518492.366896 153.811806435 10152345.6793151 236.217400497 2667799235.37036
3 chipseq_200.dot 4807293396 0.006100278 2008343.05203088 0.048858118 41582.0902083333 0.100148365 2334632.01926643
3 chipseq_200.dot 3793245764 0.005945801 56167.911 0.038583729 56167.911 0.076383444 1930588.15302372
3 eager_8000.dot 19132169434 89.580342658 185091051.587225 182.215232015 88185124.673374 702.470109543 2155185273.62201
3 atacseq_10000.dot 11187378708 126.702371253 325143543.884886 257.476346523 8482940.91977366 475.956636193 3239291915.48782
3 chipseq_10000.dot 5058052541 120.28466307 350348558.523843 251.452263931 1711334.92412502 327.049279845 3259058759.88623
3 atacseq 3908761308 0.000633651 35782.6967751097 0.007353146 34536.204682091 0.015309109 30633.9243907123
3 atacseq_4000.dot 11187378708 7.232192778 122372186.733814 19.445569643 2432929.11263839 32.819119298 1295429544.35052
3 chipseq_4000.dot 32978181418 7.589032462 800879662.992444 14.316149216 294310296.764406 35.1131003 4843719256.41429
3 eager_4000.dot 19075314980 7.50641585 93287941.5969263 20.245797864 81411648.8167481 59.511266137 1003630060.99648
3 methylseq_4000.dot 17027257018 6.31878001 381505555.592023 14.231320595 1857942.4927856 41.753175225 3454728511.77526
3 chipseq_1000.dot 41366257414 0.15306333 153248216.482243 0.427642712 83059661.7127571 0.997007139 941440310.813232
3 atacseq_10000.dot 3908761308 140.71196932 171190028.092541 268.507815021 1508539.27751308 331.928116043 1341236339.87298
3 eager_1000.dot 19100037384 0.226684006 23054213.5931923 0.829817147 11098795.8348146 2.254862413 223725390.441081
3 atacseq 14091675276 0.000647987 1671199.3646578 0.007049084 693313.438971321 0.013654017 3841834.02545946
3 methylseq_1000.dot 11897958606 0.230487304 65479529.1465727 0.61227555 521490.454928366 1.905202472 403983700.674324
3 atacseq_2000.dot 3908761308 0.90521925 29347652.3419191 2.348692436 316090.359854485 4.097076257 223180834.32372
3 methylseq 11897958606 0.000214416 18430.4091406487 0.002154379 18433.2545 0.004231927 18427.5635
3 eager 14754556884 0.00116085 520316.533417865 0.021849123 199924.015789395 0.048503538 5178911.6732625
3 chipseq_2000.dot 32978181418 0.824506388 388651041.464148 2.01442536 150232413.6113 5.947076921 2381539167.05581
3 eager_2000.dot 19100037384 1.111945666 45978298.6079801 2.858665891 22366687.348378 10.400952286 513999312.022871
3 chipseq_2000.dot 5058052541 0.950245154 65964399.5748485 2.293970749 357644.645374999 4.469675605 744195588.150731
3 atacseq_4000.dot 14091675276 8.729479591 226516087.868545 19.664199149 11790970.2515125 39.264463876 1676692094.60888
3 eager_200.dot 25705994498 0.006599253 1937799.37065955 0.072067485 3004865.89119275 0.176406187 24880527.3540225
3 methylseq_200.dot 110641579976 0.008154223 56849194.6502032 0.047346114 127231998.054657 0.114211209 329256639.303286
3 methylseq 6273818718 0.000223587 9938.89082040022 0.002085019 9940.947125 0.004516751 9936.834125
3 eager 25705994498 0.001136892 1844311.35151713 0.020902081 3004809.41167488 0.046123379 6757950.77153154
3 methylseq_4000.dot 8885797810 7.772133446 195031732.076246 16.096275264 1197650.18463976 49.953434095 1161792906.72696
3 chipseq_2000.dot 41366257414 0.913125781 320774700.619118 2.155848087 146724717.102766 4.75686276 1925576919.9262
3 chipseq_8000.dot 5058052541 53.270892192 277468765.332168 114.615865718 1379140.10775001 158.483334812 2429639134.40387
3 methylseq_8000.dot 8885797810 61.950448867 395433667.312351 148.207192725 3150114.05738618 396.799477761 2365240723.37207
3 chipseq_8000.dot 41366257414 81.508406048 1317489432.43436 161.436289794 571087693.113197 231.959577377 7863825332.09166
3 methylseq_8000.dot 6273818718 66.141059313 162662269.223999 155.219267805 2351383.11459007 309.929928603 2987138968.44685
3 chipseq_1000.dot 32978181418 0.156610395 185484663.616609 0.434470929 76302894.5924463 1.277837525 1171660915.54545
3 methylseq_10000.dot 6273818718 143.230759962 204722586.059564 330.151728428 2944175.06412229 895.431306015 3587223590.33847
3 chipseq_10000.dot 4605965334 124.644851485 313411621.170602 263.96071635 1789714.49635415 417.99465713 3029288076.37538
3 methylseq 22500260922 0.000220365 127443.323986769 0.002032952 127447.968325124 0.003975261 127438.67936679
3 methylseq 110641579976 0.00021853 19083290.7090659 0.002264803 19083305.3227388 0.004448814 19083288.645325
3 chipseq_8000.dot 32978181418 65.419026221 1620796718.90464 132.707064021 586246665.169032 260.517291987 9732831282.62748
3 chipseq_4000.dot 5058052541 6.650166363 138322522.942957 17.100352433 689839.461750001 26.244390061 1384438590.9966
3 eager 8330435694 0.001146618 58467.1674906391 0.022576995 58553.2936223401 0.050653452 83059.0033789637
3 eager_4000.dot 25705994498 9.054593799 147953771.608552 18.613591218 34231875.4198246 92.5361935 805231005.668918
3 eager_8000.dot 19100037384 66.064387075 180877882.108817 160.638174218 88746528.8643072 944.822705213 2306016966.85236
3 methylseq_4000.dot 110641579976 6.376569364 1023778821.85397 14.385462267 1807646456.42906 48.575283685 6858273087.80792
3 chipseq 3793245764 0.000351614 28083.9555 0.00411264 28083.9555 0.008450661 28083.9555
3 atacseq_200.dot 14091675276 0.007174586 1660774.21023791 0.044307606 694473.886221321 0.098129326 72234535.233147
3 eager_10000.dot 19100037384 149.654814918 227063544.422091 340.344643903 110848219.593823 1627.975118491 2835837614.63839
3 atacseq_2000.dot 11187378708 1.056065904 55382891.7250143 2.528377959 1216465.00331208 5.153576518 598379978.480809
3 methylseq_10000.dot 11897958606 139.090258702 671531908.512337 297.699204306 3909971.44618243 861.121333193 4454380443.18358
3 chipseq_200.dot 4605965334 0.006034214 53078.1372916666 0.038291919 53078.1372916666 0.075132518 4612306.4911167
3 methylseq_2000.dot 11897958606 1.041842389 133357392.789785 2.39989432 1042950.21341427 8.500671979 841879116.333111
3 atacseq_200.dot 3908761308 0.007158308 70786.9131587144 0.047716295 35753.126067165 0.093742628 32098.3048907123
3 eager_8000.dot 8330435694 90.215478461 168775591.993525 185.067888992 2281683.74251628 1404.459813215 1478424955.94485
3 atacseq_200.dot 2223941232 0.007215941 57403.2933248911 0.048041442 23727.0014391561 0.094614513 20503.6007302425
3 chipseq_2000.dot 4807293396 0.932170582 57928628.6770263 2.190581065 292068.591875 5.313596332 1023171889.54407
3 eager_10000.dot 19075314980 136.236731745 226343031.290643 295.332546352 210140079.337803 1196.166751801 2663887258.72521
3 eager_10000.dot 8330435694 148.139323022 214844488.344006 394.967123217 2866982.86538375 2529.705356235 1875561589.12957
3 methylseq_200.dot 8885797810 0.007953559 5454116.1840299 0.046752038 85129.5136987825 0.092230671 14527340.7305757
3 chipseq 32978181418 0.000358164 8589544.20303408 0.00359048 8512450.16992881 0.007142896 12918925.8521809
3 methylseq_2000.dot 6761426956 1.014331818 72743064.1030036 2.366309619 604918.926418467 7.635456712 424233185.697175
3 atacseq_1000.dot 11187378708 0.186217049 21238551.7374841 0.553658392 675911.506066219 1.305579857 270155055.523309
3 eager 19100037384 0.001147014 2363904.01501515 0.020819362 1602634.86102724 0.0461725 2120173.8305106
3 chipseq_10000.dot 32978181418 131.18098928 2031525530.7832 248.361827601 730324548.686042 642.877736303 12180290453.487
3 methylseq_2000.dot 110641579976 0.997645917 517243296.001524 2.396751081 957897687.982091 8.616494806 3429169606.80601
3 chipseq_8000.dot 3793245764 67.839609707 207031502.636782 147.646894678 1527735.29175 204.584062843 2513446482.9449
3 eager_4000.dot 19132169434 7.701357407 93724575.1896542 20.782636941 44131269.7869168 63.262496597 1041048425.80611
3 chipseq_1000.dot 4807293396 0.149527104 23435713.9778593 0.45123082 146133.691979167 1.090467426 455137859.056899
3 methylseq_200.dot 6761426956 0.008038931 4144867.18641711 0.047307345 64835.3607539516 0.093742944 11039992.7557788
3 methylseq 17027257018 0.000219158 21786.4952215523 0.002203462 21791.8675 0.004386944 21781.1225
3 eager_1000.dot 8330435694 0.173770116 16546085.8277651 0.742917491 277167.869589888 2.136121992 93181256.0356
3 chipseq_4000.dot 3793245764 7.705962431 101582686.752968 14.636549374 764489.962250005 24.286227475 1240185915.67835
3 methylseq_200.dot 11897958606 0.009054669 12146916.9166326 0.047729615 111682.53316266 0.100787531 52360529.9673402
3 atacseq_1000.dot 3908761308 0.172783177 9452714.75456003 0.545900774 175109.203710825 1.112522658 91267593.0611419
3 chipseq_1000.dot 3793245764 0.145739481 21531826.0554709 0.458030189 198454.637625 0.994491623 220343432.413568
3 atacseq_2000.dot 11809629756 1.006654282 58298315.4026935 2.502000981 1892090.27312399 5.21594143 632313847.034116
3 eager_4000.dot 8330435694 9.030436727 75517769.3355278 17.535867334 1151615.78215073 128.581569957 678551733.334176
3 methylseq_200.dot 22500260922 0.008006471 3727473.89240389 0.048384312 2994798.22754299 0.117408243 119001421.339091
3 eager_4000.dot 14754556884 7.780027416 69192594.6769197 20.920026444 5234013.06085101 101.952765984 801121753.369828
3 methylseq 6761426956 0.000213935 10823.6756020843 0.002085853 10826.236 0.004092305 10821.11475
3 eager_200.dot 19100037384 0.006696301 2377575.69672905 0.072737764 2882327.30251765 0.167309895 28173192.2822743
3 chipseq_1000.dot 5058052541 0.153826955 27325310.2247491 0.45406559 178957.026625 0.979789655 344936355.894924
3 methylseq_2000.dot 8885797810 0.889797146 95726945.4630395 2.236659383 795020.51906161 7.803935906 558253762.939495
3 chipseq 41366257414 0.000348445 7539477.79725488 0.00326954 7442496.61851313 0.006728868 21925172.8883984
3 eager_2000.dot 19075314980 1.16450307 46161189.9162467 2.940083262 40186037.9045202 9.72343697 488959983.731625
3 eager_2000.dot 19132169434 1.060111496 44542189.7518912 2.788959318 22186200.8543356 9.768969808 493940809.888716
3 atacseq_200.dot 11187378708 0.007158829 216636.708872395 0.045358476 135652.046813244 0.095601727 29916654.4629195
3 atacseq_8000.dot 14091675276 73.464808678 456293085.990022 146.281044933 24272933.0474965 265.087803696 3452801606.49826
3 eager_10000.dot 19132169434 150.123030764 228038874.854854 340.443246503 110184773.371096 1224.545432534 2678257377.00658
3 methylseq_8000.dot 11897958606 73.690213766 535777389.258528 164.67189714 4132473.35396448 363.074610466 3531083092.42909
3 eager_1000.dot 19075314980 0.172220205 23508456.0246013 0.720709768 17692121.8899972 2.281569369 217360089.703067
3 eager_10000.dot 25705994498 147.876427659 369748621.787732 386.537979996 83688981.9375599 1627.78771069 2120768851.16822
3 atacseq 11187378708 0.000628964 213508.529018293 0.007087893 134771.720806125 0.014741736 4877995.50375402
3 chipseq 5058052541 0.000380916 25449.829 0.004721197 25449.829 0.009063096 25449.829
3 eager_8000.dot 14754556884 65.924533632 139636930.599552 163.317303956 10730417.2842115 952.794105002 1636071535.6243
3 eager_10000.dot 14754556884 149.486093588 176108137.283615 313.402546798 12449734.3879943 1760.433992467 2066504661.60026
3 methylseq_8000.dot 6761426956 57.919772652 300489798.366088 138.429566513 2397997.79837464 341.577796351 1797414019.29274
3 atacseq_10000.dot 11809629756 139.443112035 330068164.708986 282.44814167 13309041.9392606 521.168054883 3386408736.17387
3 eager_200.dot 19075314980 0.006849446 2364325.46607709 0.07638802 4090454.53463957 0.179550215 27846611.0243149
3 chipseq 4807293396 0.00036402 20791.0451041667 0.004217905 20791.0451041667 0.008468899 20791.0451041667
3 methylseq_10000.dot 6761426956 140.239187444 377319060.973378 329.02926405 3002891.28949392 963.024379498 2254681153.22428
3 methylseq_1000.dot 22500260922 0.168614475 20023201.4425729 0.528246405 3517460.8537988 1.717276097 669698059.229675
3 methylseq_8000.dot 22500260922 66.223756829 174989367.458208 146.413222631 19344872.0672622 290.089245758 4757121217.10192
3 atacseq_1000.dot 2223941232 0.184452015 984940.819735397 0.604652085 1324009.94337911 1.037903366 71091165.2831832
3 atacseq_4000.dot 3908761308 10.502464035 68299188.8669043 19.458037348 630963.798323895 26.109769451 496941391.135775
3 chipseq_10000.dot 3793245764 138.906789403 257707759.641597 268.045745807 1895938.29512498 401.348473887 3145578660.57898
3 eager_1000.dot 19132169434 0.241900224 23170500.8747573 0.890534189 10548572.1103794 2.514786126 214260086.921363
3 eager_8000.dot 25705994498 88.52872589 302261101.088556 181.389188673 66909718.2419115 985.38418046 1655552329.40323
3 methylseq_2000.dot 17027257018 1.001409287 190767214.010903 2.369912961 1232690.78414465 7.209633558 1648654205.15658
3 methylseq_4000.dot 6761426956 7.710081056 148204647.609836 16.036832062 1199011.61683693 49.615023357 882879751.42957
3 chipseq_8000.dot 4807293396 53.581330769 258561089.534393 115.956927129 1126294.693125 181.564618754 3606276337.92579
3 eager_4000.dot 19100037384 7.660185883 90631569.7927707 20.907880673 44468356.6052687 78.555590638 1146785893.24889
3 eager_2000.dot 14754556884 0.976788083 33724317.3170475 2.746284622 2099269.65438976 14.503040468 374165845.295891
3 methylseq_4000.dot 22500260922 8.222887911 86654276.1806351 15.937849583 9541868.17148055 40.996758384 2474188806.28784
3 atacseq_8000.dot 2223941232 79.748406506 86254754.2458096 158.868815194 11197722.4936501 224.60557272 1900185442.3832
3 chipseq_200.dot 41366257414 0.006631162 26139550.7976782 0.033472679 21642798.0435132 0.071053982 168554272.877144
3 eager_200.dot 19132169434 0.006773175 2394536.40378968 0.074638299 2912459.08000196 0.173800963 28048080.8892559
3 atacseq_4000.dot 2223941232 10.69171188 37957627.3146263 19.838137641 5603372.31005211 30.334840179 855469658.328327
3 chipseq_10000.dot 41366257414 125.683678561 1640676188.38424 267.244595111 719619281.42618 513.909047625 9813443269.30615
3 chipseq_4000.dot 4605965334 6.994349956 120623150.607185 18.329749412 721596.982604161 28.095305437 1137849711.44146
3 atacseq_10000.dot 2223941232 143.629786904 110662648.282048 282.709497887 14160767.1700647 552.942224427 2436842775.33208
3 eager_2000.dot 8330435694 1.070359228 34856525.8027288 2.844072453 563700.785964676 12.836277575 263884455.020672
3 methylseq_4000.dot 11897958606 6.419855092 266689864.62662 14.362812817 1571588.48368254 49.55999987 1728612235.85229
3 chipseq_4000.dot 4807293396 6.655277354 125659398.619932 17.795334867 563346.13864583 34.461714098 1907061300.56471
3 eager_200.dot 14754556884 0.006700902 533079.022617464 0.077688708 199963.710289395 0.179277115 25667626.138798
3 chipseq 4605965334 0.000345542 26539.0686458333 0.004032783 26539.0686458333 0.008251817 26539.0686458333
3 methylseq_2000.dot 6273818718 0.999422064 38217755.1611296 2.414180838 592822.846391171 7.091904028 817479454.818512
3 atacseq 2223941232 0.000620862 23189.5240151692 0.007415072 22981.0314324834 0.015517204 19570.2478552425
3 methylseq_1000.dot 17027257018 0.250854312 93665128.5972349 0.633510199 616367.197294116 1.893948407 783424078.478792
3 chipseq_8000.dot 4605965334 59.242896072 248667106.22145 131.387532143 1442185.53937499 197.063012433 2427783741.18928
3 atacseq_2000.dot 2223941232 1.021143105 15111664.037256 2.462071379 2641657.50697081 4.483153051 276953176.324349
3 methylseq_200.dot 6273818718 0.007903584 29578.3285704002 0.04851038 62935.1357245051 0.095596933 29576.271875
3 atacseq_8000.dot 11187378708 75.620497299 253883542.47353 151.532296082 6119588.87042001 234.853114032 2533915043.95363
3 methylseq 8885797810 0.000210629 14046.2427597975 0.002077423 14046.87375 0.00407007 14042.3765
3 methylseq_10000.dot 22500260922 140.379644069 220900477.981055 303.480440116 23306894.1528449 769.068831309 5973859429.20429
3 methylseq_1000.dot 6761426956 0.230945167 34328076.3904462 0.707542291 302473.461171339 1.84834615 195599619.404571
3 chipseq_2000.dot 3793245764 0.840761268 49581575.7920723 2.201755917 396286.958874999 4.352078093 594396639.955048
3 methylseq_1000.dot 8885797810 0.237770552 45174167.3543899 0.734139385 397519.871273426 1.90125733 257391808.447751
3 eager 19132169434 0.001166662 2380843.10568851 0.02107476 1618364.71826836 0.046458934 2137561.7111017
3 methylseq_10000.dot 17027257018 141.048528738 960648082.045173 300.130014397 4622404.36070226 738.908999647 7116835251.21528
3 eager_200.dot 8330435694 0.006597241 91573.6406535659 0.073710171 58553.2936223401 0.166781487 83059.0033789638
3 atacseq 11809629756 0.000637604 382106.841961326 0.007031334 209858.875266092 0.014583051 5299227.76159214
3 chipseq_10000.dot 4807293396 123.135115517 324219878.043473 262.415751066 1397572.23989583 419.915222834 4164965982.5471
