algo_nr wf_name inp_size dur_alg1 ms_1 dur_alg2 ms_2
3 eager 19075314980 0.001053151 912669.72927928 0.018873375 1591132.86391477
3 eager_1000.dot 25705994498 0.153214325 29806601.2938858 0.616863026 7952889.01559134
3 methylseq_1000.dot 110641579976 0.148160579 265442678.311565 0.449073076 513426653.164943
3 chipseq_200.dot 5058052541 0.005458273 2154670.2490008 0.033766141 50899.658
3 methylseq_1000.dot 6273818718 0.143671216 16577355.149982 0.448639546 294714.574788961
3 chipseq_4000.dot 41366257414 7.76763879 635637839.707527 15.982793491 295545906.527959
3 atacseq_2000.dot 14091675276 0.899786935 103802236.210432 2.052607419 6239820.95074189
3 atacseq_1000.dot 11809629756 0.143603283 24047839.1068373 0.441445137 1050586.83622629
3 methylseq_200.dot 17027257018 0.007342924 17370642.5000163 0.041947147 130560.015282089
3 methylseq_8000.dot 110641579976 57.324333243 2032784114.06294 147.272546534 3522194394.69461
3 atacseq_8000.dot 3908761308 71.700557659 136483076.3223 151.013357566 1222514.26897576
3 methylseq_8000.dot 17027257018 67.745448034 766445344.691455 145.079619694 4829343.99946832
3 atacseq_10000.dot 14091675276 148.411217229 534920103.638895 329.949511924 29813058.0993922
3 eager_2000.dot 25705994498 0.975946239 67061901.0429356 2.581641023 16680613.6951917
3 eager_1000.dot 14754556884 0.150504031 16776494.5918465 0.64444172 1119624.54454824
3 methylseq_10000.dot 8885797810 141.684106614 496538325.464714 317.263654935 3900328.86621253
3 atacseq_4000.dot 11809629756 7.057832606 119123762.081574 14.766610434 3572512.22712775
3 atacseq_1000.dot 14091675276 0.150520649 52249214.0980446 0.433926393 3466567.19485661
3 methylseq_4000.dot 6273818718 5.066868144 78948378.133151 11.891186506 1175630.22972451
3 chipseq_1000.dot 4605965334 0.131512953 25697605.7314854 0.417624164 185773.480520834
3 atacseq_200.dot 11809629756 0.006631514 224905.525953958 0.0411267 210634.351203592
3 eager_8000.dot 19075314980 87.360527587 174484159.836015 196.731613501 167651401.155484
3 methylseq_10000.dot 110641579976 150.642998908 2539308717.78543 323.859909952 4356407832.28523
3 methylseq_2000.dot 22500260922 0.834220008 42071429.5511063 1.986538575 4928639.54398062
3 chipseq_200.dot 32978181418 0.005601999 25873789.5021357 0.031369493 19427384.1489441
3 chipseq_2000.dot 4605965334 0.831787867 58175004.7842337 1.982923388 371546.961041666
3 atacseq_8000.dot 11809629756 69.959677518 241132024.888086 148.18256837 10149588.4315373
3 chipseq_200.dot 4807293396 0.005494988 3011326.9690427 0.033966599 41582.0902083333
3 chipseq_200.dot 3793245764 0.005453734 56167.9110000001 0.036159678 56167.911
3 eager_8000.dot 19132169434 87.269636032 172981565.128985 196.644593329 88184946.4803738
3 atacseq_10000.dot 11187378708 138.910271904 290965849.72435 297.929517223 8479809.28244033
3 chipseq_10000.dot 5058052541 137.265794687 338401959.703304 296.216453465 1705138.54300002
3 atacseq 3908761308 0.000581857 59068.3695826258 0.006652411 34536.204682091
3 atacseq_4000.dot 11187378708 6.850189526 116198145.516273 13.988982828 2430580.83163127
3 chipseq_4000.dot 32978181418 5.455385634 771833957.175139 11.742942859 294304782.326125
3 eager_4000.dot 19075314980 7.336777487 88622909.0604186 15.830870976 82674464.3508423
3 methylseq_4000.dot 17027257018 5.540728099 381505566.942365 12.211266588 2414691.11870597
3 chipseq_1000.dot 41366257414 0.144357519 152081692.60912 0.400219553 83379574.2205216
3 atacseq_10000.dot 3908761308 144.306288916 168192355.141293 308.121114931 1502853.39025301
3 eager_1000.dot 19100037384 0.165090005 21791153.568272 0.639655508 10862947.087901
3 atacseq 14091675276 0.000586284 762624.535912517 0.006172489 693313.438971321
3 methylseq_1000.dot 11897958606 0.14675073 65479546.9502647 0.447203195 515379.150553366
3 atacseq_2000.dot 3908761308 0.822463988 29325396.9296863 2.017262137 314465.281354485
3 methylseq 11897958606 0.00019282 18441.8166653709 0.001823731 18433.2545
3 eager 14754556884 0.001052233 224074.050358191 0.01938963 199924.015789395
3 chipseq_2000.dot 32978181418 0.86415535 381589531.820218 1.946395676 150229509.627222
3 eager_2000.dot 19100037384 0.941007125 44930529.0301767 2.540045804 22168834.6199148
3 chipseq_2000.dot 5058052541 0.821428813 65671782.2200022 1.966565834 356297.605999999
3 atacseq_4000.dot 14091675276 5.991794764 215749790.07139 14.146317289 11788069.1333875
3 eager_200.dot 25705994498 0.006014541 2385010.62718354 0.066265452 2487569.71478952
3 methylseq_200.dot 110641579976 0.007547822 56849220.9549976 0.042857445 123585582.437457
3 methylseq 6273818718 0.000196674 9950.21661322558 0.001842893 9940.947125
3 eager 25705994498 0.003127475 1858197.80676157 0.021068826 2487569.70695457
3 methylseq_4000.dot 8885797810 5.1741437 195031743.032696 11.756363139 1557335.75162322
3 chipseq_2000.dot 41366257414 0.89718752 309533143.652668 1.92560321 154096572.910895
3 chipseq_8000.dot 5058052541 61.800236306 275915206.93796 136.546675839 1374290.76600001
3 methylseq_8000.dot 8885797810 57.066679229 395433678.268725 125.223017529 3114654.52838618
3 chipseq_8000.dot 41366257414 66.893969264 1262169023.07158 139.598580665 578429237.525771
3 methylseq_8000.dot 6273818718 63.91531629 162662287.951697 148.965474628 2351229.56259007
3 chipseq_1000.dot 32978181418 0.132183304 185060979.864107 0.38719702 76301239.8623288
3 methylseq_10000.dot 6273818718 145.35581746 204722608.107476 321.875418355 2943988.60812229
3 chipseq_10000.dot 4605965334 141.699868546 303393643.858777 298.064800519 1778117.59927082
3 methylseq 22500260922 0.000191413 127455.682323359 0.001865363 127447.968325124
3 methylseq 110641579976 0.000187133 19083317.1858612 0.001890566 19083305.3941916
3 chipseq_8000.dot 32978181418 76.775363448 1575841851.3774 156.32365576 586236594.554821
3 chipseq_4000.dot 5058052541 5.535715439 137278835.5348 12.47239534 687145.383000001
3 eager 8330435694 0.001048706 75262.7831290675 0.019438582 58553.2936223401
3 eager_4000.dot 25705994498 7.252034954 135569724.892432 16.803087433 32162498.36824
3 eager_8000.dot 19100037384 85.513031004 171284271.384158 192.099508348 88652595.5817229
3 methylseq_4000.dot 110641579976 5.715671286 1023778846.15877 12.825849416 1807443983.95235
3 chipseq 3793245764 0.000335836 28482.0629183208 0.003732814 28083.9555
3 atacseq_200.dot 14091675276 0.00660472 756455.398133675 0.040382243 694473.886221321
3 eager_10000.dot 19100037384 170.953921072 216855678.093225 364.943759879 110194123.414027
3 atacseq_2000.dot 11187378708 0.883081316 52471096.2202943 2.047287872 1215877.3743192
3 methylseq_10000.dot 11897958606 143.745984067 671531925.845986 322.515860582 5116730.03993629
3 chipseq_200.dot 4605965334 0.00562845 53078.1372916666 0.036308164 53078.1372916666
3 methylseq_2000.dot 11897958606 0.793812193 133357405.84729 1.956510894 1030730.45016427
3 atacseq_200.dot 3908761308 0.006671533 90283.4680438197 0.042643562 42412.7364897405
3 eager_8000.dot 8330435694 87.127458193 152777489.739719 190.946694912 2293745.70265995
3 atacseq_200.dot 2223941232 0.006487 133038.030928714 0.043080763 29579.2621504803
3 chipseq_2000.dot 4807293396 0.850732044 58629321.1085569 1.974543207 291074.631458333
3 eager_10000.dot 19075314980 171.503773411 216352553.768967 372.424969588 210139869.557803
3 eager_10000.dot 8330435694 167.804561641 194888428.599455 374.321099759 2799649.66400113
3 methylseq_200.dot 8885797810 0.007298323 5454133.8519825 0.041806089 84196.3681987825
3 chipseq 32978181418 0.000326159 8637915.85314606 0.003355639 8512303.58618865
3 methylseq_2000.dot 6761426956 0.817624569 72743084.0871263 1.975096621 604870.274543467
3 atacseq_1000.dot 11187378708 0.139902112 21161123.5960806 0.429500815 675031.180059101
3 eager 19100037384 0.001045567 918790.859901687 0.01916613 1602634.86102724
3 chipseq_10000.dot 32978181418 138.609042336 2001682467.43147 283.703373458 730312419.676018
3 methylseq_2000.dot 110641579976 0.844219339 517243322.306319 2.022662209 942340699.035275
3 chipseq_8000.dot 3793245764 74.76788307 197847736.255778 157.698596475 1516533.597
3 eager_4000.dot 19132169434 6.426982648 87672632.8752036 14.346390185 44323478.6554767
3 chipseq_1000.dot 4807293396 0.136152558 25455990.690986 0.411493461 145537.315729167
3 methylseq_200.dot 6761426956 0.007291951 4144887.17053981 0.041777269 64830.2395039516
3 methylseq 17027257018 0.000185477 21799.6016884726 0.001832118 21791.8675
3 eager_1000.dot 8330435694 0.15510008 16154756.90156 0.630998672 277147.699518212
3 chipseq_4000.dot 3793245764 7.250093609 98652077.6328674 15.046675068 758266.798500005
3 methylseq_200.dot 11897958606 0.007325269 12146929.974137 0.041612123 110460.27228766
3 atacseq_1000.dot 3908761308 0.140122911 9895415.06063021 0.449159352 174296.664460825
3 chipseq_1000.dot 3793245764 0.159061215 21070279.8022082 0.446640812 196587.6885
3 atacseq_2000.dot 11809629756 0.844325165 55060332.2293283 2.046276357 1891056.30520732
3 eager_4000.dot 8330435694 7.358720771 72808622.669138 16.597905451 1127381.42755434
3 methylseq_200.dot 22500260922 0.007340361 3727490.45564182 0.042201888 542620.995123119
3 eager_4000.dot 14754556884 7.688700503 64519532.2142939 17.640707586 5413927.47379219
3 methylseq 6761426956 0.000195494 10835.5515944213 0.001822415 10826.236
3 eager_200.dot 19100037384 0.006037812 942108.421654141 0.065825037 2712157.15638605
3 chipseq_1000.dot 5058052541 0.133961036 30322502.3457036 0.412096584 178148.803
3 methylseq_2000.dot 8885797810 0.85153041 95726963.1297996 2.026176922 785691.31268661
3 chipseq 41366257414 0.000329441 10562614.6821164 0.003037771 7602451.41409683
3 eager_2000.dot 19075314980 1.024104311 44084645.9963598 2.624868427 41580279.5955114
3 eager_2000.dot 19132169434 0.931684976 46083534.6648006 2.508744913 22186134.0319606
3 atacseq_200.dot 11187378708 0.00658915 148358.860382819 0.041407939 135652.046813244
3 atacseq_8000.dot 14091675276 84.021637879 431596029.813666 175.526307418 24265970.3639965
3 eager_10000.dot 19132169434 170.951217955 218795419.866718 373.541646128 110322291.103891
3 methylseq_8000.dot 11897958606 61.293322865 535777402.316164 146.24465912 4086027.44071448
3 eager_1000.dot 19075314980 0.152800755 21750420.8358975 0.614254061 19210636.7702592
3 eager_10000.dot 25705994498 167.81268637 332174255.075333 383.559638342 81619604.8859754
3 atacseq 11187378708 0.000587761 149890.288540363 0.006440755 134771.720806125
3 chipseq 5058052541 0.000359862 25824.0253947096 0.003557296 25449.829
3 eager_8000.dot 14754556884 87.028139311 130346073.903268 193.721938026 10590704.5476225
3 eager_10000.dot 14754556884 174.812366471 161804722.947373 378.254817298 12989323.7368466
3 methylseq_8000.dot 6761426956 60.310058405 300489811.891319 130.748223016 2397803.19087464
3 atacseq_10000.dot 11809629756 135.901070671 307440736.139455 300.054953908 13304906.0675939
3 eager_200.dot 19075314980 0.006042277 935940.202123145 0.068751846 4090454.53463957
3 chipseq 4807293396 0.000405897 21170.3715997822 0.003639496 20791.0451041667
3 methylseq_10000.dot 6761426956 149.434200771 377319079.042374 328.892587094 3002648.03011892
3 methylseq_1000.dot 22500260922 0.143042307 20023221.4141448 0.440208181 3320690.83212019
3 methylseq_8000.dot 22500260922 66.046130055 174989389.745377 131.768073733 18305659.231929
3 atacseq_1000.dot 2223941232 0.146872992 1057922.07924138 0.46298848 1000239.23920304
3 atacseq_4000.dot 3908761308 6.379720919 65133376.8024809 14.102314043 601462.12556438
3 chipseq_10000.dot 3793245764 142.101851398 248681643.894758 298.894203501 1881625.01849998
3 eager_1000.dot 19132169434 0.163141067 21167892.5275073 0.640524451 10548322.3123179
3 eager_8000.dot 25705994498 86.420274894 266987355.700229 199.245051635 66137720.2129271
3 methylseq_2000.dot 17027257018 0.890076105 190767233.189603 2.042909793 1218241.49310299
3 methylseq_4000.dot 6761426956 5.119889247 148204661.134942 11.763299367 1198914.31308693
3 chipseq_8000.dot 4807293396 70.063509382 257002665.94515 150.277928849 1122716.435625
3 eager_4000.dot 19100037384 7.25199763 88150135.0878807 16.156827274 44374487.7405592
3 eager_2000.dot 14754556884 0.949671456 33352776.7140887 2.551563393 2079255.04035107
3 methylseq_4000.dot 22500260922 6.084087319 86654279.9812103 12.769249572 10280965.0054679
3 atacseq_8000.dot 2223941232 70.344825114 83599727.2893385 148.051792907 9544572.12262427
3 chipseq_200.dot 41366257414 0.005661537 28205308.5777507 0.029534256 21399507.5069494
3 eager_200.dot 19132169434 0.006094119 949928.058539442 0.066702187 2912459.08000196
3 atacseq_4000.dot 2223941232 8.721319633 38582836.0491558 18.350962447 4633523.60999111
3 chipseq_10000.dot 41366257414 136.51943978 1614913588.83714 294.204506171 719878571.142833
3 chipseq_4000.dot 4605965334 8.075411197 118367431.157685 17.152955684 716554.853437495
3 atacseq_10000.dot 2223941232 143.978930086 105250670.9207 306.665133712 11848228.4856079
3 eager_2000.dot 8330435694 0.925261334 33613786.8200912 2.544287496 542163.087760307
3 methylseq_4000.dot 11897958606 5.407914345 266689874.390685 12.149475016 2043027.64582853
3 chipseq_4000.dot 4807293396 5.536077476 125878640.633584 12.077905123 561358.217812497
3 eager_200.dot 14754556884 0.006031154 327678.02671425 0.067912229 199924.015789395
3 chipseq 4605965334 0.000328754 26921.7134022807 0.003657652 26539.0686458333
3 methylseq_2000.dot 6273818718 0.83022239 38217767.9396789 1.999258361 582848.995266172
3 atacseq 2223941232 0.000582357 39724.9818850433 0.006770229 22981.0314324834
3 methylseq_1000.dot 17027257018 0.146920412 93665147.6496948 0.445152419 609139.865523282
3 chipseq_8000.dot 4605965334 61.804638011 234360149.083366 139.235162565 1433109.70687499
3 atacseq_2000.dot 2223941232 0.875631525 14310194.9159857 2.049020515 2310018.74277103
3 methylseq_200.dot 6273818718 0.007249233 29601.7963221762 0.042593487 62935.1357245051
3 atacseq_8000.dot 11187378708 67.958557483 236489641.147318 145.213346525 6116457.23308668
3 methylseq 8885797810 0.000189897 14055.5640314055 0.001828471 14046.87375
3 methylseq_10000.dot 22500260922 152.661636268 220900492.068737 321.487678741 24047674.3129461
3 methylseq_1000.dot 6761426956 0.146566842 34328100.5820531 0.448752394 302447.854921339
3 chipseq_2000.dot 3793245764 0.827775997 49329202.7362231 1.976313966 393175.376999999
3 methylseq_1000.dot 8885797810 0.144898214 45174184.8592459 0.447513184 392854.143773426
3 eager 19132169434 0.001046122 926497.730720549 0.018947595 1618364.71826836
3 methylseq_10000.dot 17027257018 148.163697524 960648099.168727 332.59397027 6047547.25462765
3 eager_200.dot 8330435694 0.006010841 114269.014234132 0.067552835 58563.3658098401
3 atacseq 11809629756 0.000594774 225429.08705667 0.006493293 209858.875266092
3 chipseq_10000.dot 4807293396 143.674465406 320874906.084595 305.07482887 1393000.02197916
