algo_nr wf_name inp_size dur_alg1 ms_1 ms_perc dur_alg2 ms_2
0 atacseq_30000.dot 14091675276 145.524718288 1421258763.88691 388300603.969457 627.246516604964 8238887551.36812
0 chipseq_15000.dot 41366257414 12.018236964 3256855082.84857 1263089734.15046 63.4809222540054 8907071386.75881
0 methylseq_15000.dot 6761426956 168.28977283 122163546.692449 88224731.8889472 210.969806843003 312464895.775173
0 atacseq_15000.dot 3908761308 74.21284639 204955748.231323 73881829.5336187 64.0428010180047 3081277489.53357
0 eager 19075314980  0.039267372 6023807.20712481 5845557 0.00933915199999999 5845557
0 eager_1000.dot 25705994498 1.293774373 41682640.6782336 16129996.769771 0.390467755999997 52999882.0318582
0 eager_20000.dot 8330435694 647.644425655004 300409875.104582 69415557.5552537 964.524616011981 1459965051.02907
0 eager_25000.dot 14754556884 627.744370029004 634680843.383106 160367844.254937 1638.78118782387 2475120558.05168
0 methylseq_1000.dot 110641579976 0.54475692 525624560.158467 230390098.127674 0.246067997999997 615165215.26906
0 chipseq_200.dot 5058052541 0.067624763 8544572.45364579 2227050.69557641 0.011536727 47405578.9209079
0 atacseq_30000.dot 11809629756 222.099570267999 766894800.095634 187035371.868077 784.132447506942 6218343704.89015
0 methylseq_1000.dot 6273818718 0.512072209 6840827.97276714 5338992.625 0.205430622999997 5338992.625
0 chipseq_4000.dot 41366257414 2.57390963 856190802.631837 322398662.919949 2.85795182100001 2224361112.58128
0 atacseq_2000.dot 14091675276 1.498740392 64619894.1632921 26261370.0360302 0.569032536999997 500944495.2188
0 atacseq_1000.dot 11809629756 0.520210842000001 22985448.9426474 6823525.2532917 0.146052564 102952338.327712
0 methylseq_200.dot 17027257018 0.069370333 4481533.55944585 4333640.68610377 0.013435731 4333640.68610377
0 methylseq_30000.dot 110641579976 1315.019779326 16144838260.3426 6867796913.71708 1351.27265142797 21927884453.9316
0 methylseq_8000.dot 110641579976 25.920383641 4159813245.90018 1832701450.92258 19.755981202001 5705197773.08736
0 methylseq_20000.dot 6761426956 431.292444615 168198482.230098 115709378.115991 422.853661044996 405901354.339295
0 atacseq_8000.dot 3908761308 25.9407927219999 97713573.5671962 39733714.2315039 13.4727852889995 1296053775.19347
0 methylseq_8000.dot 17027257018 64.733946276 246374948.8693 119712680.581613 50.1155973359994 585485552.654223
0 atacseq_10000.dot 14091675276 18.600517919 383415422.023673 126277186.062748 20.6638416500006 2712692756.72427
0 atacseq_20000.dot 11809629756 91.0504175769996 482758361.838609 123083942.756543 123.800831546015 4207167661.20798
0 atacseq_30000.dot 3908761308 443.836576389001 445587055.078524 148873233.511057 936.985679834943 6850301515.47165
0 eager_2000.dot 25705994498 4.76018202699999 86361319.3384095 28513868.6877572 1.70858149000005 150560609.188551
0 eager_1000.dot 14754556884 1.200980947 26181002.2067416 9660965.87500747 0.351542754999997 78802198.8703059
0 atacseq_30000.dot 11187378708 231.002693419 777630487.871787 214393591.149962 856.847390664968 6358158110.90853
0 methylseq_10000.dot 8885797810 56.1256789240001 120665604.68412 78467387.3463197 29.1628431940017 318323521.335473
0 atacseq_4000.dot 11809629756 4.27117792399999 78496356.799928 24281853.4223535 2.41233603499999 692260242.199321
0 atacseq_1000.dot 14091675276 0.56912579 38620333.5013181 14563429.6261441 0.15770593 171933792.302104
0 methylseq_4000.dot 6273818718 6.08063356100002 27645813.4244956 21283379.2311596 3.75479987399989 63331223.6258652
0 chipseq_1000.dot 4605965334 0.618904127 17044698.5480216 7462852.86671953 0.184850706999999 253023161.081703
0 atacseq_200.dot 11809629756 0.071636069 10356372.2169634 2805887.93495372 0.013594883 2805887.93495372
0 eager_8000.dot 19075314980 53.885143194 272840483.822002 53901878.7753536 39.2245604880035 947048430.331767
0 methylseq_10000.dot 110641579976 51.030347112 5208857167.04205 2300386711.73537 30.6553288330012 7453562130.85513
0 methylseq_2000.dot 22500260922 1.471597256 71930834.2856725 41813142.5459404 0.72642301999999 153031968.661627
0 chipseq_200.dot 32978181418 0.063931156 22114705.482123 21215959.338316 0.012072018 21314526.397329
0 chipseq_2000.dot 4605965334 1.836137882 30278319.6063286 14874117.3608638 0.667508687999992 486007122.411152
0 methylseq_30000.dot 8885797810 1355.13548264 387971692.696779 233647555.486653 1170.27131205504 968913077.364464
0 eager_20000.dot 19075314980 424.017106399001 655276109.010428 132852121.772482 907.081263006013 2300049233.23755
0 atacseq_8000.dot 11809629756 14.444890926 163049586.426416 48565506.2239352 12.0185999650001 1656299283.97403
0 eager_30000.dot 19100037384 472.249489273 837097989.876817 201648654.355788 2267.67395974091 3293670690.07803
0 chipseq_200.dot 4807293396 0.065887207 8828036.16082629 1896042.3668033 0.011562959 46026540.7982052
0 chipseq_200.dot 3793245764 0.06775361 5903790.98987597 2296871.69112283 0.011584675 41540575.2283467
0 eager_8000.dot 19132169434 56.7772365900001 269610239.983316 53864434.4226039 40.0422531590039 911238374.103935
0 atacseq_10000.dot 11187378708 22.963701194 203909330.978654 68746316.5474073 20.748735595999 2083178653.22402
0 chipseq_20000.dot 4807293396 90.18760832 429647355.181722 109557162.17654 128.274290225012 5822927868.91521
0 chipseq_10000.dot 5058052541 35.6101924389998 183599086.38933 66544463.2377657 22.8689405739992 3092108267.35727
0 atacseq_4000.dot 11187378708 4.02363376 80353373.5621048 27042348.0498522 2.38093573800001 729513875.191942
0 chipseq_4000.dot 32978181418 2.519397082 647961529.083029 270898964.656705 3.08569458199994 1929663952.38635
0 eager_4000.dot 19075314980 18.194132488 132051769.175651 31609015.4871609 7.1114063249999 403877446.996357
0 methylseq_4000.dot 17027257018 6.30368093200001 115840370.607346 61352065.6647099 3.09606376199995 238831601.819151
0 chipseq_1000.dot 41366257414 0.518030016 215271478.993333 86502809.5831501 0.182471518999999 460264955.703227
0 atacseq_10000.dot 3908761308 37.4853720660001 132386812.428114 50248733.8092543 23.2375578689986 1754168721.13935
0 eager_1000.dot 19100037384 1.220213774 32282292.6441802 9852050.68868105 0.358729399999997 68981704.6172689
0 eager_25000.dot 25705994498 187.863336389999 909692879.709237 260016171.827519 1552.63738041004 2959157814.23159
0 chipseq_25000.dot 41366257414 25.029506874 5385266914.07575 2126928266.52631 238.972152964992 15163411461.4207
0 methylseq_15000.dot 11897958606 265.981501034 255995930.189216 154399349.971417 211.308663401008 572068295.82456
0 atacseq_30000.dot 2223941232 391.320171865001 270918478.556089 97360037.5069066 943.251220150975 5293393166.64783
0 methylseq_1000.dot 11897958606 0.523812913 15669819.2653631 11415439.004809 0.191713117999998 26019575.7346058
0 atacseq_2000.dot 3908761308 1.625109721 22534950.4196613 10138323.8817551 0.663620430999993 367975763.784396
0 methylseq 11897958606 0.00325495 1840539.78778188 1840539.7875 0.000478615 1840539.7875
0 chipseq_25000.dot 5058052541 139.877642686 578260882.405879 164063324.117695 379.984357083007 7502104272.59906
0 methylseq_15000.dot 110641579976 142.896261642 7811810662.88432 3461718074.69352 251.656111261003 10728637465.4825
0 methylseq_15000.dot 17027257018 130.241050632 484605941.652684 231415448.92443 209.82543899801 1069863418.37413
0 eager 14754556884  0.039425035 5991657.87469961 5825674.6375 0.00940299999999999 5825674.6375
0 chipseq_2000.dot 32978181418 1.101911448 321949187.381379 129450509.594131 0.733269190999989 775048956.602672
0 eager_2000.dot 19100037384 4.534850718 56944800.7199259 17018781.8448235 1.46128171800004 159839295.040148
0 atacseq_20000.dot 14091675276 71.386764002 880570869.610199 262880151.654126 114.056859040005 5437134505.8013
0 atacseq_20000.dot 2223941232 145.030039408999 174478441.858836 65063444.0462258 176.620454593015 2972118683.38081
0 chipseq_2000.dot 5058052541 1.783003963 29739932.5778733 14366678.1536024 0.650950208999999 548205278.905518
0 methylseq_20000.dot 11897958606 546.717228634 344780358.558501 206784270.661182 410.209631773988 814374507.737876
0 atacseq_25000.dot 14091675276 108.309982007 1140600484.21525 327638763.196602 283.747513268998 6820323629.0571
0 atacseq_4000.dot 14091675276 4.284269896 133500720.04964 49934348.0173464 2.43760274300001 1007847238.14581
0 eager_200.dot 25705994498 0.144474128 18316787.0757174 7650493.11458333 0.032148092 7650493.11458333
0 chipseq_15000.dot 4605965334 59.2643070989999 309994240.101245 104910996.04777 64.4204398130064 4656151157.1236
0 atacseq_15000.dot 14091675276 39.5153580830001 624266147.227218 193724349.687736 54.6915026110016 3993302845.08906
0 methylseq_200.dot 110641579976 0.072358401 106218938.294137 45234879.175 0.013971761 91428137.8802803
0 methylseq 6273818718 0.003270677 991875.362891611 991875.3625 0.000484311 991875.3625
0 atacseq_15000.dot 11187378708 54.0349026719998 325892025.002132 104703371.504176 58.0877216580068 3193376212.78334
0 eager 25705994498  0.039119403 7888902.70683917 7650493.11458333 0.00930517899999999 7650493.11458333
0 methylseq_4000.dot 8885797810 5.79554693799999 43262843.061112 32067917.3018586 3.30368813299996 94899974.7031806
0 methylseq_20000.dot 110641579976 310.625999697 10768362458.3118 4618469796.16975 490.578842234953 14773756582.4026
0 chipseq_2000.dot 41366257414 1.129951316 415776035.322671 160458729.690166 0.68966364099999 993387551.322719
0 chipseq_15000.dot 32978181418 9.46766292000003 2662969003.13708 1028952725.2233 72.3914472740078 9081852616.47452
0 chipseq_8000.dot 5058052541 22.1723260370001 131472302.463017 52592916.6413077 13.6554338209994 2325535372.87149
0 methylseq_8000.dot 8885797810 88.1281977640001 93439324.8266953 62743705.502524 50.4457151309992 229388858.802764
0 chipseq_8000.dot 41366257414 5.374559979 1766415170.65337 672766448.674633 14.2692104920001 4642004178.2606
0 methylseq_8000.dot 6273818718 72.0698452610001 56144312.7410963 42503021.6328617 56.8768983410011 146676011.60886
0 eager_15000.dot 19100037384 142.834716961 475377144.406449 101032191.506466 505.883487681972 1693836289.04646
0 chipseq_30000.dot 4807293396 213.381482189 749619508.114411 164060192.145307 834.961156788969 8760706712.87459
0 methylseq_30000.dot 6761426956 1457.65179048 258871140.138276 174201255.059013 1090.691090007 657669578.665202
0 chipseq_1000.dot 32978181418 0.540943342 161772215.689429 75416552.2089352 0.214155535999998 334556129.109438
0 chipseq_30000.dot 4605965334 173.169627034 733846330.477026 208696318.810344 855.481459588065 9313851163.88321
0 methylseq_10000.dot 6273818718 83.8305510319999 70653469.107031 53582889.741426 31.4857541890006 171072212.46409
0 methylseq_25000.dot 6761426956 959.999174479998 211681967.035302 144558583.079398 735.724229816969 540618172.377919
0 chipseq_10000.dot 4605965334 36.0622704570001 177740870.491584 69857122.8414159 23.9272953080009 2716535633.05883
0 methylseq 22500260922 0.003177426 2895226.88566893 2895226.88541667 0.000471704 2895226.88541667
0 methylseq 110641579976 0.003119689 15084215.2250003 15084215.225 0.000456724 15084215.225
0 eager_25000.dot 8330435694 1249.04155446101 372982175.663004 86280074.8321466 1623.86759593389 1784789421.85933
0 chipseq_20000.dot 41366257414 18.228923904 4350885200.53418 1672575794.28036 132.870049654002 11968550906.5856
0 chipseq_20000.dot 5058052541 94.1271202639997 440528232.190014 131594006.703497 132.437316769006 6052368212.0239
0 chipseq_8000.dot 32978181418 4.47794698000001 1341804577.57037 539810767.490377 15.2725678840001 4475382007.05158
0 atacseq_25000.dot 11187378708 148.919514066 626013792.267481 177134645.032587 426.796779555003 5324589445.75318
0 atacseq_25000.dot 3908761308 218.02733717 351844437.029853 123948735.492388 539.404421482987 5693465078.17937
0 chipseq_4000.dot 5058052541 6.02859207400001 60786319.6321514 26309134.1698285 2.87185484499997 1018121809.00023
0 eager 8330435694  0.0393671 3265272.51828864 3178859.14583333 0.00945569099999999 3178859.14583333
0 eager_15000.dot 14754556884 153.141599226 429351077.566726 99706175.8904667 409.70987944 1533830543.71096
0 chipseq_15000.dot 4807293396 57.4048302409998 289107236.697871 82167441.7430549 62.2961799140061 4351368194.49913
0 eager_4000.dot 25705994498 14.237020006 194380428.330696 47177232.212048 6.79797760799988 395960447.670618
0 eager_8000.dot 19100037384 54.3667193360001 277575933.495266 54336809.2518718 39.7638219980036 889290211.44946
0 methylseq_4000.dot 110641579976 5.98163525099999 2149203542.79234 899664873.149938 3.72189488299989 2844210253.92689
0 atacseq_200.dot 14091675276 0.074290116 15721960.2598241 6048722.97433016 0.013931303 6048722.97433016
0 chipseq_25000.dot 32978181418 16.9459758599998 4311495708.55879 1745636888.84594 293.186160239978 15651364686.2655
0 eager_10000.dot 19100037384 69.0176326439999 311408769.302215 67358357.2174596 71.828100865008 1084443700.70055
0 methylseq_30000.dot 11897958606 1714.002880612 522107547.531876 305868344.459881 1410.12351938396 1296649432.50439
0 eager_30000.dot 19075314980 555.088883240998 889692738.24891 201184358.988437 2337.91094389758 3352913463.57879
0 methylseq_25000.dot 11897958606 966.056068881996 440464763.891881 260514859.778317 713.379181986933 1059431601.18115
0 eager_15000.dot 19132169434 153.887813921 475675769.877204 100457943.489551 445.167425985964 1797091182.84269
0 methylseq_30000.dot 22500260922 1484.95923128401 1290060586.97785 616089179.125161 1148.32247136993 2903004878.20427
0 atacseq_2000.dot 11187378708 1.367305149 39147310.6445988 14554006.8615721 0.582304761999992 292118016.772973
0 methylseq_10000.dot 11897958606 61.229765863 169112623.95405 103573592.394684 30.5810658890012 411459252.560945
0 chipseq_25000.dot 4605965334 123.002142008 581181148.963373 174362152.894997 368.634518267004 7692092779.50664
0 methylseq_30000.dot 6273818718 1417.037567581 235676175.719854 159398615.501129 1055.44790729095 586716058.266812
0 eager_30000.dot 8330435694 1612.74056149799 454710517.699677 104756630.539142 2434.39022184418 2129100480.46056
0 chipseq_200.dot 4605965334 0.067370455 8135704.52890021 2200115.23958333 0.011426237 46560761.6788389
0 methylseq_15000.dot 6273818718 280.488428925 112169735.006206 80228799.1289906 213.270441727999 298213786.76972
0 methylseq_2000.dot 11897958606 1.420241729 30480394.3127711 21156757.5050588 0.75204001999999 52442107.4274993
0 atacseq_200.dot 3908761308 0.07382001 5450428.47081917 2142117.13467234 0.013797043 2142117.13467234
0 eager_8000.dot 8330435694 92.3762390880002 136872488.813855 28273650.4026781 40.6603475710028 558952098.901761
0 atacseq_200.dot 2223941232 0.072776202 3059076.49632468 1341613.3125 0.013895342 1369943.88360977
0 chipseq_2000.dot 4807293396 1.804462771 25619841.3664273 11431855.0549889 0.660206755999995 450968785.178535
0 eager_20000.dot 19100037384 249.88611395 617785503.366637 132343611.293321 924.093129044967 2207882168.43361
0 eager_10000.dot 19075314980 76.4049359859998 313032601.024461 67048956.968454 71.4905293650079 1106945052.41534
0 methylseq_25000.dot 6273818718 870.126993543999 195619822.003762 132796230.560524 704.283633262929 523382707.334151
0 eager_10000.dot 8330435694 124.254496516 169728098.381726 34945806.9727804 73.6679145170074 700203675.954738
0 methylseq_200.dot 8885797810 0.071359998 2796243.8913975 2795543.05 0.013924869 2795543.05
0 chipseq 32978181418 0.006601195 11836770.6876628 11627408.4002066 0.001169731 11627408.4002066
0 methylseq_2000.dot 6761426956 1.48139046 14554566.1998235 12197177.9988665 0.815213029999992 25424993.6769808
0 atacseq_20000.dot 3908761308 136.042525132 278546284.326407 99376457.4564055 139.603297048002 4453165145.01899
0 atacseq_1000.dot 11187378708 0.522629176 24335195.2097014 7557746.09376626 0.15144424 149517574.920638
0 eager 19100037384  0.039361237 6041556.40976678 5859670.3875 0.00933010799999999 5859670.3875
0 chipseq_10000.dot 32978181418 5.66534744899998 1708004917.43704 684093056.772942 26.3384817819986 5675854489.75318
0 methylseq_2000.dot 110641579976 1.508808066 1076496598.0127 446036804.784303 0.814870673999991 1332771938.44592
0 chipseq_8000.dot 3793245764 26.451564843 117913209.997526 58033375.5350701 14.351987766 1919284583.1123
0 eager_25000.dot 19132169434 465.921675114999 779104888.44588 164130952.258873 1533.20988543603 2754966567.72874
0 eager_4000.dot 19132169434 15.543018279 124134418.403059 31547025.5980245 7.0624685549999 404983521.635306
0 chipseq_1000.dot 4807293396 0.581979661999999 16428506.6432397 5775737.00352401 0.175238835999999 235939409.376119
0 eager_15000.dot 19075314980 133.250484211 463370489.475796 100132385.010178 469.689638408971 1723950058.29489
0 methylseq_200.dot 6761426956 0.071910814 2149874.2180794 2148974.675 0.013153822 2148974.675
0 methylseq 17027257018 0.003177897 2175361.36495513 2175361.36458333 0.000472194 2175361.36458333
0 eager_1000.dot 8330435694 1.154829097 13657699.3910032 5551116.21417729 0.353100801999996 36775952.6252137
0 chipseq_4000.dot 3793245764 6.36431134200001 56030195.9697362 29575465.2726104 3.01477880399996 820284962.232023
0 methylseq_200.dot 11897958606 0.071448842 3670646.19301779 3669578.9375 0.012963522 3669578.9375
0 atacseq_1000.dot 3908761308 0.583955513 13010978.0026724 5325602.0795178 0.177585500999999 123372107.400361
0 chipseq_1000.dot 3793245764 0.733485728 15324397.254764 7626129.86492489 0.205115362999998 212374906.492832
0 atacseq_2000.dot 11809629756 1.412760645 34916567.3075849 13847915.9771508 0.574971533999993 339628521.452572
0 eager_4000.dot 8330435694 19.695471947 65876982.2863848 16591653.4901509 6.91176580199997 266234161.261052
0 methylseq_200.dot 22500260922 0.069383976 5972841.46002626 5775021.008103 0.012982791 5775021.008103
0 eager_4000.dot 14754556884 20.075203282 129516576.220824 31171086.447347 6.98227989299989 406173900.112458
0 methylseq 6761426956 0.003257207 1080079.26295511 1080079.2625 0.000488762 1080079.2625
0 eager_200.dot 19100037384 0.13529016 13644458.5801599 5859670.3875 0.032792861 5859670.3875
0 methylseq_20000.dot 8885797810 393.177582857999 253513910.635634 156314723.412683 411.089018973988 630172281.159114
0 atacseq_25000.dot 2223941232 216.929929547998 224710314.094501 81329730.2886704 487.254040449975 4078292534.28419
0 eager_20000.dot 25705994498 237.164942590999 839240879.638795 212024664.110917 831.720834756055 2405566604.1559
0 eager_25000.dot 19075314980 498.430565602 772011631.20662 163670494.153007 1583.63679670016 2797432624.04188
0 chipseq_15000.dot 5058052541 53.198218872 324425462.483069 98392666.4271778 63.7378590410055 4678890718.32492
0 chipseq_1000.dot 5058052541 0.595713084 17982501.5782629 7066270.77823261 0.183047744999998 273777786.41932
0 atacseq_15000.dot 11809629756 51.7574916790001 330652773.467896 95772653.5507013 57.621263793005 3194015141.49144
0 methylseq_2000.dot 8885797810 1.440816119 22364367.2499322 17534698.6259195 0.766613915999992 37819278.7660332
0 chipseq 41366257414 0.006318521 15295377.083095 15214902.7646195 0.001146226 15214902.7646195
0 methylseq_15000.dot 8885797810 169.833525814 189863327.523913 117447201.477804 225.892897956005 475169026.122278
0 methylseq_30000.dot 17027257018 1367.79221904599 1022049205.04407 456794634.755761 1200.49839388596 2216291760.5671
0 eager_2000.dot 19075314980 4.49810032 53957905.1524453 16984277.0062134 1.47652723600004 164209238.988352
0 eager_2000.dot 19132169434 5.156812833 63153117.9931224 16972761.8628152 1.48890951100004 159473807.69063
0 chipseq_20000.dot 4605965334 94.972509528 461454996.7082 139545244.10476 145.741138989007 6023648645.09679
0 atacseq_200.dot 11187378708 0.071339995 10472572.0506714 3094286.69720294 0.013953574 3094286.69720294
0 chipseq_15000.dot 3793245764 77.2331591729997 259638920.429427 109771614.692214 64.4629310830048 4325186765.6392
0 atacseq_8000.dot 14091675276 11.262637216 292096592.945195 101089069.01025 12.1596053279996 2075949802.90046
0 eager_10000.dot 19132169434 69.156358834 306214941.647508 66947277.8101007 71.3478087890067 1068978832.45908
0 methylseq_8000.dot 11897958606 35.6613609379999 131840813.540815 82566572.6802138 16.5488725420007 278830591.686572
0 eager_15000.dot 25705994498 87.1876657099999 585427385.904476 163549786.686924 301.440925493988 1810805753.19611
0 eager_1000.dot 19075314980 1.253685888 30375176.1549275 9830336.11976156 0.358045999999997 72612556.0746945
0 eager_30000.dot 25705994498 331.831491298001 1130250519.88379 307333681.216409 2282.05811074146 3581535448.99
0 eager_10000.dot 25705994498 55.842997779 442023341.723666 104870879.187109 61.1072653379999 1177388602.79579
0 chipseq_20000.dot 3793245764 110.515477528999 377889977.014576 144751161.888485 135.597907154006 5850271012.23981
0 chipseq 5058052541 0.008121932 2097254.51057246 1992731.60517496 0.001387634 1992731.60517496
0 chipseq_30000.dot 41366257414 31.005620887 6439111767.11465 2552319915.74582 651.40902494298 18009935485.807
0 eager_8000.dot 14754556884 46.518786623 221672589.634109 52812557.1236401 40.3948519430025 833843779.410687
0 chipseq_30000.dot 32978181418 23.457452102 5297241486.35027 2098118559.11248 639.721048414019 19246323874.2245
0 methylseq_25000.dot 110641579976 844.581038690001 13016958698.5261 5739830794.89747 855.015096299918 18551272556.2018
0 eager_10000.dot 14754556884 62.5068263759998 270751054.689309 65172416.85439 69.4408004610062 1006482234.98672
0 eager_30000.dot 14754556884 845.480811622004 761578314.442856 197035695.530968 2489.07266725247 2970654236.06495
0 methylseq_8000.dot 6761426956 30.66878541 60188916.0800545 46151850.9999997 21.1987587169997 152022729.869148
0 atacseq_10000.dot 11809629756 22.866599174 213416578.741579 62178113.8711512 20.3334167809991 2164299615.50958
0 eager_20000.dot 19132169434 336.988324323001 670123569.770574 134714805.358342 909.218077402976 2284901428.39399
0 eager_200.dot 19075314980 0.134455051 13477109.8484104 5845557 0.032704437 5845557
0 eager_20000.dot 14754556884 276.189387641999 530523737.061548 127548178.735433 995.843680325948 2001148557.43132
0 chipseq 4807293396 0.008148241 1709995.82503178 1630043.46875 0.001388261 1630043.46875
0 eager_15000.dot 8330435694 385.621919871 254176985.462187 54015391.0092158 472.812635937992 1086344160.20206
0 methylseq_10000.dot 6761426956 55.7136735200001 77383686.1104975 58646153.4757902 28.2191404180001 184978668.601229
0 methylseq_1000.dot 22500260922 0.52632189 31948800.4100596 21216445.1507992 0.193080645999998 65472960.0367189
0 methylseq_8000.dot 22500260922 32.467324013 336312476.05651 166065404.656622 14.7670005500001 738627837.250603
0 methylseq_25000.dot 8885797810 956.544757831007 323059543.842453 197868564.73364 682.475920987972 770270904.013151
0 atacseq_1000.dot 2223941232 0.549475698 8696160.81237143 3462586.30430798 0.169868820999999 67164269.1865361
0 atacseq_4000.dot 3908761308 5.71078998 42524763.3905037 20201138.518638 2.74620255599996 611528340.865259
0 chipseq_10000.dot 3793245764 39.301894826 154611666.953621 72182509.2634735 24.5217625440009 2621486166.31564
0 eager_1000.dot 19132169434 1.284653639 35081749.5174847 9800013.43522018 0.358259426999997 71784187.5715681
0 methylseq_20000.dot 17027257018 434.621219823999 651180080.966459 302879126.717946 433.371768355977 1357860065.10171
0 eager_8000.dot 25705994498 45.3881270269999 364893752.771787 89359537.4525509 36.8859866480034 1008716900.97909
0 methylseq_2000.dot 17027257018 1.429427338 48131961.6941094 31872041.3811094 0.74265979299999 97975084.1949349
0 methylseq_4000.dot 6761426956 6.12737403100001 30483104.2616821 23606965.9410063 4.618686889 83899033.9818301
0 chipseq_8000.dot 4807293396 23.1698501209999 114276499.742658 44457132.5514465 13.173540956 2206384545.65391
0 methylseq_20000.dot 6273818718 401.37758212 153904873.154094 106465171.037298 441.415725350955 412582489.911039
0 eager_4000.dot 19100037384 16.928393088 129967010.087508 31518776.2759803 7.02341683400013 392461056.420353
0 methylseq_20000.dot 22500260922 489.002766791999 858900875.100325 407134776.429919 445.354889933974 1955885505.76253
0 eager_2000.dot 14754556884 4.54610923 57325541.6684182 17119704.6151078 1.48167879900005 136763798.694723
0 atacseq_20000.dot 11187378708 93.9476671179996 470121208.772795 140554489.5194 133.321821701003 4217389799.7893
0 methylseq_4000.dot 22500260922 6.450854663 165096212.165209 81966206.8460227 2.98502024599995 321199470.912829
0 atacseq_15000.dot 2223941232 87.1936359859998 118882517.250689 48845971.954345 64.4159347170056 1985852582.30424
0 atacseq_8000.dot 2223941232 24.33542659 56021933.8438537 26379062.4547117 13.6822324999995 1005907519.7221
0 chipseq_200.dot 41366257414 0.062343607 32738688.8940924 28044514.8645833 0.011868379 32379550.4013228
0 eager_200.dot 19132169434 0.134200263 13485009.2907335 5835768.0375 0.032301355 5835768.0375
0 chipseq_25000.dot 4807293396 146.838930482999 502606983.854676 137427291.235835 377.285923172996 7345924818.89012
0 atacseq_4000.dot 2223941232 5.403553806 28407653.5297785 13591591.2717404 2.75995520299998 501954004.952689
0 chipseq_10000.dot 41366257414 7.364610931 2192627701.4608 832392743.921682 24.033965830001 5869810913.14135
0 chipseq_4000.dot 4605965334 6.982835264 62222505.0834583 28298275.7114494 2.97012565500001 964238543.332489
0 atacseq_10000.dot 2223941232 38.471741615 68699394.6333162 32454466.6330202 23.5375996449987 1127016077.26546
0 chipseq_25000.dot 3793245764 137.070277051 550729235.615958 182025380.934588 377.994327960998 7293720170.55654
0 methylseq_25000.dot 17027257018 820.560771428998 813993805.153313 382786802.54302 728.137752660976 1841175357.18922
0 eager_30000.dot 19132169434 552.015164154999 904646784.236001 201378917.38446 2378.54637043892 3320758727.59678
0 eager_2000.dot 8330435694 4.23033826199999 27521230.9845705 9473086.35972393 1.47555961800001 93621123.2763863
0 chipseq_30000.dot 5058052541 199.726777583999 755590828.488399 198656703.515355 877.468602786983 9043013740.79876
0 methylseq_4000.dot 11897958606 9.130746963 57742575.9431033 42012026.4985604 3.67065601499993 119184357.076069
0 chipseq_4000.dot 4807293396 6.28176024899999 52569026.9041726 21702191.6143658 2.76103932299998 961418593.809861
0 eager_200.dot 14754556884 0.139067181 10469575.0099704 5825674.6375 0.0330821710000001 5825674.6375
0 methylseq_15000.dot 22500260922 134.012990223 651794763.551784 302527346.018079 131.482408475006 1424282993.44433
0 chipseq_20000.dot 32978181418 13.039375814 3538666816.21119 1384141366.71155 144.648372414002 12332560356.8784
0 methylseq_2000.dot 6273818718 1.491089571 13332138.1830236 11110664.7386941 0.82933364199999 24943704.2530602
0 methylseq_1000.dot 17027257018 0.506485651 24776869.7005203 15508486.7413882 0.201617102999997 41852206.2489144
0 eager_25000.dot 19100037384 548.992761326004 762507236.330717 164908273.27865 1518.33522609191 2725015528.90157
0 chipseq_8000.dot 4605965334 24.836030551 131373660.095774 55993079.6869592 14.24098517 2146083184.19738
0 atacseq_2000.dot 2223941232 1.480237457 15846860.2148707 6695221.41937726 0.672862860999992 195521880.365925
0 methylseq_200.dot 6273818718 0.071714497 1974293.85027147 1973744.425 0.01318473 1973744.425
0 atacseq_8000.dot 11187378708 14.0669839159999 163064467.729122 54544378.550404 11.962867668 1628891817.14318
0 methylseq 8885797810 0.00324807 1402989.43780563 1402989.4375 0.000475112 1402989.4375
0 methylseq_10000.dot 22500260922 52.6734319379999 425175113.515491 205672209.184645 26.7694079159984 908882529.540949
0 methylseq_1000.dot 6761426956 0.509386029 7647268.4454249 5817295.225 0.205954061999998 9628098.37080856
0 chipseq_2000.dot 3793245764 1.729530232 27337421.3469186 15219945.4742492 0.698579596999991 461778470.022093
0 methylseq_25000.dot 22500260922 876.471622396001 1093573806.62323 511062208.802 725.702178727975 2405693649.39627
0 chipseq_30000.dot 3793245764 193.479574281 628508326.066914 218162640.272413 761.436278908978 8744818868.49224
0 methylseq_1000.dot 8885797810 0.509793149999999 11266410.2773154 8631771.27846465 0.193775596999998 16668656.0586777
0 eager 19132169434  0.039288925 6017957.09879641 5835768.0375 0.009296297 5835768.0375
0 methylseq_10000.dot 17027257018 52.07042997 313781827.264224 152381269.887757 27.6501616419988 639323669.914224
0 eager_200.dot 8330435694 0.138221826 7711236.6815701 3178859.14583333 0.03276184 3178859.14583333
0 chipseq_10000.dot 4807293396 34.777365981 168543495.874807 55456137.222796 22.2395889700006 2748132604.85418
