algo_nr wf_name inp_size dur_alg1 ms_1 ms_perc dur_alg2 ms_2
2 atacseq_30000.dot 14091675276 91.568590942 1593384045.44386 1481291002.91983 42.8151981470005 1481291002.91983
2 chipseq_15000.dot 41366257414 22.4086190190001 3656502986.9228 4645337194.21011 4.69032773299995 4645337194.21011
2 methylseq_15000.dot 6761426956 141.309873698 122137735.50482 145947101.335838 44.1419699670001 145947101.335838
2 atacseq_15000.dot 3908761308 77.2233157250003 260490978.443829 237767978.418251 19.3840823859997 237767978.418251
2 eager 19075314980 0.032106793 3407917.87418099 5845557 0.006614441 5845557
2 eager_1000.dot 25705994498 1.257638779 31552913.378404 22499860.3679068 0.248279427 22499860.3679068
2 eager_20000.dot 8330435694 417.461343321 178183842.043128 132817503.419425 122.961387786 132817503.419425
2 eager_25000.dot 14754556884 426.834942167 457172439.680069 317389411.862366 97.1479422200004 317389411.862366
2 methylseq_1000.dot 110641579976 0.555371641 525624560.158467 660132434.780672 0.143282648999999 660132434.780672
2 chipseq_200.dot 5058052541 0.068537075 8409214.82561555 4793011.24874705 0.008051192 4793011.24874705
2 atacseq_30000.dot 11809629756 315.005268374001 928804362.573178 856933244.04329 99.3858574089995 856933244.04329
2 methylseq_1000.dot 6273818718 0.521072834 6840827.97276714 5338992.625 0.119146242 5338992.625
2 chipseq_4000.dot 41366257414 3.143161152 984896860.173626 965340400.73099 0.37850788 965340400.73099
2 atacseq_2000.dot 14091675276 1.554784848 115474448.932601 81915676.6843802 0.402216241 81915676.6843802
2 atacseq_1000.dot 11809629756 0.544365609 28293362.2788691 17927857.089429 0.0965317960000001 17927857.089429
2 methylseq_200.dot 17027257018 0.0721784539999999 4481533.55944585 4333329.78125 0.007321413 4333329.78125
2 methylseq_30000.dot 110641579976 805.917535552995 16144838260.3426 15726166173.0546 310.991478921006 15726166173.0546
2 methylseq_8000.dot 110641579976 25.060058888 4159813245.90018 4556392962.4896 10.5291408269999 4556392962.4896
2 methylseq_20000.dot 6761426956 230.819928792 168182267.043957 157474687.629894 99.8842064869995 157474687.629894
2 atacseq_8000.dot 3908761308 24.2253621780001 147169453.218249 120066028.786081 6.55078817399997 120066028.786081
2 methylseq_8000.dot 17027257018 31.035250129 246374948.8693 230438464.968406 8.70614499899977 230438464.968406
2 atacseq_10000.dot 14091675276 15.156834682 564463194.337228 483245059.82805 4.36698309899999 483245059.82805
2 atacseq_20000.dot 11809629756 148.073548388 629335564.789474 533720186.701651 41.0867012060002 533720186.701651
2 atacseq_30000.dot 3908761308 219.709875609 580081922.101675 409050216.581898 79.293713301 409050216.581898
2 eager_2000.dot 25705994498 4.182351492 60213479.9507233 63630751.1215052 0.823216827 63630751.1215052
2 eager_1000.dot 14754556884 1.082793984 22399095.9751403 16765332.5356628 0.294256762 16765332.5356628
2 atacseq_30000.dot 11187378708 332.157786083 924987184.122192 914966929.11983 70.8286663929995 914966929.11983
2 methylseq_10000.dot 8885797810 53.2557030929999 120665604.68412 121621330.940495 16.1202005600004 121621330.940495
2 atacseq_4000.dot 11809629756 4.781619068 118604460.093713 106367068.972799 1.53775511899999 106367068.972799
2 atacseq_1000.dot 14091675276 0.576796775 44664856.7551941 34137387.5039248 0.113737897 34137387.5039248
2 methylseq_4000.dot 6273818718 5.73198435900001 27645813.4244956 27336779.6473388 2.14702977500001 27336779.6473388
2 chipseq_1000.dot 4605965334 0.651353528 18358836.8846855 18270974.2733588 0.129849840999999 18270974.2733588
2 atacseq_200.dot 11809629756 0.073239899 15917875.1278572 2869269.15156589 0.007725215 2869269.15156589
2 eager_8000.dot 19075314980 52.2340433279998 193515785.473021 166503016.396614 18.5420795020001 166503016.396614
2 methylseq_10000.dot 110641579976 49.287795521 5208857167.04205 5236702840.31843 17.8698806690006 5236702840.31843
2 methylseq_2000.dot 22500260922 1.458094003 71930834.2856725 77828235.2187196 0.448973445999998 77828235.2187196
2 chipseq_200.dot 32978181418 0.064255383 22694154.9510595 20633553.8098267 0.006883843 20633553.8098267
2 chipseq_2000.dot 4605965334 1.999962387 42106302.5666359 31185750.2788168 0.517962052 31185750.2788168
2 methylseq_30000.dot 8885797810 593.239216033004 387923788.798932 381281402.428155 332.700472515008 381281402.428155
2 eager_20000.dot 19075314980 235.844268802999 544832885.313316 380866384.493251 62.412506605 380866384.493251
2 atacseq_8000.dot 11809629756 20.112010677 250590645.146944 259491672.64281 5.50500161599998 259491672.64281
2 eager_30000.dot 19100037384 571.414992057999 832344611.172234 585454222.583711 204.245933402998 585454222.583711
2 chipseq_200.dot 4807293396 0.069864619 7412577.47637552 5761873.58822765 0.00815835399999999 5761873.58822765
2 chipseq_200.dot 3793245764 0.0690773729999999 7891321.40140052 4141434.58611041 0.007843173 4141434.58611041
2 eager_8000.dot 19132169434 53.6469987900001 191912582.099003 119952528.297819 19.7427948600001 119952528.297819
2 atacseq_10000.dot 11187378708 33.70810885 300879510.440736 308180025.247563 8.72041136800004 308180025.247563
2 chipseq_20000.dot 4807293396 126.457639086 403938006.432271 397555043.248554 15.9824567369999 397555043.248554
2 chipseq_10000.dot 5058052541 31.1148414200001 239123633.520424 160255604.766134 5.22690968299997 160255604.766134
2 atacseq_4000.dot 11187378708 4.44629139500001 120613396.282559 107326544.662863 1.56374239000001 107326544.662863
2 chipseq_4000.dot 32978181418 3.90775388100001 884821858.930414 804742574.02294 0.675573209 804742574.02294
2 eager_4000.dot 19075314980 17.726293454 93469545.5885172 73910928.672811 3.613252813 73910928.672811
2 methylseq_4000.dot 17027257018 5.95478443099999 118600404.744857 108314292.836667 1.805473138 108314292.836667
2 chipseq_1000.dot 41366257414 0.54664047 225525180.794809 246326097.350381 0.0460898199999999 246326097.350381
2 eager_1000.dot 19100037384 1.117950983 22159979.6178329 22709363.8079229 0.269339221 22709363.8079229
2 eager_25000.dot 25705994498 442.651914141999 903542049.874377 845156726.21979 98.4588483230004 845156726.21979
2 chipseq_25000.dot 41366257414 57.636933093 6078031878.37614 5799286434.41103 16.8015948690002 5799286434.41103
2 methylseq_15000.dot 11897958606 191.650737510001 257644685.299163 213062165.408923 44.4791917129999 213062165.408923
2 atacseq_30000.dot 2223941232 305.776362869997 312502972.602777 210416103.609797 70.1208290840003 210416103.609797
2 methylseq_1000.dot 11897958606 0.555998673 15669819.2653631 15475086.925683 0.117193216 15475086.925683
2 atacseq_2000.dot 3908761308 1.61174163 25987625.0289203 19617890.5708913 0.438794995 19617890.5708913
2 methylseq 11897958606 0.003325634 1840539.78778188 1840539.7875 0.000278666 1840539.7875
2 chipseq_25000.dot 5058052541 171.358182119 583635881.057309 541709670.489561 21.3667616899997 541709670.489561
2 methylseq_15000.dot 110641579976 118.580372798 7811810662.88432 7870084497.1346 54.0899036089999 7870084497.1346
2 methylseq_15000.dot 17027257018 124.489833088 484605941.652684 465627345.235916 44.2843016769999 465627345.235916
2 eager 14754556884 0.032184623 2916091.7562072 5825674.6375 0.006677754 5825674.6375
2 chipseq_2000.dot 32978181418 1.531695277 433887083.486185 460195903.191077 0.221963347 460195903.191077
2 eager_2000.dot 19100037384 4.34245770699999 48906823.5088135 41680676.1924074 1.030172285 41680676.1924074
2 atacseq_20000.dot 14091675276 41.6942543639998 1089414328.77159 925874256.8017 16.2723888650001 925874256.8017
2 atacseq_20000.dot 2223941232 153.384748606 212196796.44346 185906333.920372 46.2976525099999 185906333.920372
2 chipseq_2000.dot 5058052541 1.923770031 43786620.1753832 34108863.7418519 0.538266057000002 34108863.7418519
2 methylseq_20000.dot 11897958606 261.874531861 346666212.500776 324826631.731668 98.2406113219994 324826631.731668
2 atacseq_25000.dot 14091675276 68.6293633720001 1352410820.05461 1258845835.20631 27.4992813719996 1258845835.20631
2 atacseq_4000.dot 14091675276 4.75301377899999 192417355.125818 167972766.200352 0.864305259999998 167972766.200352
2 eager_200.dot 25705994498 0.119852581 13693685.0979323 7650493.11458333 0.023015689 7650493.11458333
2 atacseq_15000.dot 14091675276 28.740033958 846307590.023835 813401174.389022 8.88125310699998 813401174.389022
2 methylseq_200.dot 110641579976 0.07424107 106218938.294137 91236520.7273903 0.008185885 91236520.7273903
2 methylseq 6273818718 0.003382503 991875.362891611 991875.3625 0.000280882 991875.3625
2 atacseq_15000.dot 11187378708 83.3949448999999 455975108.304489 410102708.284996 16.7342390310001 410102708.284996
2 eager 25705994498 0.032170676 4321078.74050924 7650493.11458333 0.006596143 7650493.11458333
2 methylseq_4000.dot 8885797810 5.340152165 43262843.061112 40774917.9851048 2.172881702 40774917.9851048
2 methylseq_20000.dot 110641579976 223.441525532 10768362458.3118 10455533502.0429 113.858448617001 10455533502.0429
2 chipseq_2000.dot 41366257414 1.268912671 476250052.490325 553729165.125187 0.117980665 553729165.125187
2 chipseq_15000.dot 32978181418 37.9637496530004 3264539538.46221 3083390148.00834 5.33259078 3083390148.00834
2 chipseq_8000.dot 5058052541 16.0674052480001 217686188.582628 213760883.548447 4.25876714899999 213760883.548447
2 methylseq_8000.dot 8885797810 31.6993343460001 94171794.3435909 97331042.524619 10.0752383100001 97331042.524619
2 chipseq_8000.dot 41366257414 8.59098820600003 1931329900.80804 1733829285.29642 1.345348234 1733829285.29642
2 methylseq_8000.dot 6273818718 32.290330953 56144312.7410963 51439313.8105702 10.3212028410002 51439313.8105702
2 eager_15000.dot 19100037384 161.864858179001 380368262.674385 251764723.100579 41.2805027810002 251764723.100579
2 chipseq_30000.dot 4807293396 323.748496896 617311769.783601 517176777.304543 32.6322304449991 517176777.304543
2 methylseq_30000.dot 6761426956 668.755724220002 259048139.630252 217468520.505637 274.17991168801 217468520.505637
2 chipseq_1000.dot 32978181418 0.573834355 202777688.651475 205751992.781158 0.0601471740000001 205751992.781158
2 methylseq_10000.dot 6273818718 71.081568664 70609998.6416754 71541515.3097692 17.3576529940007 71541515.3097692
2 methylseq_25000.dot 6761426956 517.221212721 211748521.737113 259993601.402456 175.206274036002 259993601.402456
2 chipseq_10000.dot 4605965334 29.495991447 246198202.863629 187962407.451376 6.065973539 187962407.451376
2 methylseq 22500260922 0.003280622 2895226.88566893 2895226.88541667 0.000276541 2895226.88541667
2 methylseq 110641579976 0.003238958 15084215.2250003 15084215.225 0.000269168 15084215.225
2 eager_25000.dot 8330435694 687.699753224 224504496.745574 120081215.525631 267.912696921004 120081215.525631
2 chipseq_20000.dot 41366257414 38.709046068 4881772892.42276 4282444419.84793 9.73244980599988 4282444419.84793
2 chipseq_20000.dot 5058052541 112.534381345 430410248.500377 382956785.052074 13.516922669 382956785.052074
2 chipseq_8000.dot 32978181418 10.570620946 1761433331.57742 1637846972.64563 1.45646466700001 1637846972.64563
2 atacseq_25000.dot 11187378708 213.626269271999 753379530.530033 611234628.011446 56.2498427689995 611234628.011446
2 atacseq_25000.dot 3908761308 154.692859756 476727465.677781 326873758.329565 59.3293320769994 326873758.329565
2 chipseq_4000.dot 5058052541 5.99749322300001 110017293.53999 102273773.573281 1.628280132 102273773.573281
2 eager 8330435694 0.03233465 1397689.04783977 3178859.14583333 0.006648037 3178859.14583333
2 eager_15000.dot 14754556884 158.517752127 263334285.069153 266707000.85889 42.7113536699999 266707000.85889
2 chipseq_15000.dot 4807293396 61.4805317510002 310498338.698972 272447462.38605 11.4798559959999 272447462.38605
2 eager_4000.dot 25705994498 14.382060864 141343373.951014 115860976.282792 3.16119686699999 115860976.282792
2 eager_8000.dot 19100037384 53.5461717279999 198327752.683295 180463605.661391 19.8722733840003 180463605.661391
2 methylseq_4000.dot 110641579976 5.82062692 2149203542.79234 2105726029.14809 2.13843845600001 2105726029.14809
2 atacseq_200.dot 14091675276 0.075409967 21387345.8028378 5867623.0257374 0.007848526 5867623.0257374
2 chipseq_25000.dot 32978181418 89.4834374850004 5443346550.99857 4876898953.65299 27.2461034149997 4876898953.65299
2 eager_10000.dot 19100037384 71.978160533 245234614.776072 124795241.782048 18.2283405699999 124795241.782048
2 methylseq_30000.dot 11897958606 979.689668689003 522100291.850106 560587145.760736 319.003450003005 560587145.760736
2 atacseq_25000.dot 11809629756 229.446570738 772597795.989881 745218219.604949 61.384880443 745218219.604949
2 eager_30000.dot 19075314980 610.734874085 845923277.980915 694051831.106987 173.570294666998 694051831.106987
2 methylseq_25000.dot 11897958606 483.152326404001 438660510.607481 440765208.657464 172.759435082998 440765208.657464
2 eager_15000.dot 19132169434 158.214155551 412847283.161782 251270913.443609 43.126328524 251270913.443609
2 methylseq_30000.dot 22500260922 691.029998258998 1290014545.05731 1274309959.19276 269.886081308006 1274309959.19276
2 atacseq_2000.dot 11187378708 1.441316084 56666904.661041 36273529.3188008 0.375952868000001 36273529.3188008
2 methylseq_10000.dot 11897958606 57.197822694 169112623.95405 179434777.278354 17.430801702 179434777.278354
2 chipseq_25000.dot 4605965334 127.260794086 552301995.030639 455088992.078478 39.3970024920003 455088992.078478
2 methylseq_30000.dot 6273818718 681.362025459 235810999.459416 201818022.416407 281.049233480003 201818022.416407
2 eager_30000.dot 8330435694 848.063281916999 262039264.635065 183330376.670132 305.8411921 183330376.670132
2 chipseq_200.dot 4605965334 0.070555876 7751044.09497447 5987590.07994979 0.00815578 5987590.07994979
2 methylseq_15000.dot 6273818718 160.192885159999 112124834.537697 91943240.270952 44.8812745669999 91943240.270952
2 methylseq_2000.dot 11897958606 1.388971464 30480394.3127711 29641567.9191749 0.44683619 29641567.9191749
2 atacseq_200.dot 3908761308 0.0733155 4108932.41518952 2118147.45692334 0.007933704 2118147.45692334
2 eager_8000.dot 8330435694 78.4513694509998 75307866.6016081 61531095.281215 12.640796333 61531095.281215
2 atacseq_200.dot 2223941232 0.075069836 2059076.49632468 1231874.1125 0.008317149 1231874.1125
2 chipseq_2000.dot 4807293396 3.309136768 36514299.7225723 29232363.6440155 0.549669088000002 29232363.6440155
2 eager_20000.dot 19100037384 267.969226592 533191658.061926 469364460.661059 75.3962044270004 469364460.661059
2 eager_10000.dot 19075314980 79.0426865130004 239090701.981318 195442615.698537 19.8468287639998 195442615.698537
2 methylseq_25000.dot 6273818718 426.736451525002 195614687.79677 197549176.382037 172.90244056 197549176.382037
2 eager_10000.dot 8330435694 123.257523749 101419400.919535 94433434.013784 22.0918001950001 94433434.013784
2 methylseq_200.dot 8885797810 0.072001525 2796243.8913975 2795543.05 0.007316443 2795543.05
2 chipseq 32978181418 0.006754627 11836770.6876628 11570347.5 0.000687188 11570347.5
2 methylseq_2000.dot 6761426956 1.457206126 14554566.1998235 14611843.8482294 0.488934159000001 14611843.8482294
2 atacseq_1000.dot 11187378708 0.54792798 27024404.4238794 19478780.8805668 0.094935642 19478780.8805668
2 eager 19100037384 0.032081954 3755393.67475747 5859670.3875 0.006616316 5859670.3875
2 chipseq_10000.dot 32978181418 17.2699502740001 2200560215.3404 2386879284.30992 2.46946701099999 2386879284.30992
2 methylseq_2000.dot 110641579976 1.517317904 1076496598.0127 1322865023.47035 0.488899538 1322865023.47035
2 chipseq_8000.dot 3793245764 27.0946495560001 170371955.511068 160510975.638027 4.92002468099996 160510975.638027
2 eager_25000.dot 19132169434 380.897781307997 676562913.006499 417438897.80381 147.923620469 417438897.80381
2 eager_4000.dot 19132169434 18.649027356 91098718.9295596 86442625.306156 4.28145981800001 86442625.306156
2 chipseq_1000.dot 4807293396 0.611781313 16499742.8344135 16744163.3810431 0.132167421 16744163.3810431
2 eager_15000.dot 19075314980 149.40880955 410670277.571357 257317321.674524 31.3163393529998 257317321.674524
2 methylseq_200.dot 6761426956 0.073880654 2149874.2180794 2148974.675 0.007289742 2148974.675
2 methylseq 17027257018 0.003689831 2175361.36495513 2175361.36458333 0.000276979 2175361.36458333
2 eager_1000.dot 8330435694 1.165398042 9029574.29802741 9516928.31565634 0.311875673 9516928.31565634
2 chipseq_4000.dot 3793245764 8.74219182599999 79703270.2777556 72302474.4678117 1.619169717 72302474.4678117
2 methylseq_200.dot 11897958606 0.07212508 3670646.19301779 3669578.9375 0.007282546 3669578.9375
2 atacseq_1000.dot 3908761308 0.571686019 12831896.1749999 10001601.8186499 0.111171491 10001601.8186499
2 chipseq_1000.dot 3793245764 0.621851568 16475917.9715202 16563462.1893053 0.126445437 16563462.1893053
2 atacseq_2000.dot 11809629756 1.542835036 56460955.7020735 37698404.1973085 0.386038122999999 37698404.1973085
2 eager_4000.dot 8330435694 16.367627155 45115718.1158954 34793678.1192045 4.700867366 34793678.1192045
2 methylseq_200.dot 22500260922 0.071420897 5972841.46002626 5774853.875 0.0073238 5774853.875
2 eager_4000.dot 14754556884 15.322924255 79062016.9083364 102792289.291224 3.64180526899997 102792289.291224
2 methylseq 6761426956 0.003347584 1080079.26295511 1080079.2625 0.000281261 1080079.2625
2 eager_200.dot 19100037384 0.111746387 10837862.727301 5859670.3875 0.022903452 5859670.3875
2 methylseq_20000.dot 8885797810 246.321052067999 253514331.476196 206955084.93569 107.848779005 206955084.93569
2 atacseq_25000.dot 2223941232 217.895131773999 264772048.663154 245102160.064368 79.6052718340001 245102160.064368
2 eager_20000.dot 25705994498 270.673834564002 732386821.360311 645220735.322547 74.537999048999 645220735.322547
2 eager_25000.dot 19075314980 385.259134997999 707428357.493394 522800563.907559 118.521252102999 522800563.907559
2 chipseq_15000.dot 5058052541 51.595946797 345851988.691122 350589039.347563 8.57869463499992 350589039.347563
2 chipseq_1000.dot 5058052541 0.666782295000001 21590295.985547 18990203.1675857 0.132646437 18990203.1675857
2 atacseq_15000.dot 11809629756 73.6200675070002 497050164.994517 528340603.128677 19.461727325 528340603.128677
2 methylseq_2000.dot 8885797810 1.434228914 22364367.2499322 21560425.7073929 0.437249025999997 21560425.7073929
2 chipseq 41366257414 0.006469492 15295377.083095 14969039.9113469 0.000673705 14969039.9113469
2 methylseq_15000.dot 8885797810 129.294632897 189823660.479669 195983490.973469 45.4582213070006 195983490.973469
2 methylseq_30000.dot 17027257018 630.199223147997 1022031747.14217 1098945934.48936 281.977775433007 1098945934.48936
2 eager_2000.dot 19075314980 4.244405896 43157239.5116461 42096163.7948032 1.084536215 42096163.7948032
2 eager_2000.dot 19132169434 4.273645193 44189200.122589 42603225.5077562 1.052456346 42603225.5077562
2 chipseq_20000.dot 4605965334 100.00670048 430647196.108533 422851011.021255 24.7533373879999 422851011.021255
2 atacseq_200.dot 11187378708 0.074732679 19683868.9618469 3045863.26944051 0.00820614 3045863.26944051
2 chipseq_15000.dot 3793245764 58.203427105 309483492.59231 300975965.305468 15.93038566 300975965.305468
2 atacseq_8000.dot 14091675276 11.794078396 440510513.213071 437359860.266894 2.843566546 437359860.266894
2 eager_10000.dot 19132169434 83.1606064239997 239494782.849626 199772544.072089 16.3664557829999 199772544.072089
2 methylseq_8000.dot 11897958606 33.5958121630001 131840813.540815 151862968.621129 9.20299417500005 151862968.621129
2 eager_15000.dot 25705994498 152.90296992 598231258.215419 432289189.894381 29.3417828250003 432289189.894381
2 eager_1000.dot 19075314980 1.240292218 20100239.4336926 22675096.9167464 0.264621038 22675096.9167464
2 eager_30000.dot 25705994498 616.731284726997 1051402878.74512 968492246.57446 178.082009093002 968492246.57446
2 eager_10000.dot 25705994498 77.5837353550001 415287426.433311 422546601.542166 10.484525131 422546601.542166
2 chipseq 5058052541 0.008438481 2097254.51057246 1935325.8375 0.000761057 1935325.8375
2 chipseq_30000.dot 41366257414 91.5795121310001 7298952900.8426 9520207723.71695 27.9960748220003 9520207723.71695
2 eager_8000.dot 14754556884 50.876181167 140739861.016575 128272023.784208 15.1826165640001 128272023.784208
2 chipseq_30000.dot 32978181418 125.044270449 6558129026.24174 8330493552.23911 42.6391989249995 8330493552.23911
2 methylseq_25000.dot 110641579976 448.684771444999 13016958698.5261 17939326358.2132 222.038573492002 17939326358.2132
2 eager_30000.dot 14754556884 589.370011015002 521030642.850311 428519744.652172 144.978171478002 428519744.652172
2 methylseq_8000.dot 6761426956 29.415253304 61078094.9932537 60678267.2470355 10.0085626509999 60678267.2470355
2 atacseq_10000.dot 11809629756 34.1978932989999 321306934.34125 306920807.316879 8.99604722699985 306920807.316879
2 eager_20000.dot 19132169434 270.10560446 544338435.237233 387737630.075456 79.3579015630003 387737630.075456
2 eager_200.dot 19075314980 0.112001225 10994173.0020772 5845557 0.022995085 5845557
2 eager_20000.dot 14754556884 264.508906532 402352919.280375 313851749.41129 62.0632371349997 313851749.41129
2 chipseq 4807293396 0.008311544 1709995.82503178 1590463.19791667 0.000805837 1590463.19791667
2 eager_15000.dot 8330435694 273.498404681001 153779690.851693 159634721.344635 62.8250206319996 159634721.344635
2 methylseq_10000.dot 6761426956 52.3140088740001 77372607.2193713 79769516.1161462 15.8313227679998 79769516.1161462
2 methylseq_1000.dot 22500260922 0.540140297000001 31948800.4100596 34433255.0197617 0.1119506 34433255.0197617
2 methylseq_8000.dot 22500260922 31.712693364 336837868.299853 456170449.971882 8.74974636100012 456170449.971882
2 methylseq_25000.dot 8885797810 431.729098036001 323020642.489914 392819806.574563 172.520462790002 392819806.574563
2 atacseq_1000.dot 2223941232 0.555296157 9865068.0429566 6293387.20936602 0.109008095 6293387.20936602
2 atacseq_4000.dot 3908761308 6.33617275700001 47045050.6467009 39149985.1733962 2.11899153 39149985.1733962
2 chipseq_10000.dot 3793245764 36.7412110510001 222437672.773793 194801827.130833 6.83072625800007 194801827.130833
2 eager_1000.dot 19132169434 1.216821469 21386868.8444546 22827762.6185039 0.265222687 22827762.6185039
2 methylseq_20000.dot 17027257018 250.079643914001 651079799.319057 6904141085.81342 97.7441843670001 6904141085.81342
2 eager_8000.dot 25705994498 53.9781494089999 285572575.746415 335456141.933363 7.630614912 335456141.933363
2 methylseq_2000.dot 17027257018 1.388918085 47965953.2905951 57763734.8679976 0.460112989999999 57763734.8679976
2 methylseq_4000.dot 6761426956 5.80227063100001 30483104.2616821 31197079.7603655 2.20660997399999 31197079.7603655
2 chipseq_8000.dot 4807293396 15.528620583 178633808.286405 190527117.355009 4.19315013799999 190527117.355009
2 methylseq_20000.dot 6273818718 268.264236111999 153922889.317835 150673419.649929 99.3101730339987 150673419.649929
2 eager_4000.dot 19100037384 17.356564144 92625892.9113711 113965415.710565 3.71785528700002 113965415.710565
2 methylseq_20000.dot 22500260922 249.199239943 858942877.093794 815168759.70856 98.5917969970001 815168759.70856
2 eager_2000.dot 14754556884 4.421524172 44103501.4288179 31458203.983585 1.058663293 31458203.983585
2 atacseq_20000.dot 11187378708 142.164021484 598684677.511455 530179547.640618 30.6087050099995 530179547.640618
2 methylseq_4000.dot 22500260922 6.033439617 165099180.088197 208739410.157779 1.890825915 208739410.157779
2 atacseq_15000.dot 2223941232 96.0357293639999 168440329.923718 149905782.623541 21.3606817269999 149905782.623541
2 atacseq_8000.dot 2223941232 28.473067466 67816579.0847286 55354874.0729491 7.78212425699998 55354874.0729491
2 chipseq_200.dot 41366257414 0.064922969 32738688.8940924 33493055.6562536 0.006733415 33493055.6562536
2 eager_200.dot 19132169434 0.111750314 11035887.3166527 5835768.0375 0.023056596 5835768.0375
2 chipseq_25000.dot 4807293396 192.297350218001 492943580.879369 653250116.009983 21.7513098729999 653250116.009983
2 atacseq_4000.dot 2223941232 6.37432708999999 36835001.6573621 24903956.495176 1.834363136 24903956.495176
2 chipseq_10000.dot 41366257414 11.868573779 2409011385.82821 2040440222.92396 2.04315190799998 2040440222.92396
2 chipseq_4000.dot 4605965334 8.03502778099999 91477791.2929643 95249042.4974728 1.45028439900001 95249042.4974728
2 atacseq_10000.dot 2223941232 43.1407892480001 88870340.7242887 73677506.5060161 11.198276468 73677506.5060161
2 chipseq_25000.dot 3793245764 156.338679661 449009080.348796 493750635.975288 41.316798088 493750635.975288
2 methylseq_25000.dot 17027257018 397.707384136 813897000.473298 950018051.88168 171.094197569999 950018051.88168
2 eager_30000.dot 19132169434 606.382920596003 851476838.861897 696795636.689382 176.319716073998 696795636.689382
2 eager_2000.dot 8330435694 3.536407409 19428719.9805398 19781982.0968317 1.104004307 19781982.0968317
2 chipseq_30000.dot 5058052541 225.197740306 665876193.44901 901242057.903279 36.5748019220002 901242057.903279
2 methylseq_4000.dot 11897958606 8.71853258000002 57742575.9431033 67353375.5653306 2.24434426599999 67353375.5653306
2 chipseq_4000.dot 4807293396 6.840055305 97217745.0295986 88451066.8941187 1.67162876 88451066.8941187
2 eager_200.dot 14754556884 0.117247865 7099339.33924136 5825674.6375 0.023092758 5825674.6375
2 methylseq_15000.dot 22500260922 130.540786923 651794763.551784 705716289.85159 42.2077179389994 705716289.85159
2 chipseq_20000.dot 32978181418 57.1267703840001 4370891026.172 3467693224.6536 9.66682821500005 3467693224.6536
2 methylseq_2000.dot 6273818718 1.436726731 13332138.1830236 12251233.0692515 0.499618079 12251233.0692515
2 methylseq_1000.dot 17027257018 0.544901118 24776869.7005203 23204647.3027764 0.124024185 23204647.3027764
2 eager_25000.dot 19100037384 400.424839305 638144000.452225 517047942.205147 157.995365053 517047942.205147
2 chipseq_8000.dot 4605965334 19.42686059 223499537.612126 192003318.173603 4.51083852699999 192003318.173603
2 atacseq_2000.dot 2223941232 1.697926438 19508165.6630075 11607839.6217719 0.418450595999999 11607839.6217719
2 methylseq_200.dot 6273818718 0.079068552 1974293.85027147 1973744.425 0.007509491 1973744.425
2 atacseq_8000.dot 11187378708 22.563124772 257357404.073443 256306340.378168 5.64683091800001 256306340.378168
2 methylseq 8885797810 0.003321885 1402989.43780563 1402989.4375 0.000278098 1402989.4375
2 methylseq_10000.dot 22500260922 51.5965085380001 427190865.785606 490883485.679683 15.8625961639999 490883485.679683
2 methylseq_1000.dot 6761426956 0.514330342 7647268.4454249 6578027.61553354 0.115256378 6578027.61553354
2 chipseq_2000.dot 3793245764 2.002174877 34983016.6829811 31228547.9667572 0.474079099 31228547.9667572
2 methylseq_25000.dot 22500260922 425.794976949001 1093578769.33831 1142396415.79248 168.984590687001 1142396415.79248
2 chipseq_30000.dot 3793245764 162.734595832001 549181382.260561 529186740.521663 61.8994081540007 529186740.521663
2 methylseq_1000.dot 8885797810 0.521730231 11266410.2773154 10763937.6198645 0.113763102 10763937.6198645
2 eager 19132169434 0.032165572 3803936.71357785 5835768.0375 0.00661776 5835768.0375
2 methylseq_10000.dot 17027257018 50.6150136090001 313781827.264224 327810773.030717 15.1732403549998 327810773.030717
2 eager_200.dot 8330435694 0.118305033 6422453.94740137 3178859.14583333 0.022959804 3178859.14583333
2 chipseq_10000.dot 4807293396 30.035270891 224535959.181807 238639609.582538 6.34064564599997 238639609.582538
2 atacseq 2223941232 0.053557076 1626930.62404775 1192013.31082618 0.008183913 1192013.31082618
2 atacseq 3908761308 0.057021049 1978515.72136798 2061845.1375 0.008159159 2061845.1375
2 atacseq 11187378708 0.053185426 3296638.06467352 3002409.44541934 0.007981896 3002409.44541934
2 atacseq 11809629756 0.053814362 2887089.7755661 2860993.34375 0.008037265 2860993.34375
2 atacseq 14091675276 0.055934327 5911087.06400105 5678875.125 0.008312706 5678875.125
