algo_nr wf_name inp_size dur_alg1 ms_1 dur_alg2 ms_2 
1 atacseq_30000.dot 14091675276 24.8085219829999 1596304149.55809 45.604325691 1754081151.22774 
1 chipseq_15000.dot 41366257414 14.654966047 2464777611.37455 8.512430121 2824716062.86246 
1 methylseq_15000.dot 6761426956 59.7436288279999 568024905.763842 75.309077938 568983221.724436 
1 atacseq_15000.dot 3908761308 14.924407131 258084057.182241 18.97309653 321611992.788877 
1 eager 19075314980 0.024731682 2206378.29022098 0.02176333 2137662.62654807 
1 eager_1000.dot 25705994498 0.838909368000001 29629588.7605328 0.679451948 42600699.565789 
1 eager_20000.dot 8330435694 125.678127714 427525402.977796 259.194395223 588454930.617404 
1 eager_25000.dot 14754556884 82.5216231400001 423441531.639122 391.965415994 805304490.013821 
1 methylseq_1000.dot 110641579976 0.306686512 265442678.311565 0.304212634 265240086.880358 
1 chipseq_200.dot 5058052541 0.039522973 3155990.2975679 0.03094306 2483400.80896391 
1 atacseq_30000.dot 11809629756 46.541962197 1017901802.74975 105.70357662 1054347660.57536 
1 methylseq_1000.dot 6273818718 0.299231586 16577333.1343806 0.317160176 16594149.0548578 
1 chipseq_4000.dot 41366257414 1.505963719 648687274.514294 0.981577532 709435528.932386 
1 atacseq_2000.dot 14091675276 0.536980034 107048739.541852 0.642009561 108782449.446444 
1 atacseq_1000.dot 11809629756 0.26657451 23173726.2053876 0.302903732 29799404.4781901 
1 methylseq_200.dot 17027257018 0.041604231 17370621.7702448 0.040272591 17379142.1238793 
1 methylseq_30000.dot 110641579976 352.016989652999 7590703769.73041 350.661374579 7615252261.88822 
1 methylseq_8000.dot 110641579976 8.03024590799999 2032784114.06294 13.661384316 2040174463.00582 
1 methylseq_20000.dot 6761426956 113.690511574 758725034.267595 151.658249143 759995921.045628 
1 atacseq_8000.dot 3908761308 4.80234320999998 141265089.148209 6.532460797 168126549.011218 
1 methylseq_8000.dot 17027257018 8.559173929 766445344.691455 14.117870806 767375179.472995 
1 atacseq_10000.dot 14091675276 3.75024130400001 534832899.263322 5.927540989 565930688.478307 
1 atacseq_20000.dot 11809629756 21.707101169 674301841.48949 39.359948907 701607389.830814 
1 atacseq_30000.dot 3908761308 35.1523212910001 531585314.826837 59.155466295 650394345.298518 
1 eager_2000.dot 25705994498 2.005312713 68060624.8150077 1.657430758 108523556.017315 
1 eager_1000.dot 14754556884 0.897214746 17572870.8748505 0.645682841 20440281.3748683 
1 atacseq_30000.dot 11187378708 38.1345807790001 932067209.206318 87.498886219 1035138746.5105 
1 methylseq_10000.dot 8885797810 17.689304579 496538311.271902 24.711894239 497358993.27606 
1 atacseq_4000.dot 11809629756 2.385211281 126205391.327902 2.232064462 135306825.465834 
1 atacseq_1000.dot 14091675276 0.230522403 51893465.5493457 0.268298212 48935476.4263419 
1 methylseq_4000.dot 6273818718 2.17739672600001 78948378.133151 3.340557166 79102962.4171628 
1 chipseq_1000.dot 4605965334 0.313775515 26946628.3617397 0.299250954 33786043.2426225 
1 atacseq_200.dot 11809629756 0.050874714 221756.461535114 0.036308928 206423.998859087 
1 eager_8000.dot 19075314980 14.908441178 180167915.922258 23.427883971 317002932.059431 
1 methylseq_10000.dot 110641579976 18.139865795 2539308717.78543 18.562568369 2546840767.63547 
1 methylseq_2000.dot 22500260922 0.792585864999999 42071429.5511063 0.963865174 42355981.2904612 
1 chipseq_200.dot 32978181418 0.031273425 28952136.3717041 0.028513424 33292170.684201 
1 chipseq_2000.dot 4605965334 0.712354026000001 57421138.1855436 0.808732955 69268669.9784485 
1 methylseq_30000.dot 8885797810 176.940397845001 1498571397.80419 417.509273798 1501085575.48229 
1 eager_20000.dot 19075314980 51.1009025729998 456311937.037945 173.948076854 798389507.003808 
1 atacseq_8000.dot 11809629756 5.70497303299998 248804345.121814 6.401207593 277768503.19108 
1 eager_30000.dot 19100037384 103.417576979 680187012.047661 540.028265965 1221098653.58359 
1 chipseq_200.dot 4807293396 0.03934659 2994045.72266486 0.031148034 2409277.25967098 
1 chipseq_200.dot 3793245764 0.046071572 56167.9110000001 0.033360748 749638.944232714 
1 eager_8000.dot 19132169434 15.077704625 181997628.640266 21.077540822 319020119.61011 
1 atacseq_10000.dot 11187378708 7.74889366700001 297144464.091535 9.030593821 333350831.443875 
1 chipseq_20000.dot 4807293396 19.809482888 639857080.701977 41.563578787 806949599.401956 
1 chipseq_10000.dot 5058052541 7.15879625899999 343602176.376593 12.203384084 476290347.946543 
1 atacseq 3908761308 0.008974135 55562.4026291754 0.006581664 29956.8083490457 
1 atacseq_4000.dot 11187378708 2.511539432 119102191.413987 2.287212677 131189496.674744 
1 chipseq_4000.dot 32978181418 1.311116883 801627647.928454 1.360231621 891039557.205978 
1 eager_4000.dot 19075314980 6.09047394499999 90870255.3159132 5.385193176 150494505.523617 
1 methylseq_4000.dot 17027257018 2.309144682 381505566.942365 3.976030408 381966233.614223 
1 chipseq_1000.dot 41366257414 0.229054955 153585445.963057 0.186132719 169223232.224839 
1 atacseq_10000.dot 3908761308 6.184606235 175720758.816487 9.793857161 211129949.971792 
1 eager_1000.dot 19100037384 0.869538450000001 24148459.2679393 0.627608319 28513403.9562514 
1 eager_25000.dot 25705994498 151.445118730001 843631596.474377 281.243028575 1298893017.89085 
1 chipseq_25000.dot 41366257414 40.5425661579998 4108567802.53976 19.975387372 4780920031.46604 
1 atacseq 14091675276 0.00643533 3010560.32565464 0.005705206 2801411.717984 
1 methylseq_15000.dot 11897958606 33.8679175070001 1008496757.82983 72.094730606 1010093900.64094 
1 atacseq_30000.dot 2223941232 48.7615405659999 378781096.951596 75.651423888 385167287.297985 
1 methylseq_1000.dot 11897958606 0.287046304 65479529.8676151 0.338164433 65572121.2992906 
1 atacseq_2000.dot 3908761308 0.787870142999999 29375602.3534839 0.832611659 41249465.7195416 
1 methylseq 11897958606 0.002439991 18441.8166653709 0.001701915 18427.5635 
1 chipseq_25000.dot 5058052541 29.1161308279998 865386250.645839 79.141967561 1215205646.7139 
1 methylseq_15000.dot 110641579976 56.4507935930001 3801369885.34992 49.792518125 3812800311.19466 
1 methylseq_15000.dot 17027257018 34.908099676 1442691267.24129 59.838483685 1444457239.47095 
1 eager 14754556884 0.024933574 561018.393167068 0.019362666 505630.98743924 
1 chipseq_2000.dot 32978181418 0.523099048 390487320.311611 0.519779549 441669262.4484 
1 eager_2000.dot 19100037384 2.267129927 47299322.3721778 1.758153358 72534324.4719305 
1 atacseq_20000.dot 14091675276 11.207951219 1104793069.78582 20.864203789 1158089730.60786 
1 atacseq_20000.dot 2223941232 24.0330685009999 247417943.641484 39.375544571 258526780.215667 
1 chipseq_2000.dot 5058052541 0.623541585999999 67433010.5913781 0.773898257 90056445.3768725 
1 methylseq_20000.dot 11897958606 63.4477328649998 1345462164.57903 138.228594666 1347591727.87322 
1 atacseq_25000.dot 14091675276 18.125552222 1344397792.13797 32.535748391 1454822192.62336 
1 atacseq_4000.dot 14091675276 1.206686699 224925482.69549 1.562249088 219343805.402919 
1 eager_200.dot 25705994498 0.08409538 2010959.07383027 0.069140315 3318096.72797279 
1 chipseq_15000.dot 4605965334 9.59931581600004 456924939.200211 19.131601597 582488891.556604 
1 atacseq_15000.dot 14091675276 6.78874806300003 802936263.729802 10.93094398 862560293.974434 
1 methylseq_200.dot 110641579976 0.039663453 56849220.9549982 0.039207488 55656600.0971805 
1 methylseq 6273818718 0.002456282 9950.21661322558 0.001729132 9936.834125 
1 atacseq_15000.dot 11187378708 13.4323244659999 479326809.483345 21.607870758 514695490.652594 
1 eager 25705994498 0.023492838 1980446.95413917 0.019188896 3004809.41560048 
1 methylseq_4000.dot 8885797810 2.33934547300001 195031743.032696 4.230360291 195351513.355188 
1 methylseq_20000.dot 110641579976 122.041455262001 5064975263.83789 119.199524042 5081046515.67568 
1 chipseq_2000.dot 41366257414 0.573337801000001 319670915.697083 0.412121056 349493956.584831 
1 chipseq_15000.dot 32978181418 9.88731247099992 3061859969.20187 14.949449055 3472419158.4276 
1 chipseq_8000.dot 5058052541 4.533049758 274859534.776403 8.179374388 380109787.475312 
1 methylseq_8000.dot 8885797810 8.40461532799998 395433678.268725 13.940811149 396089352.030206 
1 chipseq_8000.dot 41366257414 4.91576563199999 1313749747.99798 2.687747874 1464320274.47051 
1 methylseq_8000.dot 6273818718 7.47996516499999 162662388.307131 12.2525938 163213993.479037 
1 eager_15000.dot 19100037384 33.0006191109999 340310726.240263 85.757300665 604676347.11121 
1 chipseq_30000.dot 4807293396 38.80372368 996689657.379745 90.00434282 1217584394.08789 
1 methylseq_30000.dot 6761426956 173.203012851 1138762624.61045 384.532841265 1140682046.39322 
1 chipseq_1000.dot 32978181418 0.215705168 186235464.457658 0.201325099 215519720.879223 
1 chipseq_30000.dot 4605965334 31.9282748320001 973714005.240855 79.150380426 1169659742.9701 
1 methylseq_10000.dot 6273818718 14.182803035 204722702.895916 21.90233367 205281040.725946 
1 methylseq_25000.dot 6761426956 194.884302018 949430880.620294 251.75081816 951043380.42627 
1 chipseq_10000.dot 4605965334 5.66386523499999 300591838.858007 8.618711092 387609964.559865 
1 methylseq 22500260922 0.002470072 127455.682323359 0.001725883 127438.67936679 
1 methylseq 110641579976 0.002368265 19083317.1858612 0.001678357 19083288.5698596 
1 eager_25000.dot 8330435694 164.90561141 537280839.624624 501.506971596 726417890.230789 
1 chipseq_20000.dot 41366257414 27.900642865 3296650051.62176 12.187081365 3802039178.32437 
1 chipseq_20000.dot 5058052541 18.653380371 691175411.826236 48.636222004 970945976.771938 
1 chipseq_8000.dot 32978181418 3.722840372 1625204561.04087 4.788432769 1831898029.28908 
1 atacseq_25000.dot 11187378708 35.1668725069998 785680649.000442 72.054203785 864183675.161372 
1 atacseq_25000.dot 3908761308 24.619882217 448108464.449219 43.328310069 541338872.100076 
1 chipseq_4000.dot 5058052541 1.588192506 137381899.476854 2.41732601 183968013.085325 
1 eager 8330435694 0.02556109 75262.7831290675 0.019654221 83051.9164670149 
1 eager_15000.dot 14754556884 38.7349064520001 262180016.809893 103.454903066 484345450.899005 
1 chipseq_15000.dot 4807293396 11.677688638 483446518.494345 21.57209737 602414411.817893 
1 eager_4000.dot 25705994498 5.74245962599998 144328015.328648 4.914164822 210758842.329393 
1 eager_8000.dot 19100037384 14.569630996 180407433.741434 22.855628366 315447628.312138 
1 methylseq_4000.dot 110641579976 4.170158482 1023778846.15877 3.139037971 1025989495.86821 
1 chipseq 3793245764 0.004901355 28482.0629183208 0.003479418 28083.9555 
1 atacseq_200.dot 14091675276 0.039645893 4039957.92888118 0.036313305 4174383.75797253 
1 chipseq_25000.dot 32978181418 24.8528131030001 5111069482.06429 49.040766202 5897621018.76672 
1 eager_10000.dot 19100037384 19.8371268839999 228480944.629528 36.302090049 399279873.799533 
1 methylseq_30000.dot 11897958606 174.556237621001 2016969145.99913 392.738034545 2020171142.39165 
1 atacseq_25000.dot 11809629756 30.6240365770001 811430412.533278 63.723282346 878794123.214449 
1 eager_30000.dot 19075314980 107.641624555 685094821.389485 503.639263014 1218357707.02865 
1 methylseq_25000.dot 11897958606 113.335581837001 1682427003.68455 247.779534215 1685096627.79233 
1 eager_15000.dot 19132169434 33.7724345150001 339760651.075191 89.665549338 601758144.761744 
1 methylseq_30000.dot 22500260922 431.119288738001 666638869.001774 319.864782789 673220111.006437 
1 atacseq_2000.dot 11187378708 0.801307743 54511518.0392047 0.816419749 62608150.7912935 
1 methylseq_10000.dot 11897958606 14.296376633 671531909.23338 24.516302816 672589047.141735 
1 chipseq_25000.dot 4605965334 18.952491719 762563260.623039 53.29709175 972813847.500777 
1 methylseq_30000.dot 6273818718 213.020545026999 621273713.130014 336.713411334 623438223.736234 
1 eager_30000.dot 8330435694 220.922192293 640912637.65321 705.521756557 871491037.059963 
1 chipseq_200.dot 4605965334 0.045277831 53078.1372916666 0.032941136 2313552.61474857 
1 methylseq_15000.dot 6273818718 48.4906750390001 308860463.680294 61.199154436 309823692.290778 
1 methylseq_2000.dot 11897958606 0.785455480000001 133357405.84729 1.116763415 133557999.711707 
1 atacseq_200.dot 3908761308 0.052183588 518545.916979286 0.039447968 441684.062592299 
1 eager_8000.dot 8330435694 21.9581491639999 162350592.080405 28.825715815 232817697.573519 
1 atacseq_200.dot 2223941232 0.06010844 372443.526656048 0.043099889 611521.720622927 
1 chipseq_2000.dot 4807293396 0.653442573000001 58294809.4360875 0.770287768 82208365.0902544 
1 eager_20000.dot 19100037384 52.3504327570003 453741072.828834 184.358312013 804301902.621715 
1 eager_10000.dot 19075314980 21.334634494 225106029.099919 35.466411715 397838241.895314 
1 methylseq_25000.dot 6273818718 139.147271282 517135959.803555 205.611298025 520170885.043523 
1 eager_10000.dot 8330435694 33.972288976 205438676.276217 50.119493837 295551655.589302 
1 methylseq_200.dot 8885797810 0.040929542 5454115.85145463 0.040191745 5454117.09502474 
1 chipseq 32978181418 0.003971273 8637304.8344252 0.002997213 8583227.15022185 
1 methylseq_2000.dot 6761426956 0.950884563 72743065.1017328 1.096027776 72858601.0280053 
1 atacseq_20000.dot 3908761308 19.384229747 344323979.854743 29.861849153 431057780.017627 
1 atacseq_1000.dot 11187378708 0.268454876 22414214.4221742 0.307690982 27837124.5450242 
1 eager 19100037384 0.024428594 2188822.32029008 0.01924051 2120173.45345719 
1 chipseq_10000.dot 32978181418 4.989415817 2037039764.40339 6.98053244 2299042348.26409 
1 methylseq_2000.dot 110641579976 0.886268879 517243322.306319 0.889420048 517845154.166004 
1 chipseq_8000.dot 3793245764 3.95204356300001 203170104.257937 5.601740385 262951535.774573 
1 eager_25000.dot 19132169434 81.8827451919997 578677696.336269 316.04437613 1009518508.98134 
1 eager_4000.dot 19132169434 5.97873111399999 90869849.7868134 5.302862093 151075837.87385 
1 chipseq_1000.dot 4807293396 0.267310612 23393362.1084535 0.282464827 34498564.8546178 
1 eager_15000.dot 19075314980 33.527416215 345268637.337999 99.221737756 609667131.938653 
1 methylseq_200.dot 6761426956 0.040814314 4144868.18514626 0.04006842 4144867.1858325 
1 methylseq 17027257018 0.002379943 21799.6016884726 0.001707565 21781.1225 
1 eager_1000.dot 8330435694 0.709812077000001 16051040.8007297 0.640248287 15520554.7187692 
1 chipseq_4000.dot 3793245764 1.57065087199999 101684500.245033 1.972343538 124922674.691312 
1 methylseq_200.dot 11897958606 0.040666582 12146929.974137 0.040199643 12154627.3236169 
1 atacseq_1000.dot 3908761308 0.302585939 9351822.27726099 0.34395462 15319319.5525558 
1 chipseq_1000.dot 3793245764 0.313123849 22142779.5740201 0.31379281 27147752.107048 
1 atacseq_2000.dot 11809629756 0.787387279 56001133.5251963 0.816473184 65583976.8258452 
1 eager_4000.dot 8330435694 6.103108246 73776790.9503065 7.825762941 110644833.262278 
1 methylseq_200.dot 22500260922 0.041790277 3727490.45564182 0.040913238 3202198.07766383 
1 eager_4000.dot 14754556884 5.4961954 65625948.0684158 6.289199179 124898273.863093 
1 methylseq 6761426956 0.00248641 10835.5515944213 0.001704491 10821.11475 
1 eager_200.dot 19100037384 0.085066455 2909223.51162042 0.067899764 2120216.41939763 
1 methylseq_20000.dot 8885797810 113.249587869 998455237.907433 154.940454963 1000114480.44216 
1 atacseq_25000.dot 2223941232 35.2547788359998 302862869.305674 59.144823373 320194303.605908 
1 eager_20000.dot 25705994498 95.2970474129994 700676215.970306 157.647259894 1035385436.50397 
1 eager_25000.dot 19075314980 77.1702299010002 570965563.327754 360.672522133 1020644697.95102 
1 chipseq_15000.dot 5058052541 11.715277099 514897530.176612 25.283683389 722332294.991053 
1 chipseq_1000.dot 5058052541 0.274978722 28714043.3098129 0.286727019 40999871.8465696 
1 atacseq_15000.dot 11809629756 13.049515517 491133386.185736 21.530958003 524295080.56442 
1 methylseq_2000.dot 8885797810 0.929851715000001 95726945.1292717 1.100162636 95877789.0441116 
1 chipseq 41366257414 0.003989087 10434361.3961236 0.00288574 7473607.82256491 
1 methylseq_15000.dot 8885797810 57.8594076910001 747500529.564683 83.644988723 748757408.681639 
1 methylseq_30000.dot 17027257018 175.561603369001 2885761496.91501 314.164436197 2888895645.40784 
1 eager_2000.dot 19075314980 2.373743743 46095894.7026498 1.770099215 73147960.7481913 
1 eager_2000.dot 19132169434 2.354453285 45698836.3453823 1.765186192 72918673.0052557 
1 chipseq_20000.dot 4605965334 13.2612801890001 597412385.818772 34.347603752 778203269.11331 
1 atacseq_200.dot 11187378708 0.051151464 144189.539030559 0.036471618 131563.946078605 
1 chipseq_15000.dot 3793245764 9.653082777 379266265.452451 18.156486906 497953861.338856 
1 atacseq_8000.dot 14091675276 2.95453260400002 450884102.232876 4.221875414 436044460.910291 
1 eager_10000.dot 19132169434 18.3537400739999 223179281.297886 33.884148038 399281990.057618 
1 methylseq_8000.dot 11897958606 8.44332841500004 535777402.316164 14.682075463 536618332.97951 
1 eager_15000.dot 25705994498 61.9250846689999 531294533.449808 81.937368409 772624362.64103 
1 eager_1000.dot 19075314980 0.876721353000001 24632173.0354141 0.631065807 27743841.6623442 
1 eager_30000.dot 25705994498 246.391864293 1050216375.48882 445.829260969 1560259018.51342 
1 eager_10000.dot 25705994498 29.814567499 355758759.745873 31.28803149 516646113.765282 
1 chipseq_20000.dot 3793245764 14.1332949080001 509657152.912604 32.369276461 666956415.36449 
1 atacseq 11187378708 0.008514614 147813.86048935 0.005993409 130976.742799788 
1 chipseq 5058052541 0.004597628 25824.0253947096 0.003282972 25449.829 
1 chipseq_30000.dot 41366257414 53.233138002 4936039288.92996 24.096534167 5756597512.30105 
1 eager_8000.dot 14754556884 14.8112758830001 135477546.436777 25.046260594 260377910.509667 
1 chipseq_30000.dot 32978181418 34.4621813169996 6135648573.22272 73.900000668 7128326987.42119 
1 methylseq_25000.dot 110641579976 174.525047767 6329908844.8415 171.905386147 6349940268.19369 
1 eager_10000.dot 14754556884 20.6481318009999 170995369.636551 40.313909227 320689742.419885 
1 eager_30000.dot 14754556884 119.54760591 516557589.193494 540.845903707 952717824.183665 
1 methylseq_8000.dot 6761426956 9.21491685999999 300489811.891319 14.983060194 300998602.455653 
1 atacseq_10000.dot 11809629756 8.24598941100001 303496223.275399 9.017960685 348253987.214365 
1 eager_20000.dot 19132169434 54.0920376989998 455197639.297299 184.008078116 805090378.938127 
1 eager_200.dot 19075314980 0.085789337 2899056.3931508 0.069033175 2137704.59346693 
1 eager_20000.dot 14754556884 56.3190872089998 347217313.472302 220.521340628 648799487.839488 
1 chipseq 4807293396 0.004632477 21170.3715997822 0.00330938 20791.0451041667 
1 eager_15000.dot 8330435694 61.0743488130001 314826448.118255 133.763214213 440790668.825519 
1 methylseq_10000.dot 6761426956 18.503302109 377319061.969831 25.200732687 377947668.629957 
1 methylseq_1000.dot 22500260922 0.293624231000001 20023223.3258739 0.317348696 19321763.5354108 
1 methylseq_8000.dot 22500260922 8.27900379200001 174989365.265335 12.426602636 176871055.311257 
1 methylseq_25000.dot 8885797810 185.284824524001 1249417460.34944 249.535702771 1251510412.92161 
1 atacseq_1000.dot 2223941232 0.367223417 1368298.94463659 0.339734957 8818102.84274115 
1 atacseq_4000.dot 3908761308 2.002439539 65164718.6091058 2.057299771 81734543.7282199 
1 chipseq_10000.dot 3793245764 5.31404406800003 260038504.637542 8.476123897 329127203.549838 
1 eager_1000.dot 19132169434 0.823933309000001 22250802.3666773 0.618195775 28205991.2193577 
1 methylseq_20000.dot 17027257018 66.0420749940001 1924733119.35571 118.647493053 1927088656.64707 
1 eager_8000.dot 25705994498 18.1562459130001 285539031.884759 18.240391535 408773504.82505 
1 methylseq_2000.dot 17027257018 0.756324907000001 190767212.459831 1.092986757 190989094.604646 
1 methylseq_4000.dot 6761426956 2.337259429 148204661.134942 4.20488178 148449952.310893 
1 chipseq_8000.dot 4807293396 4.23095393099999 259498340.669837 7.232371012 316979071.193438 
1 methylseq_20000.dot 6273818718 78.0721251060001 412998202.529064 121.050692576 414356923.075532 
1 eager_4000.dot 19100037384 5.99585104299999 89562167.0567837 5.596735948 156189999.104856 
1 methylseq_20000.dot 22500260922 67.6687490280001 444271164.64082 109.153953357 447985016.470542 
1 eager_2000.dot 14754556884 2.548554577 34300665.6906834 1.98185365 52176786.9440526 
1 atacseq_20000.dot 11187378708 21.9122290730001 654781530.590926 34.405720129 676347909.873815 
1 methylseq_4000.dot 22500260922 5.25973289800001 86654268.3866938 3.541734655 87114402.3208171 
1 atacseq_15000.dot 2223941232 14.4563897990001 186264392.844881 19.737406936 191401202.52317 
1 atacseq_8000.dot 2223941232 6.359391739 89730940.1665442 7.121187843 100967388.297882 
1 chipseq_200.dot 41366257414 0.030188287 28202466.8844174 0.028423401 35666755.4209066 
1 eager_200.dot 19132169434 0.087717493 2920993.24681918 0.071892507 2517079.42607894 
1 chipseq_25000.dot 4807293396 24.168171658 801245127.588058 60.932570096 1017301345.8985 
1 atacseq_4000.dot 2223941232 2.702371268 38576060.3909958 2.362119069 48762052.5755965 
1 chipseq_10000.dot 41366257414 7.12275743700002 1637108273.17075 4.10247548 1848675109.99022 
1 chipseq_4000.dot 4605965334 1.616852774 121872367.401016 1.927570254 151557066.33322 
1 atacseq_10000.dot 2223941232 8.58172503199998 121261124.53094 10.018550519 127003874.36691 
1 chipseq_25000.dot 3793245764 18.996602875 641274476.275809 52.667700155 834351971.816473 
1 methylseq_25000.dot 17027257018 110.11537337 2406776311.4755 201.22415833 2409728148.73099 
1 eager_30000.dot 19132169434 112.18053254 692591985.359065 608.510528705 1241965727.61537 
1 eager_2000.dot 8330435694 2.009287247 34062258.4468323 2.036804131 48807258.7064397 
1 chipseq_30000.dot 5058052541 35.4210833950001 1039564169.29702 109.563412769 1461918540.17645 
1 methylseq_4000.dot 11897958606 2.346521292 266689874.390685 4.233854711 267106502.176789 
1 chipseq_4000.dot 4807293396 1.65748439 124535814.633067 2.180697728 159979481.541727 
1 eager_200.dot 14754556884 0.09463258 1718135.35298095 0.066945838 536361.688317696 
1 chipseq 4605965334 0.00483143 26921.7134022807 0.003439692 26539.0686458333 
1 methylseq_15000.dot 22500260922 63.5602393339998 332074750.773408 49.534254565 334732341.955337 
1 chipseq_20000.dot 32978181418 16.563775096 4087455256.78257 32.954231966 4667937865.90255 
1 methylseq_2000.dot 6273818718 0.792269402000001 38217754.9867287 0.931655839 38268176.2609473 
1 atacseq 2223941232 0.008878399 37532.3073074335 0.006588724 19154.6624385758 
1 methylseq_1000.dot 17027257018 0.29213152 93665127.0461629 0.34700861 93767508.7677016 
1 eager_25000.dot 19100037384 74.7420015200002 576818018.298974 303.563849902 1007110605.08991 
1 chipseq_8000.dot 4605965334 3.79857014200001 245022649.973743 5.78070316 310348172.002563 
1 atacseq_2000.dot 2223941232 0.949551847 15884107.440311 1.005326202 21233592.4906474 
1 methylseq_200.dot 6273818718 0.042770729 29577.7256059139 0.040459649 29578.328375 
1 atacseq_8000.dot 11187378708 6.71967202099999 251221370.017975 7.214710984 265909177.614326 
1 methylseq 8885797810 0.002375545 14055.5640314055 0.001703719 14042.3765 
1 methylseq_10000.dot 22500260922 25.1443582 220900492.068737 21.167149559 221942603.000725 
1 methylseq_1000.dot 6761426956 0.30225493 34328077.3868989 0.336603743 34378921.1904857 
1 chipseq_2000.dot 3793245764 0.682987218000001 49955387.2098726 0.790232835 58678212.5295068 
1 methylseq_25000.dot 22500260922 215.272897758001 555405784.010894 188.474651118 560400732.843496 
1 chipseq_30000.dot 3793245764 25.801788372 776419615.477925 77.194049177 1003667528.86424 
1 methylseq_1000.dot 8885797810 0.308719221000001 45174164.8828156 0.340507024 45240543.8699771 
1 eager 19132169434 0.024729651 2253127.88518102 0.019308922 2137562.08814531 
1 methylseq_10000.dot 17027257018 13.618998679 960648080.494101 22.411079595 961817308.210546 
1 eager_200.dot 8330435694 0.093936265 1289957.70812196 0.070535735 117246.249097951 
1 atacseq 11809629756 0.008411083 223627.168096428 0.00600051 205906.987308169 
1 chipseq_10000.dot 4807293396 5.99937744799999 323714491.895898 10.872773658 400801872.752749 
