algo_nr wf_name inp_size dur_alg1 ms_1 dur_alg2 ms_2 
3 atacseq_30000.dot 14091675276 2040.00446819401 1595242763.26708 2055.252531492 359210030.064953 
3 chipseq_15000.dot 41366257414 364.425569097998 2454981916.515 369.608018295 1204540902.35687 
3 methylseq_15000.dot 6761426956 424.393812399 568024905.763842 425.706103854 748346357.149812 
3 atacseq_15000.dot 3908761308 342.478088417002 257188810.025587 379.275293307 190172197.043727 
3 eager 19075314980 0.025982273 1686502.76401913 0.020345953 1591132.86391477 
3 eager_1000.dot 25705994498 0.973965872999999 28463907.6103823 0.597657283 11315013.561281 
3 eager_20000.dot 8330435694 914.685473849995 413590767.641969 1066.008616558 365613960.102269 
3 eager_25000.dot 14754556884 1434.20626600299 404689720.626101 1607.965167808 188869487.499249 
3 methylseq_1000.dot 110641579976 0.462093785 265442678.311565 0.34719184 282910380.865969 
3 chipseq_200.dot 5058052541 0.042478427 3202274.42299319 0.032996529 2100382.16158913 
3 atacseq_30000.dot 11809629756 2055.95460361301 992565992.063697 2192.678637445 218186609.190169 
3 methylseq_1000.dot 6273818718 0.509919576 16577354.5265096 0.367164808 20234020.7285749 
3 chipseq_4000.dot 41366257414 6.42118885699998 648498362.97147 6.07693545 323814817.619234 
3 atacseq_2000.dot 14091675276 1.404377422 106655392.37142 1.297854281 24540172.5294219 
3 atacseq_1000.dot 11809629756 0.448829485000001 22996052.9064288 0.363678449 7141005.37974516 
3 methylseq_200.dot 17027257018 0.047875644 17370650.1075558 0.040592712 17389610.0127831 
3 methylseq_30000.dot 110641579976 2146.22176264002 7590703769.73041 2294.776299193 8033428111.96797 
3 methylseq_8000.dot 110641579976 49.6454454910002 2032784114.06294 56.698445916 2172762953.04496 
3 methylseq_20000.dot 6761426956 842.310657430995 758725045.144008 818.475197806 937991741.349253 
3 atacseq_8000.dot 3908761308 43.6519155849998 135577787.789849 50.256315607 98712922.8899435 
3 methylseq_8000.dot 17027257018 47.2824958410002 766445344.691455 54.378596709 962122140.142492 
3 atacseq_10000.dot 14091675276 85.8276952320008 534938884.665887 110.879171693 118671010.875524 
3 atacseq_20000.dot 11809629756 745.211771835995 661020343.472071 805.945718058 145037732.418278 
3 atacseq_30000.dot 3908761308 2094.43382163 498988138.570562 2343.68601787 390207149.10421 
3 eager_2000.dot 25705994498 2.819904836 64281072.1030006 2.055292035 17241705.7280496 
3 eager_1000.dot 14754556884 1.075228428 16240451.6110089 0.624875168 5825631.86475591 
3 atacseq_30000.dot 11187378708 2069.46408890899 898853877.025363 2156.068728774 202029155.884543 
3 methylseq_10000.dot 8885797810 117.347128701999 496538315.379698 129.886354655 580885963.645973 
3 atacseq_4000.dot 11809629756 7.72717690600001 125949690.762921 6.680791222 29511981.3119739 
3 atacseq_1000.dot 14091675276 0.411582695 51056328.3641487 0.336766113 10764486.3878678 
3 methylseq_4000.dot 6273818718 7.47455642199999 78948378.1329055 6.990040915 96790116.8070506 
3 chipseq_1000.dot 4605965334 0.482134445 25199350.6290836 0.352663977 15671463.0010947 
3 atacseq_200.dot 11809629756 0.055899536 223321.927539639 0.040123298 210383.763956306 
3 eager_8000.dot 19075314980 55.2345787969998 172615051.5475 65.847272267 89428378.8313498 
3 methylseq_10000.dot 110641579976 112.41818555 2539308717.78543 113.522856895 2712686378.77607 
3 methylseq_2000.dot 22500260922 1.733677324 42071429.5510325 1.388953339 50227637.4854054 
3 chipseq_200.dot 32978181418 0.036620387 25804286.9841864 0.031082722 21712241.9871148 
3 chipseq_2000.dot 4605965334 1.492187691 58117086.6151967 1.337864614 40353205.5603917 
3 methylseq_30000.dot 8885797810 1905.963543585 1498571397.80419 2155.296239016 1884155014.32034 
3 eager_20000.dot 19075314980 828.065780740001 435064949.263902 954.338431907 241446084.787389 
3 atacseq_8000.dot 11809629756 41.159544997 251488524.713728 42.168064853 57580762.2391115 
3 eager_30000.dot 19100037384 2186.84055903899 665875896.72614 2498.417473814 349123576.415175 
3 chipseq_200.dot 4807293396 0.043643333 2007192.83981477 0.033147931 1995876.95227409 
3 chipseq_200.dot 3793245764 0.053087098 56167.911 0.034646447 56167.911 
3 eager_8000.dot 19132169434 56.5595248440004 173247625.558493 62.135946667 89157815.7903329 
3 atacseq_10000.dot 11187378708 111.957799973 297159409.10013 90.262192624 66124834.0044461 
3 chipseq_20000.dot 4807293396 682.289043079004 639442336.481466 758.791202032 472126866.352144 
3 chipseq_10000.dot 5058052541 85.7053308719999 350303084.101916 107.283489287 260419423.664062 
3 atacseq 3908761308 0.00913831 47181.8490998564 0.006815237 34536.204682091 
3 atacseq_4000.dot 11187378708 7.38259971800001 120655331.810664 6.27000553 25081292.5349968 
3 chipseq_4000.dot 32978181418 6.21147377500001 802206438.066337 6.035263356 469182459.571946 
3 eager_4000.dot 19075314980 10.331445883 86742023.4695909 8.548810795 45380693.1605641 
3 methylseq_4000.dot 17027257018 7.627095784 381505566.942365 6.971699402 486294853.018425 
3 chipseq_1000.dot 41366257414 0.387055517 152523612.069762 0.308745084 82808136.9996421 
3 atacseq_10000.dot 3908761308 101.904451217 167194161.351287 102.728261721 122898879.560977 
3 eager_1000.dot 19100037384 1.025051657 21737769.4623192 0.615467076 10778852.3694588 
3 eager_25000.dot 25705994498 1497.06659029 849728290.924893 1724.948502631 185736954.897904 
3 chipseq_25000.dot 41366257414 1239.80586606602 4097569476.69355 1320.876853247 2006481356.82731 
3 atacseq 14091675276 0.00842245 769933.528283452 0.006212759 693313.438971321 
3 methylseq_15000.dot 11897958606 389.298456702003 1008496760.6738 665.858982434 1515919981.14596 
3 atacseq_30000.dot 2223941232 2061.20248640498 325304760.087488 2211.538546092 152123491.125268 
3 methylseq_1000.dot 11897958606 0.499101014 65479532.7131151 0.418989951 94754639.3715642 
3 atacseq_2000.dot 3908761308 1.664765244 27769073.1440262 1.380969021 21865292.0624406 
3 methylseq 11897958606 0.002511512 18441.8166653709 0.00183376 18433.2545 
3 chipseq_25000.dot 5058052541 1211.040194383 861483012.822815 1353.993892454 702850682.942976 
3 methylseq_15000.dot 110641579976 410.927147982998 3801369885.34992 424.693904622 4041719742.35538 
3 methylseq_15000.dot 17027257018 374.316243404 1442691267.24129 411.631107695 2167763704.51325 
3 eager 14754556884 0.026345666 243339.576775144 0.020609431 199924.015789395 
3 chipseq_2000.dot 32978181418 1.42040736 392546490.133136 1.266864147 234571391.617609 
3 eager_2000.dot 19100037384 3.30835929799999 45144976.5210714 2.007789756 22051610.4859245 
3 atacseq_20000.dot 14091675276 701.685297520997 1103976722.59035 749.964438377 236877196.410112 
3 atacseq_20000.dot 2223941232 749.585612917003 210095701.912357 818.814843977 98552183.4116399 
3 chipseq_2000.dot 5058052541 1.498710099 63945014.6080763 1.318699356 48023396.9321108 
3 methylseq_20000.dot 11897958606 754.679177881991 1345462164.57903 1352.599179615 1945834406.22328 
3 atacseq_25000.dot 14091675276 1245.127294201 1343711281.53143 1283.320336846 296170796.485201 
3 atacseq_4000.dot 14091675276 6.201338049 224367840.636276 6.144768704 47322956.4298787 
3 eager_200.dot 25705994498 0.086991527 2006900.02406749 0.069100026 3075132.80120139 
3 chipseq_15000.dot 4605965334 341.464829501003 467018676.258282 372.901349088 327009226.026687 
3 atacseq_15000.dot 14091675276 321.348864031 802450528.696743 358.718101006 177048800.170387 
3 methylseq_200.dot 110641579976 0.046945866 56849220.9549976 0.040541822 64556973.5354213 
3 methylseq 6273818718 0.002536782 9950.21661322558 0.001899159 9940.947125 
3 atacseq_15000.dot 11187378708 346.484088127998 464735246.23095 367.772216585 100414737.049 
3 eager 25705994498 0.024911832 1914686.21981799 0.020417313 3004809.41167488 
3 methylseq_4000.dot 8885797810 7.34270268100001 195031743.032696 6.484484983 264332578.582053 
3 methylseq_20000.dot 110641579976 824.394926156005 5064975263.83789 836.256648726 5273920240.88581 
3 chipseq_2000.dot 41366257414 1.450487926 319047777.023531 1.233827787 163883336.368202 
3 chipseq_15000.dot 32978181418 333.350772647999 3058946331.68063 343.009858323 1770281677.03062 
3 chipseq_8000.dot 5058052541 37.3454455889998 277844046.584808 39.954192315 215069894.075301 
3 methylseq_8000.dot 8885797810 53.5406816570002 395433678.268725 61.586750614 474156020.45476 
3 chipseq_8000.dot 41366257414 40.9725892210001 1311284542.91889 47.272486745 648173653.991869 
3 methylseq_8000.dot 6273818718 46.9535007149997 162662392.071448 53.680466708 200107458.213675 
3 eager_15000.dot 19100037384 416.282414931 327080405.995837 467.942016582 175370513.941154 
3 chipseq_30000.dot 4807293396 1876.54004391699 960262529.189082 2069.082791347 711803808.477224 
3 methylseq_30000.dot 6761426956 1907.761924067 1138762624.61045 2138.915665506 1431813044.86481 
3 chipseq_1000.dot 32978181418 0.366117773 185669081.798728 0.310724043 114367416.302971 
3 chipseq_30000.dot 4605965334 2010.774747208 957780981.631846 2096.902308066 673141550.713488 
3 methylseq_10000.dot 6273818718 115.599447863 204722749.447104 128.974200252 250986751.774609 
3 methylseq_25000.dot 6761426956 1463.48990889902 949430880.620294 1482.122850653 1203528872.60143 
3 chipseq_10000.dot 4605965334 77.5346892979997 308133105.179495 88.935328587 217113841.283278 
3 methylseq 22500260922 0.002508186 127455.682323359 0.001870432 127447.968325124 
3 methylseq 110641579976 0.002488682 19083317.1858612 0.001832801 19083305.3227388 
3 eager_25000.dot 8330435694 1519.44729575999 519062361.111498 1720.722721797 461635086.265616 
3 chipseq_20000.dot 41366257414 741.248085006994 3294276901.39708 809.202875105 1605478924.64425 
3 chipseq_20000.dot 5058052541 670.155540231006 687643325.656306 793.820802503 539983304.301736 
3 chipseq_8000.dot 32978181418 42.1790098830001 1627306029.49763 39.766893459 944047522.641528 
3 atacseq_25000.dot 11187378708 1298.87218547299 766012642.809706 1335.577332648 168189881.824531 
3 atacseq_25000.dot 3908761308 1289.59545133501 427252382.437959 1760.074726046 325428502.713276 
3 chipseq_4000.dot 5058052541 6.48508876299997 136269341.259928 6.168098007 102808614.516596 
3 eager 8330435694 0.026703627 84069.3511051603 0.02089639 57854.0031393715 
3 eager_15000.dot 14754556884 423.077929272001 242105584.880853 468.01868307 112835139.948234 
3 chipseq_15000.dot 4807293396 356.997050247996 488760882.952643 381.180525135 355762911.187877 
3 eager_4000.dot 25705994498 11.225011204 136889266.962443 9.005333573 32033924.7105495 
3 eager_8000.dot 19100037384 58.2872899170001 172841153.786516 70.643834266 89078996.8108269 
3 methylseq_4000.dot 110641579976 9.28289791100002 1023778846.15877 6.808600118 1093466483.73945 
3 chipseq 3793245764 0.005102822 28482.0629183208 0.003763911 28083.9555 
3 atacseq_200.dot 14091675276 0.0495 1665348.75344067 0.038466255 694474.10041141 
3 chipseq_25000.dot 32978181418 1237.44636763701 5114993995.60999 1264.454518819 2952348918.15559 
3 eager_10000.dot 19100037384 110.575376257 217241107.131153 125.654907402 117059533.05071 
3 methylseq_30000.dot 11897958606 1982.60598013302 2016969145.99913 2253.496703564 2834858068.63729 
3 atacseq_25000.dot 11809629756 1305.328837188 800325667.710654 1313.522982477 182270057.254724 
3 eager_30000.dot 19075314980 2160.000676214 658425193.702123 2478.536422742 350942635.232679 
3 methylseq_25000.dot 11897958606 1257.514335838 1682427014.36897 1470.297610548 2528950699.6084 
3 eager_15000.dot 19132169434 425.172419044 327930462.489913 482.108074845 177042211.072749 
3 methylseq_30000.dot 22500260922 2139.47945734599 666638869.001774 2383.553418657 815949120.084191 
3 atacseq_2000.dot 11187378708 1.654728073 53576320.5861984 1.374290178 12364123.5822885 
3 methylseq_10000.dot 11897958606 92.0600212169997 671531932.030749 107.461344497 886608951.367061 
3 chipseq_25000.dot 4605965334 1259.77188258699 795095217.951082 1356.561513585 566872812.060243 
3 methylseq_30000.dot 6273818718 2077.567747717 621273716.89433 2272.895423897 723567594.933712 
3 eager_30000.dot 8330435694 2271.410515351 623290186.368936 2657.479974035 559383627.345491 
3 chipseq_200.dot 4605965334 0.050580171 53078.1372916666 0.034228111 53078.1372916666 
3 methylseq_15000.dot 6273818718 404.450896704001 308860467.444611 417.564789835 376370915.677238 
3 methylseq_2000.dot 11897958606 1.683792736 133357405.84729 1.387443204 187059753.559665 
3 atacseq_200.dot 3908761308 0.064082081 92443.8949973952 0.042944922 69881.1736343301 
3 eager_8000.dot 8330435694 65.5084254539997 155839086.090469 82.462217606 142593396.479483 
3 atacseq_200.dot 2223941232 0.067352562 112626.281074427 0.042850828 69435.5455674684 
3 chipseq_2000.dot 4807293396 1.530952345 57336083.5177149 1.476563355 44328646.2025137 
3 eager_20000.dot 19100037384 847.535680384006 436956788.431514 949.428265285 237941718.845145 
3 eager_10000.dot 19075314980 129.891998673 216849493.139749 144.461015254 117509032.220208 
3 methylseq_25000.dot 6273818718 1353.72005348699 517135963.56788 1336.140077674 629698784.72033 
3 eager_10000.dot 8330435694 121.529286513 192241684.454078 146.214761919 176240483.085714 
3 methylseq_200.dot 8885797810 0.050226773 5454138.99109767 0.040767748 5452593.84360973 
3 chipseq 32978181418 0.004201465 8600072.12849504 0.00330066 8512450.16992881 
3 methylseq_2000.dot 6761426956 1.846384196 72743075.9781461 1.365861607 90796029.7654503 
3 atacseq_20000.dot 3908761308 772.704039373995 336118375.482513 866.332607538 256874544.194713 
3 atacseq_1000.dot 11187378708 0.404292102000001 22359007.2839766 0.369861372 5818413.13346415 
3 eager 19100037384 0.025839264 1697953.04483558 0.020267596 1602634.86102724 
3 chipseq_10000.dot 32978181418 93.7106910080003 2032266721.08793 88.186651697 1178658590.59585 
3 methylseq_2000.dot 110641579976 1.995404347 517243322.306319 1.4202163 545833406.415766 
3 chipseq_8000.dot 3793245764 39.4183416750001 202071522.633712 41.919776548 141021699.419629 
3 eager_25000.dot 19132169434 1418.286229619 547762676.561978 1604.224002589 292320776.97409 
3 eager_4000.dot 19132169434 10.599647034 88795533.9208032 8.576245535 44586699.9770676 
3 chipseq_1000.dot 4807293396 0.42120252 23296003.4635714 0.351531069 19619944.102484 
3 eager_15000.dot 19075314980 399.621935475 325371631.448127 449.88342647 175337741.726777 
3 methylseq_200.dot 6761426956 0.048006504 4144892.34857376 0.04032651 4143797.32828329 
3 methylseq 17027257018 0.002508576 21799.6016884726 0.0018277 21791.8675 
3 eager_1000.dot 8330435694 0.872592122 16990335.2694481 0.621459031 15325303.14065 
3 chipseq_4000.dot 3793245764 6.35637817700002 101549012.140088 6.577004695 68034480.0262482 
3 methylseq_200.dot 11897958606 0.047010552 12146929.974137 0.040357572 14576121.5203816 
3 atacseq_1000.dot 3908761308 0.441367159 9460252.30485545 0.389740975 8961769.95192856 
3 chipseq_1000.dot 3793245764 0.496947727 21702619.1015021 0.354776604 12803283.446992 
3 atacseq_2000.dot 11809629756 1.77543377 55153161.1493045 1.349191217 14142604.1364397 
3 eager_4000.dot 8330435694 10.768176623 72786546.2163381 9.502923687 68467352.0085335 
3 methylseq_200.dot 22500260922 0.04775274 3727490.45564182 0.041349631 3683553.03124178 
3 eager_4000.dot 14754556884 10.213634375 64327487.1546871 8.735240786 27597465.1454437 
3 methylseq 6761426956 0.002586432 10835.5515944213 0.001827806 10826.236 
3 eager_200.dot 19100037384 0.091334642 3240719.32028863 0.06974463 2338376.64509303 
3 methylseq_20000.dot 8885797810 850.533236502999 998455247.560726 844.961910201 1234323798.78817 
3 atacseq_25000.dot 2223941232 1330.682920708 269067783.304276 1350.024962569 124369817.708711 
3 eager_20000.dot 25705994498 869.130373580004 677234316.235424 1031.403011772 148440220.564009 
3 eager_25000.dot 19075314980 1426.767154307 546300060.792441 1623.985911503 290752049.349656 
3 chipseq_15000.dot 5058052541 332.296194748001 516613013.378363 352.83268961 404059372.691887 
3 chipseq_1000.dot 5058052541 0.44173347 27433031.3054319 0.348451768 21300673.9660928 
3 atacseq_15000.dot 11809629756 360.401224446999 483844745.327191 377.253594112 107982810.119629 
3 methylseq_2000.dot 8885797810 1.857380214 95726954.7825646 1.426707209 119480161.387469 
3 chipseq 41366257414 0.004015234 10013730.0218739 0.003033155 7442496.61851313 
3 methylseq_15000.dot 8885797810 414.912112234003 747500529.564683 408.741539147 984765108.033929 
3 methylseq_30000.dot 17027257018 1883.57577132401 2885761496.91501 2244.798807466 3932154437.69327 
3 eager_2000.dot 19075314980 3.29084786500001 45693415.665002 2.011690615 23502193.1698193 
3 eager_2000.dot 19132169434 3.251902803 45180657.6932452 1.997594886 21065060.129102 
3 chipseq_20000.dot 4605965334 730.889817041 635706452.728279 826.347835726 440669871.458845 
3 atacseq_200.dot 11187378708 0.053904532 220549.957164224 0.040496459 175934.740973398 
3 chipseq_15000.dot 3793245764 332.831949488998 377315232.358833 358.347691509 268985658.08546 
3 atacseq_8000.dot 14091675276 37.067699633 450734679.570645 39.507705758 94516832.3671032 
3 eager_10000.dot 19132169434 114.694287372 216799754.32729 139.906594219 117484295.948553 
3 methylseq_8000.dot 11897958606 48.3085316020001 535777402.316032 55.369946842 672809387.808233 
3 eager_15000.dot 25705994498 423.517531545004 518369790.111315 498.209570868 115456788.079871 
3 eager_1000.dot 19075314980 1.006344343 21877019.7872121 0.602571869 11525059.4406314 
3 eager_30000.dot 25705994498 2250.95034939299 1004767206.09693 2545.968931416 225470928.80395 
3 eager_10000.dot 25705994498 130.261212947001 342610008.156109 158.957629038 76702758.1762193 
3 chipseq_20000.dot 3793245764 756.580645257999 508703224.857196 796.31364937 359104537.691775 
3 atacseq 11187378708 0.008832983 141256.548356855 0.006522984 134771.720806125 
3 chipseq 5058052541 0.004830755 25824.0253947096 0.003609889 25449.829 
3 chipseq_30000.dot 41366257414 2001.89777333301 4908460192.9667 2060.366297167 2409628944.32684 
3 eager_8000.dot 14754556884 59.6894690150001 126596975.744141 73.640219552 59832518.0635308 
3 chipseq_30000.dot 32978181418 1978.3228018 6137946962.34274 2024.981209745 3543972004.59044 
3 methylseq_25000.dot 110641579976 1444.33454990499 6329908844.8415 1446.419784745 6594997480.45688 
3 eager_10000.dot 14754556884 109.195884204 161187807.438636 128.66018352 74475697.9110445 
3 eager_30000.dot 14754556884 2234.26997607198 492866314.498376 2535.511772257 226267419.603585 
3 methylseq_8000.dot 6761426956 48.4942928440001 300489811.891319 57.613756713 360322226.031261 
3 atacseq_10000.dot 11809629756 96.6040637799998 305250012.029032 95.768066324 72259635.629332 
3 eager_20000.dot 19132169434 815.573030665998 436282581.777661 933.171431542 240450019.514126 
3 eager_200.dot 19075314980 0.091766817 3233508.81443184 0.070557272 2644852.27181162 
3 eager_20000.dot 14754556884 822.170072862999 323915532.028731 1136.964076859 151650399.088318 
3 chipseq 4807293396 0.004936996 21170.3715997822 0.003644495 20791.0451041667 
3 eager_15000.dot 8330435694 451.082544946001 303825805.921486 495.160201613 266291401.436409 
3 methylseq_10000.dot 6761426956 97.5907212989997 377319064.530456 104.44045746 441428713.151899 
3 methylseq_1000.dot 22500260922 0.521710266 20023198.5554102 0.431748358 23181155.5891342 
3 methylseq_8000.dot 22500260922 47.1554362400002 174989387.928908 51.098083047 212387170.289004 
3 methylseq_25000.dot 8885797810 1459.73942479901 1249417460.34944 1384.90741352 1583749729.79459 
3 atacseq_1000.dot 2223941232 0.601205056 952461.610557515 0.409082871 1532969.51583346 
3 atacseq_4000.dot 3908761308 7.14922002100001 65162484.5293833 6.492337683 47382589.9853667 
3 chipseq_10000.dot 3793245764 87.610894183 253468127.494965 104.533713292 177236808.823046 
3 eager_1000.dot 19132169434 1.009300413 21887928.8810162 0.608665384 10429849.9991978 
3 methylseq_20000.dot 17027257018 748.273754998999 1924733147.69302 823.805140401 2782545300.43381 
3 eager_8000.dot 25705994498 66.411425485 275919318.795687 77.455478136 65222311.7513909 
3 methylseq_2000.dot 17027257018 1.685976161 190767240.797142 1.37634993 267493895.414482 
3 methylseq_4000.dot 6761426956 7.885155996 148204661.134942 7.267289898 200872564.865997 
3 chipseq_8000.dot 4807293396 47.1491510120001 257415462.284953 51.224295792 186030602.934763 
3 methylseq_20000.dot 6273818718 768.389184533003 412998217.261185 785.153146779 504314617.113319 
3 eager_4000.dot 19100037384 10.538214554 87354578.4662875 8.536106525 44248230.3811879 
3 methylseq_20000.dot 22500260922 816.541761896997 444271164.64082 852.368799331 536745719.091827 
3 eager_2000.dot 14754556884 3.263491808 33621554.569889 2.086886197 12820484.5923369 
3 atacseq_20000.dot 11187378708 745.580067086009 634831856.739926 771.726977158 134426838.208565 
3 methylseq_4000.dot 22500260922 8.31512694700002 86654268.3868052 6.668256283 104803365.855229 
3 atacseq_15000.dot 2223941232 339.010700658 157332987.441704 360.108674684 75384668.6599618 
3 atacseq_8000.dot 2223941232 42.9141956070003 82568327.3044607 46.562153785 38856115.6675576 
3 chipseq_200.dot 41366257414 0.035604829 28829667.9519509 0.0289085 19750229.4209972 
3 eager_200.dot 19132169434 0.0920816679999999 3249653.22083571 0.070113556 3203422.00598565 
3 chipseq_25000.dot 4807293396 1264.988985441 804303436.213197 1350.630018885 592614596.889068 
3 atacseq_4000.dot 2223941232 8.35036713099999 38239725.048826 6.874995143 18033058.4054574 
3 chipseq_10000.dot 41366257414 83.2933458480005 1637479272.63998 90.167398586 801393314.857267 
3 chipseq_4000.dot 4605965334 6.40224200500001 117916446.511101 6.36128094 86444346.6723815 
3 atacseq_10000.dot 2223941232 83.3593682449998 100605601.341692 96.954251618 51153417.3792446 
3 chipseq_25000.dot 3793245764 1213.97399294499 649133897.87613 1278.525627138 470287446.786052 
3 methylseq_25000.dot 17027257018 1279.87481291402 2406776311.4755 1458.628796904 3616398046.27776 
3 eager_30000.dot 19132169434 2217.68277376798 656781021.473289 2539.126949804 351787264.967455 
3 eager_2000.dot 8330435694 2.946430318 33757922.3957909 2.143338607 31416616.9857547 
3 chipseq_30000.dot 5058052541 1839.63999878401 1039611451.57088 2134.102041679 842816717.152187 
3 methylseq_4000.dot 11897958606 7.43377484899999 266689874.390685 6.57778007 378972464.798403 
3 chipseq_4000.dot 4807293396 6.65645186899998 125017052.509147 6.412149543 91498685.9977231 
3 eager_200.dot 14754556884 0.091810744 530994.108465719 0.071092336 932428.993428587 
3 chipseq 4605965334 0.00505074 26921.7134022807 0.003761945 26539.0686458333 
3 methylseq_15000.dot 22500260922 434.660422508001 332074750.773408 443.220155581 401593033.27202 
3 chipseq_20000.dot 32978181418 758.471819310002 4087789050.2381 774.937374199 2362999784.68928 
3 methylseq_2000.dot 6273818718 1.73473888 38217757.042 1.426661556 44122787.634979 
3 atacseq 2223941232 0.009260152 30877.3688245026 0.006959639 22981.0314324834 
3 methylseq_1000.dot 17027257018 0.446922783 93665132.4186629 0.360034117 135497058.970969 
3 eager_25000.dot 19100037384 1424.57165820702 548211597.883469 1599.276860332 291591753.382421 
3 chipseq_8000.dot 4605965334 38.7774391079998 238986690.615075 42.152663379 172216483.686569 
3 atacseq_2000.dot 2223941232 1.816304728 15576482.6436699 1.400166769 7701015.83501342 
3 methylseq_200.dot 6273818718 0.047869347 29599.5453457116 0.041108385 46986.5632444735 
3 atacseq_8000.dot 11187378708 47.066823473 247251816.532035 47.076070709 53412292.3945151 
3 methylseq 8885797810 0.002565695 14055.5640314055 0.001822861 14046.87375 
3 methylseq_10000.dot 22500260922 110.417573784 220900492.068737 116.221905382 268645890.845256 
3 methylseq_1000.dot 6761426956 0.467959123 34328079.9475239 0.355852784 42657765.0470996 
3 chipseq_2000.dot 3793245764 1.564351957 48500448.312371 1.397990234 31492668.6556382 
3 methylseq_25000.dot 22500260922 1329.41733570498 555405784.010894 1445.776087122 679113442.53121 
3 chipseq_30000.dot 3793245764 2034.00363580101 771595620.838894 2135.524878141 551706121.316047 
3 methylseq_1000.dot 8885797810 0.519908253 45174183.8733372 0.409900924 56133978.8270669 
3 eager 19132169434 0.026095052 1713420.84347352 0.020275679 1618364.71826836 
3 methylseq_10000.dot 17027257018 104.041735249 960648103.458987 115.61799218 1267852356.59654 
3 eager_200.dot 8330435694 0.100973995 394140.878794584 0.071117996 113610.04471534 
3 atacseq 11809629756 0.010966691 217871.56513442 0.00654928 209858.875266092 
3 chipseq_10000.dot 4807293396 90.2839101690003 324424092.847211 98.226651678 235368545.655647 
