algo_nr wf_name inp_size dur_alg1 ms_1 ms_perc dur_alg2 ms_2
2 atacseq_30000.dot 14091675276 31.477877997 2210782466.03835 2311846451.72683 35.1387498970008 2311846451.72683
2 chipseq_15000.dot 41366257414 10.76689066 3603170217.57615 3547901831.63497 4.79619523600002 3547901831.63497
2 methylseq_15000.dot 6761426956 111.156244559 570148884.296911 546577785.866983 77.7108793859989 546577785.866983
2 atacseq_15000.dot 3908761308 13.553760455 332006817.049295 337404076.172647 14.177935901 337404076.172647
2 eager 19075314980 0.038365389 7610497.28520574 6621707.17758513 0.006110528 6621707.17758513
2 eager_1000.dot 25705994498 1.288044642 52421660.9305864 37603131.5769453 0.211986243 37603131.5769453
2 eager_20000.dot 8330435694 241.394765289001 484778507.310767 407988556.599879 79.0336357750019 407988556.599879
2 eager_25000.dot 14754556884 291.476003603999 695254555.747838 681495723.896315 141.829949691999 681495723.896315
2 methylseq_1000.dot 110641579976 0.520314655 454341868.54166 443419669.719677 0.174001463 443419669.719677
2 chipseq_200.dot 5058052541 0.053204316 4967494.16117859 4520266.97175311 0.006198514 4520266.97175311
2 atacseq_30000.dot 11809629756 46.164615827 1159499071.838 1137443660.57793 81.0693510600005 1137443660.57793
2 methylseq_1000.dot 6273818718 0.481288202 23240524.5542931 23754598.7748609 0.155244391 23754598.7748609
2 chipseq_4000.dot 41366257414 1.712444976 946112310.168076 938513484.079337 0.337483617999998 938513484.079337
2 atacseq_2000.dot 14091675276 0.743812759 142620466.997979 145006261.683456 0.157947055 145006261.683456
2 atacseq_1000.dot 11809629756 0.446265586 32605648.1901344 31579225.292493 0.0871317619999999 31579225.292493
2 methylseq_200.dot 17027257018 0.070537777 21809234.9186196 17326528.4874586 0.008447854 17326528.4874586
2 methylseq_30000.dot 110641579976 621.971650527002 13249633647.8181 13235437553.2478 656.433786815011 13235437553.2478
2 methylseq_8000.dot 110641579976 26.4111981179999 3539469086.23454 3530385124.95758 12.782031957 3530385124.95758
2 methylseq_20000.dot 6761426956 225.691683597 760926769.810577 687241752.83326 177.170025026 687241752.83326
2 atacseq_8000.dot 3908761308 5.709625918 174198333.70739 173916111.833188 4.14627386999999 173916111.833188
2 methylseq_8000.dot 17027257018 18.872568546 911763193.815773 622753108.190307 11.57428136 622753108.190307
2 atacseq_10000.dot 14091675276 5.74934830899999 730778631.869968 768430491.412561 3.56036853399998 768430491.412561
2 atacseq_20000.dot 11809629756 27.030128746 769798601.115352 791758308.46352 34.8944228400002 791758308.46352
2 atacseq_30000.dot 3908761308 36.765225528 644654435.221009 754848763.015525 69.3454935910009 754848763.015525
2 eager_2000.dot 25705994498 3.29719251799999 96890132.8298778 84576458.7827745 0.469787061 84576458.7827745
2 eager_1000.dot 14754556884 1.554469983 37312761.7200757 23126696.4510198 0.207329807999999 23126696.4510198
2 atacseq_30000.dot 11187378708 48.2514122959996 1144419519.29889 1189979837.3558 79.6272018620002 1189979837.3558
2 methylseq_10000.dot 8885797810 37.594133148 499996295.09856 478452035.507813 26.8419065600004 478452035.507813
2 atacseq_4000.dot 11809629756 2.958905303 150010973.359756 153804148.421464 1.198452215 153804148.421464
2 atacseq_1000.dot 14091675276 0.333925076 70541955.4947965 70620831.4532226 0.058533067 70620831.4532226
2 methylseq_4000.dot 6273818718 5.12078183600001 99641259.2530479 94626404.269526 2.800293004 94626404.269526
2 chipseq_1000.dot 4605965334 0.478245541000001 34077439.7865603 28670768.895692 0.0925372480000003 28670768.895692
2 atacseq_200.dot 11809629756 0.062793202 3858800.6367869 2831475.7631415 0.007419869 2831475.7631415
2 eager_8000.dot 19075314980 35.104012708 275014286.749407 257594114.586973 7.87045401400001 257594114.586973
2 methylseq_10000.dot 110641579976 43.208232069 4425861537.25995 4414984442.56884 26.657268077 4414984442.56884
2 methylseq_2000.dot 22500260922 1.420769236 95557948.2158839 103973390.0723 0.719613633 103973390.0723
2 chipseq_200.dot 32978181418 0.047582465 40361125.477769 36450330.8974473 0.004283713 36450330.8974473
2 chipseq_2000.dot 4605965334 0.887393164 72984922.3977186 67445910.8559109 0.336645275999998 67445910.8559109
2 methylseq_30000.dot 8885797810 548.06824751 1503134635.00882 1372092717.5691 494.671511851003 1372092717.5691
2 eager_20000.dot 19075314980 201.997670616 706924661.550886 657448271.786298 68.2098693090008 657448271.786298
2 atacseq_8000.dot 11809629756 7.59307896800002 305752563.764739 303500205.109397 5.766847967 303500205.109397
2 eager_30000.dot 19100037384 450.681482955995 1071564101.45986 988656027.338532 202.109457688995 988656027.338532
2 chipseq_200.dot 4807293396 0.053784263 4514493.52000858 3926725.48214092 0.00616306799999999 3926725.48214092
2 chipseq_200.dot 3793245764 0.060226189 4643272.30176978 3620767.64360485 0.006419799 3620767.64360485
2 eager_8000.dot 19132169434 37.6085328579999 282204811.993649 258416986.558418 8.11255444900004 258416986.558418
2 atacseq_10000.dot 11187378708 9.89509587300002 380521007.584707 398573537.047376 9.16010108100001 398573537.047376
2 chipseq_20000.dot 4807293396 22.587046076 795999717.166956 771783919.805359 34.7134628320005 771783919.805359
2 chipseq_10000.dot 5058052541 7.69474239200001 440311225.392853 441078236.729376 7.00525868600001 441078236.729376
2 atacseq 3908761308 0.010540601 2520374.34632204 2046986.21153044 0.001127712 2046986.21153044
2 atacseq_4000.dot 11187378708 2.72054235000001 147113164.699524 149317014.886552 1.368337848 149317014.886552
2 chipseq_4000.dot 32978181418 1.639842151 1011812035.73881 955767306.673782 0.343143037000001 955767306.673782
2 eager_4000.dot 19075314980 10.282478926 138582286.338686 129838842.078837 2.15642932900001 129838842.078837
2 methylseq_4000.dot 17027257018 3.886521781 455592781.623254 311451211.006148 3.49061957599999 311451211.006148
2 chipseq_1000.dot 41366257414 0.330044316 227694839.820899 227248547.845823 0.0339567980000001 227248547.845823
2 atacseq_10000.dot 3908761308 7.91464011899998 215197486.103857 222815543.435988 6.20727881400004 222815543.435988
2 eager_1000.dot 19100037384 1.42315045 42485392.5406044 27099661.5279101 0.207508099 27099661.5279101
2 eager_25000.dot 25705994498 373.201999801998 1308551901.6975 1152227458.39745 100.835254381 1152227458.39745
2 chipseq_25000.dot 41366257414 24.6178342959999 6024444756.92346 5902994264.09503 14.9269239569999 5902994264.09503
2 atacseq 14091675276 0.009626359 6567929.06498172 6724346.76100897 0.001080899 6724346.76100897
2 methylseq_15000.dot 11897958606 100.906485237 1227899162.68212 881926383.926405 75.1824931789991 881926383.926405
2 atacseq_30000.dot 2223941232 46.7755192060002 387996551.791529 404091235.704558 79.1261948700014 404091235.704558
2 methylseq_1000.dot 11897958606 0.512830912 81683137.0342124 57482848.4572296 0.164254570999999 57482848.4572296
2 atacseq_2000.dot 3908761308 1.072459108 40280995.5384228 39084327.5704217 0.321327724 39084327.5704217
2 methylseq 11897958606 0.002997128 1841601.33194251 1840539.7875 0.00027581 1840539.7875
2 chipseq_25000.dot 5058052541 28.9046682420001 1128876362.01858 1240247152.31343 54.4325378580005 1240247152.31343
2 methylseq_15000.dot 110641579976 130.027746497 6633743773.81931 6615261337.84948 78.1239340570007 6615261337.84948
2 methylseq_15000.dot 17027257018 69.1167365829994 1713239130.4781 1168566616.56086 73.4792895949995 1168566616.56086
2 eager 14754556884 0.038584194 6755264.70921621 5773304.72406634 0.006187552 5773304.72406634
2 chipseq_2000.dot 32978181418 0.701862394 496341215.012713 475386239.790049 0.098679076 475386239.790049
2 eager_2000.dot 19100037384 3.68269217999999 83219637.4935082 61072672.5288944 0.556938818000002 61072672.5288944
2 atacseq_20000.dot 14091675276 17.1338103570001 1466328397.81681 1539220836.79624 14.023073579 1539220836.79624
2 atacseq_20000.dot 2223941232 27.5809140080001 256012258.244581 266042182.031543 32.4485333890003 266042182.031543
2 chipseq_2000.dot 5058052541 0.865377866 83050759.3064142 82990620.1471123 0.350646418999999 82990620.1471123
2 methylseq_20000.dot 11897958606 193.645451175 1637257546.02598 1177044280.42025 177.889174185999 1177044280.42025
2 atacseq_25000.dot 14091675276 22.52326076 1832037713.76263 1922959733.1057 23.6099554519998 1922959733.1057
2 atacseq_4000.dot 14091675276 1.763918729 291345382.736554 292913734.151273 0.588196839 292913734.151273
2 eager_200.dot 25705994498 0.141029431 11869632.0283375 9063792.31491788 0.018768531 9063792.31491788
2 chipseq_15000.dot 4605965334 9.54538623599993 572042713.643905 629767559.341094 17.1879417819997 629767559.341094
2 atacseq_15000.dot 14091675276 11.333404605 1096264199.4399 1093094776.82046 7.81240800800003 1093094776.82046
2 methylseq_200.dot 110641579976 0.071501169 101888199.587688 87738232.421755 0.009393137 87738232.421755
2 methylseq 6273818718 0.003009656 992415.667876624 991875.3625 0.000278462 991875.3625
2 atacseq_15000.dot 11187378708 17.551057409 569092057.962751 573006165.693974 22.9731413659998 573006165.693974
2 eager 25705994498 0.038184517 9426823.43206269 9063792.31491788 0.006156702 9063792.31491788
2 methylseq_4000.dot 8885797810 4.91489748000001 199594980.237155 180736441.008694 3.33444947799999 180736441.008694
2 methylseq_20000.dot 110641579976 263.034706025 8839231461.25149 8825211047.58338 197.865116073001 8825211047.58338
2 chipseq_2000.dot 41366257414 0.723073551 469889533.580485 468165108.226977 0.11667848 468165108.226977
2 chipseq_15000.dot 32978181418 9.38852481999996 3926734959.14932 3617468214.92362 4.639670853 3617468214.92362
2 chipseq_8000.dot 5058052541 5.63937796399998 352284764.563711 358311720.314838 4.36791585200003 358311720.314838
2 methylseq_8000.dot 8885797810 22.324447446 398890951.169904 351039803.975588 11.685904743 351039803.975588
2 chipseq_8000.dot 41366257414 4.12653051199998 1916545209.28945 1883990434.85031 1.229663483 1883990434.85031
2 methylseq_8000.dot 6273818718 24.2115161990001 200496246.138337 184137747.870313 10.6934500010001 184137747.870313
2 eager_15000.dot 19100037384 121.211100297 527722089.104807 490437599.641544 33.4086367169995 490437599.641544
2 chipseq_30000.dot 4807293396 44.552434795 1187759007.79521 1302335206.02593 89.5050412010005 1302335206.02593
2 methylseq_30000.dot 6761426956 571.506144308001 1142255059.60754 1046010930.91201 484.670190351996 1046010930.91201
2 chipseq_1000.dot 32978181418 0.325353463 242439416.351497 226309739.382429 0.030989027 226309739.382429
2 chipseq_30000.dot 4605965334 25.1737912140001 1143629523.72439 1294522459.47897 81.7968207180002 1294522459.47897
2 methylseq_10000.dot 6273818718 32.05040254 251386634.347435 259518549.532399 20.8664440720002 259518549.532399
2 methylseq_25000.dot 6761426956 403.328186196999 951554859.15313 912397522.636689 309.065385081003 912397522.636689
2 chipseq_10000.dot 4605965334 5.74396558399998 378367208.5991 393765119.879954 6.82575626800006 393765119.879954
2 methylseq 22500260922 0.003033959 2996447.15515921 2993691.77384596 0.000280614 2993691.77384596
2 methylseq 110641579976 0.00295297 34016666.3766384 34016661.6426096 0.000261714 34016661.6426096
2 eager_25000.dot 8330435694 351.150725646 622871324.780741 520159487.665613 128.298018832001 520159487.665613
2 chipseq_20000.dot 41366257414 16.506588205 4810800841.764 4737660699.6464 9.05163491000003 4737660699.6464
2 chipseq_20000.dot 5058052541 20.7868711710001 895045856.411925 977034964.04311 34.9270328870006 977034964.04311
2 chipseq_8000.dot 32978181418 3.825217731 2075599708.99892 1920754665.48374 1.27325215899999 1920754665.48374
2 atacseq_25000.dot 11187378708 34.7263460970001 955904628.946089 968513878.853808 52.2999765640007 968513878.853808
2 atacseq_25000.dot 3908761308 28.6209564839998 533814392.11209 630863282.720311 43.2505176890009 630863282.720311
2 chipseq_4000.dot 5058052541 2.102555077 169905181.106603 161789150.467354 1.124939415 161789150.467354
2 eager 8330435694 0.039398358 4954424.24646371 3176844.70833333 0.006331489 3176844.70833333
2 eager_15000.dot 14754556884 125.446709181 434611898.234994 407869950.224472 40.7135428749993 407869950.224472
2 chipseq_15000.dot 4807293396 13.426229382 589692304.831732 579167174.306975 18.8825270339998 579167174.306975
2 eager_4000.dot 25705994498 11.152247596 199078238.961938 173800580.450788 1.656619353 173800580.450788
2 eager_8000.dot 19100037384 37.6837597209999 287246887.514638 257282562.085161 7.89443952600005 257282562.085161
2 methylseq_4000.dot 110641579976 5.80368557299999 1779884855.88751 1765486112.69583 4.03696706800002 1765486112.69583
2 chipseq 3793245764 0.006639938 2372840.35459462 1956023.98928564 0.000631776 1956023.98928564
2 atacseq_200.dot 14091675276 0.057297831 6974130.02799874 7190514.32655904 0.00644084299999999 7190514.32655904
2 chipseq_25000.dot 32978181418 21.555842802 6589807303.64701 6025263259.83328 14.4698616369998 6025263259.83328
2 eager_10000.dot 19100037384 53.9338280200002 358148280.985904 323951106.907959 12.459993999 323951106.907959
2 methylseq_30000.dot 11897958606 621.991825677001 2455281706.6883 1766156189.57279 496.001312294991 1766156189.57279
2 atacseq_25000.dot 11809629756 34.087340818 960149613.662008 1006599214.70724 52.2570190360009 1006599214.70724
2 eager_30000.dot 19075314980 458.237762889999 1055851461.19974 988960131.238774 206.902257062001 988960131.238774
2 methylseq_25000.dot 11897958606 368.427968602001 2047420573.52122 1471802762.67762 277.882402083998 1471802762.67762
2 eager_15000.dot 19132169434 125.196881903001 535372247.616421 488777656.941163 32.8999955220003 488777656.941163
2 methylseq_30000.dot 22500260922 581.080843598999 1424691709.99083 1584549126.82453 555.660791023013 1584549126.82453
2 atacseq_2000.dot 11187378708 1.126900776 70498114.8810124 69882548.7576477 0.325243655 69882548.7576477
2 methylseq_10000.dot 11897958606 38.822247121 818662823.040602 587919571.719683 26.7030176180008 587919571.719683
2 chipseq_25000.dot 4605965334 23.434714614 976070573.465886 1065953412.34868 50.0281672660001 1065953412.34868
2 methylseq_30000.dot 6273818718 456.320162282 754945776.001349 723559066.198405 406.833324610996 723559066.198405
2 eager_30000.dot 8330435694 465.143307032001 731016527.858896 630284537.348006 213.209612098999 630284537.348006
2 chipseq_200.dot 4605965334 0.059411029 4276682.29285761 4004313.15076238 0.006292879 4004313.15076238
2 methylseq_15000.dot 6273818718 91.0212774130001 377117528.118073 390057908.197543 63.4901240759996 390057908.197543
2 methylseq_2000.dot 11897958606 1.422856354 163298174.013211 116120394.155842 0.763052694000001 116120394.155842
2 atacseq_200.dot 3908761308 0.065555188 4497059.83994729 2170619.71483867 0.007120325 2170619.71483867
2 eager_8000.dot 8330435694 39.302986498 187662135.917082 157808566.597364 9.21216304799998 157808566.597364
2 atacseq_200.dot 2223941232 0.066045405 3075762.21765425 1395491.51446428 0.007285403 1395491.51446428
2 chipseq_2000.dot 4807293396 1.016375555 70789559.7501645 72049332.4947301 0.329609664999999 72049332.4947301
2 eager_20000.dot 19100037384 208.92929831 704575056.159006 658210340.53739 67.7233204559992 658210340.53739
2 eager_10000.dot 19075314980 58.0425697789999 357143713.722836 323602655.504415 12.7187616190001 323602655.504415
2 methylseq_25000.dot 6273818718 321.285896334999 629822378.857395 651504268.006156 240.290110764002 651504268.006156
2 eager_10000.dot 8330435694 62.3431610150002 238238885.400066 207728041.979354 15.998357773 207728041.979354
2 methylseq_200.dot 8885797810 0.070323326 9220906.32249863 5989807.48750539 0.007864484 5989807.48750539
2 chipseq 32978181418 0.005317351 19288311.9990166 17786792.122113 0.000499677 17786792.122113
2 methylseq_2000.dot 6761426956 1.52387963 74944800.6447147 66928211.9390479 0.736940829000001 66928211.9390479
2 atacseq_20000.dot 3908761308 20.123729592 435720579.081797 485117052.08915 27.412992134 485117052.08915
2 atacseq_1000.dot 11187378708 0.434493516 31299974.3475425 30646282.2914518 0.089504351 30646282.2914518
2 eager 19100037384 0.038340844 7625452.28493038 6635583.49852769 0.006114581 6635583.49852769
2 chipseq_10000.dot 32978181418 5.28179074200003 2590682145.88219 2407938344.94868 1.98046695 2407938344.94868
2 methylseq_2000.dot 110641579976 1.550058229 896192129.814735 882043832.95516 0.821431467 882043832.95516
2 chipseq_8000.dot 3793245764 4.577686723 252764718.196201 300336773.042033 3.904091968 300336773.042033
2 eager_25000.dot 19132169434 297.700078827 890365850.095063 825595511.031186 131.194307335999 825595511.031186
2 eager_4000.dot 19132169434 10.50259115 138139605.557254 130617276.490398 2.079141497 130617276.490398
2 chipseq_1000.dot 4807293396 0.442916273 31317385.2202575 32248505.7783537 0.091305289 32248505.7783537
2 eager_15000.dot 19075314980 144.963766241999 536205218.560391 490178145.059877 37.150719272 490178145.059877
2 methylseq_200.dot 6761426956 0.070139687 7024768.46856768 4586987.62761942 0.007835063 4586987.62761942
2 methylseq 17027257018 0.002994769 2178691.04738156 2175361.36458333 0.00027711 2175361.36458333
2 eager_1000.dot 8330435694 1.344010148 26607155.375773 17381591.5243412 0.185394118 17381591.5243412
2 chipseq_4000.dot 3793245764 1.861521302 121040503.464627 127323925.683473 1.07324134500001 127323925.683473
2 methylseq_200.dot 11897958606 0.073541702 15902236.8119329 11298145.524707 0.008803011 11298145.524707
2 atacseq_1000.dot 3908761308 0.482769618 18080205.59595 18994825.5280803 0.0901577889999998 18994825.5280803
2 chipseq_1000.dot 3793245764 0.492683532 29398486.7562576 27484106.0036122 0.0788769870000001 27484106.0036122
2 atacseq_2000.dot 11809629756 1.158579551 72632725.1359467 71744136.1681202 0.32099817 71744136.1681202
2 eager_4000.dot 8330435694 10.933701604 89553796.3528452 77214171.1012965 2.071699181 77214171.1012965
2 methylseq_200.dot 22500260922 0.069497864 11223134.3410295 11187994.7649293 0.009225926 11187994.7649293
2 eager_4000.dot 14754556884 11.903787272 117397126.919716 107918285.580332 2.34166811899998 107918285.580332
2 methylseq 6761426956 0.002994257 1080969.55603783 1080079.2625 0.000276409 1080079.2625
2 eager_200.dot 19100037384 0.14066585 7629762.42634933 6635583.49852769 0.020547381 6635583.49852769
2 methylseq_20000.dot 8885797810 227.581122158001 1001318055.12745 931606307.441123 181.953854758999 931606307.441123
2 atacseq_25000.dot 2223941232 39.8298263590002 326218491.299114 336600128.421117 56.6647678470009 336600128.421117
2 eager_20000.dot 25705994498 229.765445163 987766836.237508 930244016.136066 70.3402490209995 930244016.136066
2 eager_25000.dot 19075314980 313.484582675001 912675845.932608 832417010.046557 138.643457247001 832417010.046557
2 chipseq_15000.dot 5058052541 13.5238514660001 659325619.291611 666681691.020829 17.9763366989997 666681691.020829
2 chipseq_1000.dot 5058052541 0.454533265 37086262.6744219 37221946.9467199 0.0927908340000001 37221946.9467199
2 atacseq_15000.dot 11809629756 19.0838718870001 573570242.730086 586222668.808933 21.6894750919999 586222668.808933
2 methylseq_2000.dot 8885797810 1.466100952 98589762.3492862 91277989.1984112 0.784324995999999 91277989.1984112
2 chipseq 41366257414 0.005027154 21383243.5848783 20309063.3767719 0.000505395 20309063.3767719
2 methylseq_15000.dot 8885797810 114.259812027 750262977.513937 718369856.439874 79.0464555639993 718369856.439874
2 methylseq_30000.dot 17027257018 431.761077762001 3438816645.08873 2337905254.48702 508.464419445998 2337905254.48702
2 eager_2000.dot 19075314980 3.578697989 79468201.0729194 61425375.3394078 0.551716421999997 61425375.3394078
2 eager_2000.dot 19132169434 3.705872832 79217182.439963 61797836.8664035 0.535933767999999 61797836.8664035
2 chipseq_20000.dot 4605965334 14.0485863120001 760933676.290093 839727897.684278 31.4278067529996 839727897.684278
2 atacseq_200.dot 11187378708 0.061784401 3978933.78348632 3041834.63192479 0.007096404 3041834.63192479
2 chipseq_15000.dot 3793245764 9.63384541 479149999.910901 576443712.234506 16.2961372649998 576443712.234506
2 atacseq_8000.dot 14091675276 4.34948244599999 585926891.871642 614353608.093437 2.545505116 614353608.093437
2 eager_10000.dot 19132169434 55.2282302880001 347412071.612779 323248845.199608 12.9520406280001 323248845.199608
2 methylseq_8000.dot 11897958606 24.806415726 653700645.29815 469516082.920402 11.7147213150001 469516082.920402
2 eager_15000.dot 25705994498 129.804200562 736810340.243969 694987951.884287 28.2805551710001 694987951.884287
2 eager_1000.dot 19075314980 1.425165673 43032624.0770117 27037654.4508986 0.217909918 27037654.4508986
2 eager_30000.dot 25705994498 642.250243133999 1501677837.51407 1397564937.2202 156.518739273998 1397564937.2202
2 eager_10000.dot 25705994498 61.0725941640002 492393194.463654 461859131.866767 12.2655114050001 461859131.866767
2 chipseq_20000.dot 3793245764 14.204604132 638974575.626041 781049753.485688 30.0503300949998 781049753.485688
2 atacseq 11187378708 0.010093406 3390833.5215995 3005275.81387317 0.001059582 3005275.81387317
2 chipseq 5058052541 0.005677191 2093255.40485411 1935325.8375 0.000631079 1935325.8375
2 chipseq_30000.dot 41366257414 34.8925016300001 7234388846.15485 7130300454.6848 23.1603443250005 7130300454.6848
2 eager_8000.dot 14754556884 36.454962147 221132387.826925 217122116.001704 8.71099604500003 217122116.001704
2 chipseq_30000.dot 32978181418 29.71122268 7885461599.03074 7239987588.82062 24.0403990389992 7239987588.82062
2 methylseq_25000.dot 110641579976 462.824810950999 11050073638.7624 11031675937.3995 308.828674069 11031675937.3995
2 eager_10000.dot 14754556884 54.550354326 270077980.530099 268886726.240792 15.2498834159999 268886726.240792
2 eager_30000.dot 14754556884 448.188123961001 833882418.672035 822871574.468806 220.670387397999 822871574.468806
2 methylseq_8000.dot 6761426956 23.464931855 303146754.274013 267970004.285504 11.677201178 267970004.285504
2 atacseq_10000.dot 11809629756 9.72057318799996 381514653.417795 380429043.826338 8.39348422699993 380429043.826338
2 eager_20000.dot 19132169434 208.609795097999 720923915.196005 652171253.457595 68.6746302139994 652171253.457595
2 eager_200.dot 19075314980 0.139820397 7614708.5350914 6621707.17758513 0.020512879 6621707.17758513
2 eager_20000.dot 14754556884 194.853573496999 538730763.621228 542694486.333544 79.7294151380004 542694486.333544
2 chipseq 4807293396 0.006023326 1792949.44286809 1590463.19791667 0.000629546 1590463.19791667
2 eager_15000.dot 8330435694 121.107170971 344404902.072145 313533226.88924 36.6825042589999 313533226.88924
2 methylseq_10000.dot 6761426956 38.030240583 379976478.758089 342710440.934242 27.2962606650002 342710440.934242
2 methylseq_1000.dot 22500260922 0.46804221 48556040.0335158 52270112.0278215 0.163909574 52270112.0278215
2 methylseq_8000.dot 22500260922 24.562505889 379832255.370105 421642286.391141 12.2058357319999 421642286.391141
2 methylseq_25000.dot 8885797810 391.714028511999 1252179908.29859 1198641567.47777 302.336462354001 1198641567.47777
2 atacseq_1000.dot 2223941232 0.503023519000001 8526371.74073084 10261756.8433183 0.0943011780000002 10261756.8433183
2 atacseq_4000.dot 3908761308 2.71775904099999 85297138.2798413 80998305.2395438 1.069366616 80998305.2395438
2 chipseq_10000.dot 3793245764 5.84703146499999 322747595.996741 384894910.92943 5.721205454 384894910.92943
2 eager_1000.dot 19132169434 1.43473956 43801930.497111 27153753.4769698 0.197420611 27153753.4769698
2 methylseq_20000.dot 17027257018 150.779669843 2284607961.05878 1558476614.06741 177.031822652999 1558476614.06741
2 eager_8000.dot 25705994498 40.9147595979998 389788714.624737 366316558.945881 6.56130462400003 366316558.945881
2 methylseq_2000.dot 17027257018 1.284977411 227518210.022268 155133461.450341 0.776049361999997 155133461.450341
2 methylseq_4000.dot 6761426956 5.009101616 151697096.132037 137669692.124573 3.32724403700002 137669692.124573
2 chipseq_8000.dot 4807293396 5.55777714199999 310598228.833017 305952782.36889 4.95649324800001 305952782.36889
2 methylseq_20000.dot 6273818718 168.8717174 503199053.403542 521273446.885234 125.893690503 521273446.885234
2 eager_4000.dot 19100037384 10.549538995 139532777.503061 129441029.0581 2.063222308 129441029.0581
2 methylseq_20000.dot 22500260922 215.583708625 949541526.049322 1056047884.18232 176.754151556999 1056047884.18232
2 eager_2000.dot 14754556884 4.094583504 63785262.5356231 49292045.4383888 0.718006499 49292045.4383888
2 atacseq_20000.dot 11187378708 29.550184425 764049329.424865 766643900.52889 42.9811538440004 766643900.52889
2 methylseq_4000.dot 22500260922 5.11286813399999 191169598.833568 210685632.964941 3.43041429000001 210685632.964941
2 atacseq_15000.dot 2223941232 17.050215808 192579750.349515 193388388.4933 16.3747079189999 193388388.4933
2 atacseq_8000.dot 2223941232 8.20298670699998 100646091.691144 92036134.538258 5.082366307 92036134.538258
2 chipseq_200.dot 41366257414 0.046344774 45600050.8126114 38579374.8092267 0.004636563 38579374.8092267
2 eager_200.dot 19132169434 0.139382901 9962089.14688601 6624688.23553754 0.020338164 6624688.23553754
2 chipseq_25000.dot 4807293396 31.60929953 987595235.337846 1044503149.20778 59.5739566030006 1044503149.20778
2 atacseq_4000.dot 2223941232 3.271652958 49289358.0344808 41536391.3583732 1.198829442 41536391.3583732
2 chipseq_10000.dot 41366257414 5.69425405500002 2404783175.14747 2361476193.30138 2.019854151 2361476193.30138
2 chipseq_4000.dot 4605965334 1.849022571 144562172.539361 142763408.66884 1.183642246 142763408.66884
2 atacseq_10000.dot 2223941232 9.33703899599998 126977640.212769 117820317.38119 7.41857061299997 117820317.38119
2 chipseq_25000.dot 3793245764 18.8474159720001 796613619.56992 985691515.340184 44.026184374001 985691515.340184
2 methylseq_25000.dot 17027257018 230.13828771 2856981032.05441 1948830225.88512 289.587410830001 1948830225.88512
2 eager_30000.dot 19132169434 430.394952898003 1052530955.97236 980875627.155461 204.069750072 980875627.155461
2 eager_2000.dot 8330435694 3.754351754 53618038.719563 35715866.2589362 0.710668541000001 35715866.2589362
2 chipseq_30000.dot 5058052541 42.5506716320003 1337282435.77581 1505739920.77009 89.4782704940014 1505739920.77009
2 methylseq_4000.dot 11897958606 5.38361935000001 326884373.501845 234174707.652003 3.304142895 234174707.652003
2 chipseq_4000.dot 4807293396 2.11249865900001 151384680.445651 149698699.949192 1.287023593 149698699.949192
2 eager_200.dot 14754556884 0.142197312 6759248.9853644 5773304.72406634 0.021360706 5773304.72406634
2 chipseq 4605965334 0.006520557 2301021.62462923 1940639.05264732 0.000633564 1940639.05264732
2 methylseq_15000.dot 22500260922 102.39494228 712266787.872648 791172692.38632 68.4493920870004 791172692.38632
2 chipseq_20000.dot 32978181418 14.851257099 5261335275.5013 4820749374.92589 8.97479873899987 4820749374.92589
2 methylseq_2000.dot 6273818718 1.338679599 48624393.3054427 51352857.2039221 0.566729166999999 51352857.2039221
2 atacseq 2223941232 0.01076938 1673288.8594377 1342234.35 0.001165882 1342234.35
2 methylseq_1000.dot 17027257018 0.508454398 113470288.844712 77401577.643658 0.171047533 77401577.643658
2 eager_25000.dot 19100037384 304.055514647001 890365920.074112 831242657.23945 132.691816498 831242657.23945
2 chipseq_8000.dot 4605965334 4.322568701 300092142.020158 292841152.470471 4.45385907699999 292841152.470471
2 atacseq_2000.dot 2223941232 1.238391457 20170291.1344334 21516618.1635863 0.336027714 21516618.1635863
2 methylseq_200.dot 6273818718 0.078100233 3376670.47792396 2955613.4875 0.007812156 2955613.4875
2 atacseq_8000.dot 11187378708 7.50710659999998 303621599.331469 313819707.6079 5.311613695 313819707.6079
2 methylseq 8885797810 0.002977754 1403681.09743725 1402989.4375 0.000275943 1402989.4375
2 methylseq_10000.dot 22500260922 40.8836776799999 475364849.579449 527761306.925854 24.6784416450003 527761306.925854
2 methylseq_1000.dot 6761426956 0.496249929 36985494.1751572 32329309.268637 0.166680666999999 32329309.268637
2 chipseq_2000.dot 3793245764 0.888215654999999 60846839.0966315 61340539.9649026 0.289468095 61340539.9649026
2 methylseq_25000.dot 22500260922 356.026918022 1187155258.49852 1320172858.48447 264.375672392005 1320172858.48447
2 chipseq_30000.dot 3793245764 27.9578112890002 972333044.491179 1181494118.19721 88.0428378879999 1181494118.19721
2 methylseq_1000.dot 8885797810 0.504186118 48632148.7094731 46348882.2533576 0.166177781 46348882.2533576
2 eager 19132169434 0.038253897 7614341.09356808 6624688.23553754 0.006085346 6624688.23553754
2 methylseq_10000.dot 17027257018 29.565510887 1142015164.36296 779072883.350948 24.4212334350003 779072883.350948
2 eager_200.dot 8330435694 0.144370461 4959908.44917337 3176844.70833333 0.020895623 3176844.70833333
2 atacseq 11809629756 0.009757746 3111618.04909467 2826261.57658746 0.001049622 2826261.57658746
2 chipseq_10000.dot 4807293396 7.02978131099999 386715209.22417 385484730.010897 7.16578894400003 385484730.010897
