algo_nr wf_name inp_size dur_alg1 ms_1 ms_perc dur_alg2 ms_2
3 atacseq_30000.dot 14091675276 2170.66440938303 2211349360.0863 2372926020.77589 3234.06728859708 2372926020.77589
3 chipseq_15000.dot 41366257414 378.100195909999 3608028524.96677 4893512049.39453 473.058566088999 4893512049.39453
3 methylseq_15000.dot 6761426956 476.504092744002 570148624.68431 450395600.159533 496.801478813003 450395600.159533
3 atacseq_15000.dot 3908761308 370.917595349997 330540128.268712 376012908.639524 500.222451890006 376012908.639524
3 eager 19075314980 0.037266918 7604206.28970202 6628000.57758513 0.00574615999999999 6628000.57758513
3 eager_1000.dot 25705994498 1.155404892 51793989.3802215 60765324.8166252 0.24729153 60765324.8166252
3 eager_20000.dot 8330435694 944.091823720006 480427625.151003 482985191.43404 1383.305014859 482985191.43404
3 eager_25000.dot 14754556884 1609.21738374201 689766726.96126 1198197569.97878 2521.21041151003 1198197569.97878
3 methylseq_1000.dot 110641579976 0.677589168 454341868.230456 1124031701.43701 0.176216833 1124031701.43701
3 chipseq_200.dot 5058052541 0.061153559 5059411.29884379 8406517.0818942 0.00943850499999999 8406517.0818942
3 atacseq_30000.dot 11809629756 2194.22462064499 1159791118.87394 1041814406.26843 3157.47928306012 1041814406.26843
3 methylseq_1000.dot 6273818718 0.635504233 23240315.3997576 29171229.2799691 0.172641938999999 29171229.2799691
3 chipseq_4000.dot 41366257414 6.56083078099999 948118656.362775 1314131372.62826 5.63140857700003 1314131372.62826
3 atacseq_2000.dot 14091675276 1.623382273 142142277.364586 159989497.84946 0.93042462 159989497.84946
3 atacseq_1000.dot 11809629756 0.589323347 32220954.4421773 34316634.5146853 0.172995872999999 34316634.5146853
3 methylseq_200.dot 17027257018 0.078516731 21808692.1051986 13055993.6524696 0.010192956 13055993.6524696
3 methylseq_30000.dot 110641579976 3180.25188980598 13249633645.5787 28163024992.0331 2949.10179965111 28163024992.0331
3 methylseq_8000.dot 110641579976 76.1405446049997 3539469085.92333 9599661252.55878 87.1322747210003 9599661252.55878
3 methylseq_20000.dot 6761426956 959.789141449996 760926508.549605 600526618.769569 1157.496400096 600526618.769569
3 atacseq_8000.dot 3908761308 44.806808717 174634549.810337 203005877.363238 64.1173797300006 203005877.363238
3 methylseq_8000.dot 17027257018 65.2612066739999 911762652.76361 482934589.089163 58.088955914001 482934589.089163
3 atacseq_10000.dot 14091675276 104.43558884 730696782.446067 790269087.314837 149.684437404002 790269087.314837
3 atacseq_20000.dot 11809629756 797.171805156996 767985941.74526 695032834.347696 988.816190359018 695032834.347696
3 atacseq_30000.dot 3908761308 2219.26485681601 645185189.887506 758745982.79962 3105.89718009696 758745982.79962
3 eager_2000.dot 25705994498 3.14496044799999 97175165.7988351 124983013.945 1.209506261 124983013.945
3 eager_1000.dot 14754556884 1.516665488 38215909.2978312 42115168.7329143 0.242156225000001 42115168.7329143
3 atacseq_30000.dot 11187378708 2236.90077175298 1151294499.00418 1094330108.71452 3137.01508025109 1094330108.71452
3 methylseq_10000.dot 8885797810 153.467073115 499996066.707686 390032762.81309 172.06414973 390032762.81309
3 atacseq_4000.dot 11809629756 8.03977949 150094264.186025 123839993.986187 5.69322853999999 123839993.986187
3 atacseq_1000.dot 14091675276 0.487256306 70906647.553234 79686230.0920308 0.174113448 79686230.0920308
3 methylseq_4000.dot 6273818718 10.513805235 99641255.8548245 116210273.545821 5.992208573 116210273.545821
3 chipseq_1000.dot 4605965334 0.625081637999999 33535751.9573395 31033242.6631787 0.172433844 31033242.6631787
3 atacseq_200.dot 11809629756 0.069109792 3274294.15241465 8232542.87728202 0.015984041 8232542.87728202
3 eager_8000.dot 19075314980 74.335096747 278560114.711273 319870234.641705 114.655787372001 319870234.641705
3 methylseq_10000.dot 110641579976 159.141863250999 4425861535.02049 12456124247.5696 186.449767641003 12456124247.5696
3 methylseq_2000.dot 22500260922 2.409044853 95558646.5481176 141574359.775838 1.022245189 141574359.775838
3 chipseq_200.dot 32978181418 0.053540993 43277095.5475938 83109059.3906078 0.00886595500000001 83109059.3906078
3 chipseq_2000.dot 4605965334 1.70206045 73634970.5423339 63892886.5695122 0.906057647000003 63892886.5695122
3 methylseq_30000.dot 8885797810 2953.341328616 1503134640.42563 1168692127.99375 2784.21127522913 1168692127.99375
3 eager_20000.dot 19075314980 885.062737723998 701621856.677773 792864545.868852 1301.73627622299 792864545.868852
3 atacseq_8000.dot 11809629756 60.2577097050001 306924398.25205 271594663.781841 72.3283616589999 271594663.781841
3 eager_30000.dot 19100037384 2718.59521063599 1057024614.47296 1196518543.62265 3928.23596294504 1196518543.62265
3 chipseq_200.dot 4807293396 0.063348466 4839879.20158037 6880576.83767135 0.009517543 6880576.83767135
3 chipseq_200.dot 3793245764 0.066195128 3857683.43057029 7707062.81678792 0.009586095 7707062.81678792
3 eager_8000.dot 19132169434 76.667555504 278601283.695847 321250137.931766 110.275958488 321250137.931766
3 atacseq_10000.dot 11187378708 92.8234560130002 379571579.864505 364233378.419409 150.496557392001 364233378.419409
3 chipseq_20000.dot 4807293396 730.487228547999 777797660.477817 653468032.329423 921.301508390018 653468032.329423
3 chipseq_10000.dot 5058052541 87.1035616220003 438068523.173204 403425723.455887 137.257328525998 403425723.455887
3 atacseq 3908761308 0.011952526 2479757.21405738 2030562.97364364 0.001561434 2030562.97364364
3 atacseq_4000.dot 11187378708 7.99888979799999 147364609.906214 142978384.556679 5.95741649899999 142978384.556679
3 chipseq_4000.dot 32978181418 6.56304630300002 1021000943.61857 1690419820.19803 5.65726427100002 1690419820.19803
3 eager_4000.dot 19075314980 11.626309831 141309937.365261 160802209.071255 7.42216665799997 160802209.071255
3 methylseq_4000.dot 17027257018 10.726360412 455592240.571016 241469475.854331 5.82121555899997 241469475.854331
3 chipseq_1000.dot 41366257414 0.473195498000001 227544291.612891 317681038.799492 0.177604908000001 317681038.799492
3 atacseq_10000.dot 3908761308 96.9767588039999 215015538.689942 253178076.691382 156.638159818002 253178076.691382
3 eager_1000.dot 19100037384 1.376540253 45632660.6079592 40988140.0424979 0.246602655 40988140.0424979
3 eager_25000.dot 25705994498 1568.83139375099 1272972418.88026 1568329309.56997 2583.56947671809 1568329309.56997
3 chipseq_25000.dot 41366257414 1191.90224616 6027062520.79457 7879754775.49376 1828.63501028603 7879754775.49376
3 atacseq 14091675276 0.010802021 6796472.31928283 6117524.87588642 0.001516576 6117524.87588642
3 methylseq_15000.dot 11897958606 459.051317464999 1227898874.57058 767507879.41392 472.745878702005 767507879.41392
3 atacseq_30000.dot 2223941232 2254.88183840396 391492374.474937 360650477.555448 3039.95150437008 360650477.555448
3 methylseq_1000.dot 11897958606 0.651011346 81683243.9720678 51537899.8659282 0.176821229999999 51537899.8659282
3 atacseq_2000.dot 3908761308 1.985551297 40576806.8926065 51054193.7076837 0.973421313000003 51054193.7076837
3 methylseq 11897958606 0.003131367 1841313.22040544 1843325.45 0.000383742 1843325.45
3 chipseq_25000.dot 5058052541 1259.340371051 1119521335.80592 1008367431.01799 1875.41510946401 1008367431.01799
3 methylseq_15000.dot 110641579976 495.512633052999 6633743771.10296 14854064977.737 511.435744146005 14854064977.737
3 methylseq_15000.dot 17027257018 459.364661381001 1713238589.42594 907129521.035452 448.426223849001 907129521.035452
3 eager 14754556884 0.037413891 6749313.0751564 5850111.59097304 0.005621603 5850111.59097304
3 chipseq_2000.dot 32978181418 1.500782201 498381251.683251 845387544.605188 0.879415453999995 845387544.605188
3 eager_2000.dot 19100037384 3.486271824 74197147.6306453 81392673.5363443 1.171636822 81392673.5363443
3 atacseq_20000.dot 14091675276 751.738427866003 1467094548.34102 1577788543.42427 940.714968627005 1577788543.42427
3 atacseq_20000.dot 2223941232 792.448560356996 257222943.307707 240270157.972578 973.82158742701 240270157.972578
3 chipseq_2000.dot 5058052541 1.704837351 84726254.4686528 80955977.2939338 0.904937029999999 80955977.2939338
3 methylseq_20000.dot 11897958606 929.214695488005 1637257256.26512 1023342910.66627 1016.98527720301 1023342910.66627
3 atacseq_25000.dot 14091675276 1361.05418578201 1833778043.6276 1975790302.29923 1982.14279637601 1975790302.29923
3 atacseq_4000.dot 14091675276 7.08648770799999 291281469.134949 313571754.529476 6.01595152500001 313571754.529476
3 eager_200.dot 25705994498 0.133367637 13417102.937937 14505960.5871882 0.01983651 14505960.5871882
3 chipseq_15000.dot 4605965334 376.066172984001 574258670.409189 488253361.376989 447.929551996007 488253361.376989
3 atacseq_15000.dot 14091675276 370.246075268 1096725886.19776 1183887459.98034 477.443718786003 1183887459.98034
3 methylseq_200.dot 110641579976 0.077729577 101888196.88376 243004076.324457 0.010121788 243004076.324457
3 methylseq 6273818718 0.003177124 992206.513341115 994094.7125 0.000389879 994094.7125
3 atacseq_15000.dot 11187378708 370.561319853 574188143.135391 544517899.657869 469.020999794006 544517899.657869
3 eager 25705994498 0.036314977 9418352.80828121 9072263.06491788 0.00523785 9072263.06491788
3 methylseq_4000.dot 8885797810 10.04658199 199594985.653964 155733750.859123 6.00861805800003 155733750.859123
3 methylseq_20000.dot 110641579976 1024.087187302 8839231459.01204 21112589473.9284 1164.43288511803 21112589473.9284
3 chipseq_2000.dot 41366257414 1.551428784 472168286.594212 658621681.208652 0.877059389999996 658621681.208652
3 chipseq_15000.dot 32978181418 370.905496374002 3922894852.34586 6349566247.1732 459.84449683 6349566247.1732
3 chipseq_8000.dot 5058052541 49.2270498879999 351696898.177913 322950989.640976 62.632220351 322950989.640976
3 methylseq_8000.dot 8885797810 68.0031125290004 398890722.77903 311465578.922764 60.164350296 311465578.922764
3 chipseq_8000.dot 41366257414 48.7523040299999 1920464569.99351 2529641185.86643 66.5564334620004 2529641185.86643
3 methylseq_8000.dot 6273818718 68.2521618190002 200496040.484832 232408118.912895 78.7843144190015 232408118.912895
3 eager_15000.dot 19100037384 477.653805094001 557177168.849653 599299120.873258 593.951154773008 599299120.873258
3 chipseq_30000.dot 4807293396 2169.41424252401 1171034135.58492 981856570.749209 2963.19318240107 981856570.749209
3 methylseq_30000.dot 6761426956 2864.23643259498 1142255065.06153 899708832.781555 2750.83843295514 899708832.781555
3 chipseq_1000.dot 32978181418 0.455583484000001 241129801.865988 420320457.537625 0.176920362000001 420320457.537625
3 chipseq_30000.dot 4605965334 2187.20264369497 1148216310.57652 965254580.213078 3008.56257037508 965254580.213078
3 methylseq_10000.dot 6273818718 139.11747965 251386677.702894 291002979.279969 167.227797816005 291002979.279969
3 methylseq_25000.dot 6761426956 1998.40008479201 951554599.540529 750657637.3796 1924.91269153004 750657637.3796
3 chipseq_10000.dot 4605965334 105.596344449 384121032.728058 324398539.854666 140.218621517 324398539.854666
3 methylseq 22500260922 0.003145167 2995978.9703697 2996772.87801262 0.000386802 2996772.87801262
3 methylseq 110641579976 0.003135319 34016663.6727109 34018273.3844888 0.000361848 34018273.3844888
3 eager_25000.dot 8330435694 1842.15221854299 625039855.439456 615266019.147992 2503.99770066005 615266019.147992
3 chipseq_20000.dot 41366257414 748.253779739005 4818022099.51234 6249466082.06085 905.166522202015 6249466082.06085
3 chipseq_20000.dot 5058052541 704.387193400001 888803481.604793 806347080.343204 874.746144500011 806347080.343204
3 chipseq_8000.dot 32978181418 43.9073353580001 2070677700.14831 3384745157.12489 60.139079838001 3384745157.12489
3 atacseq_25000.dot 11187378708 1287.78789175102 958235582.806421 913343509.387868 1937.22422608302 913343509.387868
3 atacseq_25000.dot 3908761308 1352.799096103 542991905.190243 627525518.723335 2047.98641637302 627525518.723335
3 chipseq_4000.dot 5058052541 6.88474867600001 170162519.829751 162046113.473419 5.56812543500001 162046113.473419
3 eager 8330435694 0.038388371 4951405.87090015 3180873.58333333 0.005932586 3180873.58333333
3 eager_15000.dot 14754556884 478.882374718002 419867007.865312 717906870.37043 593.231729273013 717906870.37043
3 chipseq_15000.dot 4807293396 355.730589985998 587112681.919621 481860776.392403 447.541974347011 481860776.392403
3 eager_4000.dot 25705994498 12.227216443 198343070.617149 250813203.820002 7.80637259499998 250813203.820002
3 eager_8000.dot 19100037384 72.8043991169999 278195360.493298 320669238.432787 103.350029536001 320669238.432787
3 methylseq_4000.dot 110641579976 11.17928007 1779884855.5763 4708851213.32765 6.56233007699997 4708851213.32765
3 chipseq 3793245764 0.007235932 2310608.71709462 2375879.82669644 0.000853226 2375879.82669644
3 atacseq_200.dot 14091675276 0.06641178 7999544.10952604 18917331.9096882 0.011736461 18917331.9096882
3 chipseq_25000.dot 32978181418 1268.69243999701 6544927574.5389 10573638675.6866 1901.45085921004 10573638675.6866
3 eager_10000.dot 19100037384 138.498208751999 351872026.242487 400152134.463074 221.054891938999 400152134.463074
3 methylseq_30000.dot 11897958606 2994.25907616597 2455281422.13691 1533172717.92779 2886.87250209013 1533172717.92779
3 atacseq_25000.dot 11809629756 1375.999928435 956752452.092896 876527590.644718 1998.42864847102 876527590.644718
3 eager_30000.dot 19075314980 2784.15962438001 1082727106.95294 1191913006.7397 3370.69917718609 1191913006.7397
3 methylseq_25000.dot 11897958606 1879.91573405401 2047420285.40968 1279177941.91862 1808.38521975707 1279177941.91862
3 eager_15000.dot 19132169434 470.315184614999 546399531.315785 601937627.182017 593.010169030993 601937627.182017
3 methylseq_30000.dot 22500260922 3290.32911019898 1424755440.82094 2236795662.8739 2752.3773321551 2236795662.8739
3 atacseq_2000.dot 11187378708 2.067288754 71445280.8588902 73789415.493277 0.963590275 73789415.493277
3 methylseq_10000.dot 11897958606 146.476832359 818662929.978457 511672848.161568 168.997174350001 511672848.161568
3 chipseq_25000.dot 4605965334 1197.14906528599 956459552.405867 805493022.146096 1817.32072409104 805493022.146096
3 methylseq_30000.dot 6273818718 2757.78489164497 754945566.847669 872269464.279969 2960.63219305197 872269464.279969
3 eager_30000.dot 8330435694 2862.67984829099 746330803.121385 741662131.513536 3762.93546573713 741662131.513536
3 chipseq_200.dot 4605965334 0.067327949 4413587.8299958 7709689.02040478 0.009451872 7709689.02040478
3 methylseq_15000.dot 6273818718 432.596400674002 377117358.709841 436636883.912895 462.305389392996 436636883.912895
3 methylseq_2000.dot 11897958606 2.283398925 163297884.252345 103073014.075039 0.880232534000002 103073014.075039
3 atacseq_200.dot 3908761308 0.073667692 4262029.22196273 5916001.74205331 0.028399577 5916001.74205331
3 eager_8000.dot 8330435694 72.1603760999996 179918815.461294 198368781.678442 102.866558376999 198368781.678442
3 atacseq_200.dot 2223941232 0.076372601 3064129.25900044 3913798.48473706 0.011971212 3913798.48473706
3 chipseq_2000.dot 4807293396 1.809391561 71276118.9496995 63220972.0264715 0.882767375 63220972.0264715
3 eager_20000.dot 19100037384 908.600120952002 700022048.867633 796344195.304683 1334.139207633 796344195.304683
3 eager_10000.dot 19075314980 151.359112156999 361347894.655189 399072150.393741 218.935494312 399072150.393741
3 methylseq_25000.dot 6273818718 1945.296016833 629822169.703715 727904787.999722 1917.62732818308 727904787.999722
3 eager_10000.dot 8330435694 156.799888172002 236300182.84223 241313611.689272 223.661863646001 241313611.689272
3 methylseq_200.dot 8885797810 0.076970699 9220677.93257369 8419634.58507379 0.010320751 8419634.58507379
3 chipseq 32978181418 0.006028217 18677325.8194742 19863500.601088 0.000742046 19863500.601088
3 methylseq_2000.dot 6761426956 2.395356675 74944539.3837424 60486983.4816685 0.927431877000001 60486983.4816685
3 atacseq_20000.dot 3908761308 780.675919641004 435671484.381233 503384149.49347 944.986266205005 503384149.49347
3 atacseq_1000.dot 11187378708 0.568783953 30970150.2268376 37848717.701602 0.175918517 37848717.701602
3 eager 19100037384 0.03692572 7619012.90180323 6642025.28602769 0.00589438 6642025.28602769
3 chipseq_10000.dot 32978181418 87.5870110010006 2601226632.22162 4229110910.92953 138.527165307 4229110910.92953
3 methylseq_2000.dot 110641579976 2.495766358 896192129.50353 2521192983.28224 0.938479819000003 2521192983.28224
3 chipseq_8000.dot 3793245764 42.5687422310001 251046783.826989 282428387.065751 59.5235711060009 282428387.065751
3 eager_25000.dot 19132169434 1655.63226780699 893509768.467672 997501922.583595 2689.70485810696 997501922.583595
3 eager_4000.dot 19132169434 11.746355573 143596812.232315 162230084.679353 8.07563061199999 162230084.679353
3 chipseq_1000.dot 4807293396 0.586967488999999 31476419.3329634 30455791.5096207 0.194814675 30455791.5096207
3 eager_15000.dot 19075314980 472.484009755002 529500290.036404 596997071.664465 603.759307503008 596997071.664465
3 methylseq_200.dot 6761426956 0.076718179 7024508.8577857 6483019.95287895 0.010362551 6483019.95287895
3 methylseq 17027257018 0.003111309 2178149.99525382 2179186.75 0.000383088 2179186.75
3 eager_1000.dot 8330435694 1.235179965 27001691.7224062 24035022.5187046 0.240656575999999 24035022.5187046
3 chipseq_4000.dot 3793245764 6.91058404299998 123487393.304168 140633869.776578 5.575372817 140633869.776578
3 methylseq_200.dot 11897958606 0.077884978 15901947.0509962 11046024.4159127 0.010329869 11046024.4159127
3 atacseq_1000.dot 3908761308 0.627881686999999 17451255.8286485 25880645.4967715 0.176831736999999 25880645.4967715
3 chipseq_1000.dot 3793245764 0.605795204 29168297.9285846 35315468.599559 0.170365937 35315468.599559
3 atacseq_2000.dot 11809629756 2.066518531 73019327.998198 70346274.2174734 0.919046249 70346274.2174734
3 eager_4000.dot 8330435694 12.241632972 90086627.437702 99271639.6422058 7.60456697799999 99271639.6422058
3 methylseq_200.dot 22500260922 0.086951286 11222666.1562254 16483501.7992405 0.010262207 16483501.7992405
3 eager_4000.dot 14754556884 13.202451441 115711643.95865 187349478.453782 7.87531872100004 187349478.453782
3 methylseq 6761426956 0.003135324 1080709.94343691 1082623.6 0.000392481 1082623.6
3 eager_200.dot 19100037384 0.13857119 7623307.43076758 11290031.0216524 0.020854662 11290031.0216524
3 methylseq_20000.dot 8885797810 972.612747594002 1001317825.10172 780063827.693181 1101.17680915504 780063827.693181
3 atacseq_25000.dot 2223941232 1366.58427672499 324156885.460127 300035701.673107 2037.33404867401 300035701.673107
3 eager_20000.dot 25705994498 938.733872945989 1004101804.16032 1252451240.69163 1334.48560487002 1252451240.69163
3 eager_25000.dot 19075314980 1682.77278920499 893730763.100274 991423732.054089 2498.10724116707 991423732.054089
3 chipseq_15000.dot 5058052541 347.706576652002 669118188.266258 605542365.163217 440.237468922003 605542365.163217
3 chipseq_1000.dot 5058052541 0.580316366000001 37046214.9201839 40675738.351398 0.181192591999999 40675738.351398
3 atacseq_15000.dot 11809629756 371.688236922001 570674034.021454 501516085.711941 475.347508962004 501516085.711941
3 methylseq_2000.dot 8885797810 2.463912923 98589532.3235638 78569106.6858115 1.07342203500001 78569106.6858115
3 chipseq 41366257414 0.00510724 19893375.3798256 22503568.9115015 0.000697980999999999 22503568.9115015
3 methylseq_15000.dot 8885797810 480.819799981001 750262749.123063 585048295.253138 513.811454703994 585048295.253138
3 methylseq_30000.dot 17027257018 2801.58502747099 3438816104.03649 1812080392.57098 3184.14871449504 1812080392.57098
3 eager_2000.dot 19075314980 3.66770937 76200623.6540105 81485644.3299359 1.21238784800001 81485644.3299359
3 eager_2000.dot 19132169434 3.875632545 78351858.9609253 83604358.7904459 1.21320611 83604358.7904459
3 chipseq_20000.dot 4605965334 750.006678366995 765180733.906529 668245015.670723 901.307627908023 668245015.670723
3 atacseq_200.dot 11187378708 0.072995868 3503602.42603994 8993641.62975515 0.012038803 8993641.62975515
3 chipseq_15000.dot 3793245764 373.695428334002 489895455.08653 526377181.487284 452.050030245004 526377181.487284
3 atacseq_8000.dot 14091675276 51.3256310070001 585923658.866865 634543692.830319 69.667629574001 634543692.830319
3 eager_10000.dot 19132169434 160.343482364001 365836036.162664 402315926.881902 225.025147308003 402315926.881902
3 methylseq_8000.dot 11897958606 65.9492432259999 653700357.186613 408602904.293345 66.5935294249992 408602904.293345
3 eager_15000.dot 25705994498 485.980878836001 741438746.968605 941576653.941639 596.748383171006 941576653.941639
3 eager_1000.dot 19075314980 1.404359634 43571238.710694 40886378.2915965 0.235639466 40886378.2915965
3 eager_30000.dot 25705994498 2934.65222481701 1522703322.06151 1881602190.06657 3885.06345441206 1881602190.06657
3 eager_10000.dot 25705994498 148.234763625 493536661.121476 628303773.445 210.597651819001 628303773.445
3 chipseq_20000.dot 3793245764 739.656796059993 656993793.993653 698919432.40014 929.901494195013 698919432.40014
3 atacseq 11187378708 0.011026355 3390854.60866327 2964048.39082512 0.001483115 2964048.39082512
3 chipseq 5058052541 0.0070237 2097254.51057255 2338331.75806325 0.000859836 2338331.75806325
3 chipseq_30000.dot 41366257414 2286.47103347702 7244624206.52479 9704593958.32037 3067.51678793906 9704593958.32037
3 eager_8000.dot 14754556884 67.9010304010002 219592749.924112 381697212.113977 99.9818865420008 381697212.113977
3 chipseq_30000.dot 32978181418 1988.146204938 7862214216.07426 12698117615.003 3081.3188094001 12698117615.003
3 methylseq_25000.dot 110641579976 2170.762726818 11050073636.046 21413197571.6273 2161.31182562897 21413197571.6273
3 eager_10000.dot 14754556884 148.658674073001 276741582.842007 476974493.923857 219.204571476999 476974493.923857
3 eager_30000.dot 14754556884 2725.60040323801 833419546.03253 1439129946.42529 3955.31378387611 1439129946.42529
3 methylseq_8000.dot 6761426956 66.6702704889998 303146494.661412 239780398.459749 65.1198599530006 239780398.459749
3 atacseq_10000.dot 11809629756 98.0381400049999 381458856.185255 351120929.253503 144.191867676004 351120929.253503
3 eager_20000.dot 19132169434 907.003658163997 716383784.424613 798709121.432946 1324.69384721999 798709121.432946
3 eager_200.dot 19075314980 0.13537771 7608401.89366848 11106796.7116396 0.020796841 11106796.7116396
3 eager_20000.dot 14754556884 892.091690028 547765795.963704 956421588.11287 1351.76044250098 956421588.11287
3 chipseq 4807293396 0.007047548 1709995.82503186 1923547.97403275 0.000870589 1923547.97403275
3 eager_15000.dot 8330435694 480.413535878001 348005277.752936 372899755.896762 588.734979458026 372899755.896762
3 methylseq_10000.dot 6761426956 142.602071564001 379976219.145488 300264581.549494 172.627406301 300264581.549494
3 methylseq_1000.dot 22500260922 0.621348539 48556040.4635539 79028930.7875395 0.183079993 79028930.7875395
3 methylseq_8000.dot 22500260922 67.6973128600002 379832313.335078 601057961.269369 77.9842693519989 601057961.269369
3 methylseq_25000.dot 8885797810 1953.28375040402 1252179679.90772 975079360.133223 2002.23947297802 975079360.133223
3 atacseq_1000.dot 2223941232 0.669561962000001 7671453.60620781 13459388.5394236 0.185534832 13459388.5394236
3 atacseq_4000.dot 3908761308 7.739327549 85917889.3082846 100519518.740276 5.68193978999998 100519518.740276
3 chipseq_10000.dot 3793245764 118.337526259999 320764095.607757 348827763.938109 151.655102054001 348827763.938109
3 eager_1000.dot 19132169434 1.391815716 45300944.9748554 41091167.2962632 0.238618893 41091167.2962632
3 methylseq_20000.dot 17027257018 916.945134727999 2284607418.24535 1209504752.92411 934.443337481002 1209504752.92411
3 eager_8000.dot 25705994498 70.3279219720003 399410363.688453 502473583.569996 98.5953560220005 502473583.569996
3 methylseq_2000.dot 17027257018 2.42247743 227517667.208847 121824062.677166 0.965208737000002 121824062.677166
3 methylseq_4000.dot 6761426956 9.83392990300001 151697101.586027 119891599.425836 5.72271204399996 119891599.425836
3 chipseq_8000.dot 4807293396 45.0219913069999 311837631.397509 260640464.54414 60.5261761360008 260640464.54414
3 methylseq_20000.dot 6273818718 907.706408792999 503199096.759001 582270788.545821 994.797800824025 582270788.545821
3 eager_4000.dot 19100037384 12.071779296 140196254.681009 161225251.408224 8.147020184 161225251.408224
3 methylseq_20000.dot 22500260922 963.157205732004 949541057.865803 1494942357.88865 1146.60344667803 1494942357.88865
3 eager_2000.dot 14754556884 4.113967664 67211768.9619753 90807806.7912829 1.20065812 90807806.7912829
3 atacseq_20000.dot 11187378708 779.622831120998 760002732.831468 727179689.525596 933.91853771401 727179689.525596
3 methylseq_4000.dot 22500260922 10.273730346 191169130.648764 304192475.145416 6.00712784699995 304192475.145416
3 atacseq_15000.dot 2223941232 375.921403494002 192325662.911366 180378685.932252 483.942355515011 180378685.932252
3 atacseq_8000.dot 2223941232 51.51370802 100873472.668764 97457232.6562036 69.1633444619999 97457232.6562036
3 chipseq_200.dot 41366257414 0.053409184 43223946.0504394 66708664.8823746 0.008561183 66708664.8823746
3 eager_200.dot 19132169434 0.133170605 7612116.25147731 11454105.0082956 0.020722589 11454105.0082956
3 chipseq_25000.dot 4807293396 1273.382217961 988016570.710649 814322888.159186 1846.36328030904 814322888.159186
3 atacseq_4000.dot 2223941232 8.29718555099999 49340450.2155436 48757128.3576299 5.63057568100001 48757128.3576299
3 chipseq_10000.dot 41366257414 108.021970391 2418803339.4459 3070008446.066 147.233814103002 3070008446.066
3 chipseq_4000.dot 4605965334 7.044291524 149205792.279272 130667223.260447 5.71424388100004 130667223.260447
3 atacseq_10000.dot 2223941232 100.479687585001 128714395.349995 120840300.890642 151.809178398002 120840300.890642
3 chipseq_25000.dot 3793245764 1197.29273002 814733131.434844 874768229.401027 1845.06603893807 874768229.401027
3 methylseq_25000.dot 17027257018 1847.24039865099 2856980491.00225 1511879984.81279 1732.70065250004 1511879984.81279
3 eager_30000.dot 19132169434 2762.24260636298 1058330766.66786 1199283883.55726 3903.82851243004 1199283883.55726
3 eager_2000.dot 8330435694 3.62642472099999 51198143.4513451 49157108.685695 1.15942841499999 49157108.685695
3 chipseq_30000.dot 5058052541 2146.88281877896 1346563466.25857 1210373411.4957 3086.62376896808 1210373411.4957
3 methylseq_4000.dot 11897958606 9.93627542799999 326884088.950457 204302987.25008 5.721807601 204302987.25008
3 chipseq_4000.dot 4807293396 6.951558144 153713747.387354 130282491.358616 5.38557262499999 130282491.358616
3 eager_200.dot 14754556884 0.140071098 6845775.29385545 9416196.77234195 0.020371556 9416196.77234195
3 chipseq 4605965334 0.007070732 2250600.33296256 2339455.27544359 0.000875546 2339455.27544359
3 methylseq_15000.dot 22500260922 454.465334399999 712266319.690405 1120178278.88847 496.651342295 1120178278.88847
3 chipseq_20000.dot 32978181418 743.940330881003 5248351771.20954 8459682103.33956 924.164983441009 8459682103.33956
3 methylseq_2000.dot 6273818718 2.394451526 48624184.1517622 58607288.5458213 0.891710839000002 58607288.5458213
3 atacseq 2223941232 0.0122841 1648363.13569011 1325596.73404344 0.001573064 1325596.73404344
3 methylseq_1000.dot 17027257018 0.671557993999999 113469747.792473 60913944.0233357 0.179655636000001 60913944.0233357
3 eager_25000.dot 19100037384 1704.94184632802 886299960.953282 994047394.130168 2558.96865117601 994047394.130168
3 chipseq_8000.dot 4605965334 44.2500707619999 300998423.22863 263372383.609307 63.2341599650004 263372383.609307
3 atacseq_2000.dot 2223941232 2.146599771 19616687.734357 25620183.8883276 0.900582312000004 25620183.8883276
3 methylseq_200.dot 6273818718 0.08540222 2973456.07274286 6240938.54582128 0.010090266 6240938.54582128
3 atacseq_8000.dot 11187378708 54.4751933849999 303382327.986199 291469694.289483 68.1861867760013 291469694.289483
3 methylseq 8885797810 0.003261985 1403452.70656316 1404687.375 0.000388173 1404687.375
3 methylseq_10000.dot 22500260922 148.919135756 475365081.191649 751166990.841286 184.405438274001 751166990.841286
3 methylseq_1000.dot 6761426956 0.656834483 36985234.5625563 30244763.9055464 0.179455125999999 30244763.9055464
3 chipseq_2000.dot 3793245764 1.741980658 61800575.7474363 71085111.1407385 0.852952458999998 71085111.1407385
3 methylseq_25000.dot 22500260922 2027.83975020501 1187247320.16774 1864475626.833 2031.88996935906 1864475626.833
3 chipseq_30000.dot 3793245764 2201.43313693798 983467763.479006 1044157376.97578 3097.35708561102 1044157376.97578
3 methylseq_1000.dot 8885797810 0.645002892000001 48631920.3185991 39285402.3093984 0.168111359 39285402.3093984
3 eager 19132169434 0.037015442 7607661.25859742 6631370.47303754 0.005765534 6631370.47303754
3 methylseq_10000.dot 17027257018 146.976855747 1142014623.31073 604754289.14682 149.893158498 604754289.14682
3 eager_200.dot 8330435694 0.141033021 5166300.45067769 4914918.3477336 0.020903046 4914918.3477336
3 atacseq 11809629756 0.010795444 3137488.27289915 2775181.54895901 0.001497231 2775181.54895901
3 chipseq_10000.dot 4807293396 89.0296984829996 385305481.439301 322359723.704771 140.935313883 322359723.704771
