vertex start finish processor
trim_galore_00000996 0 8887618.95 35
trim_galore_00000912 0 8887618.95 34
trim_galore_00000324 0 8887618.95 33
trim_galore_00000180 0 8887618.95 32
trim_galore_00000588 0 8887618.95 31
trim_galore_00000852 0 8887618.95 30
trim_galore_00000168 31278147.830069 40165766.780069 35
trim_galore_00000732 31278147.830069 40165766.780069 34
trim_galore_00000924 31278147.830069 40165766.780069 33
trim_galore_00000504 31278147.830069 40165766.780069 32
trim_galore_00000336 31278147.830069 40165766.780069 31
trim_galore_00000156 31278147.830069 40165766.780069 30
trim_galore_00000600 62556295.660138 71443914.610138 35
trim_galore_00000192 62556295.660138 71443914.610138 34
trim_galore_00000144 62556295.660138 71443914.610138 33
trim_galore_00000612 62556295.660138 71443914.610138 32
trim_galore_00000348 62556295.660138 71443914.610138 31
trim_galore_00000936 62556295.660138 71443914.610138 30
trim_galore_00000840 93834443.4902071 102722062.440207 35
trim_galore_00000492 93834443.4902071 102722062.440207 34
trim_galore_00000360 93834443.4902071 102722062.440207 33
trim_galore_00000120 93834443.4902071 102722062.440207 32
trim_galore_00000720 93834443.4902071 102722062.440207 31
trim_galore_00000624 93834443.4902071 102722062.440207 30
trim_galore_00000780 125112591.320276 134000210.270276 35
trim_galore_00000228 125112591.320276 134000210.270276 34
trim_galore_00000264 125112591.320276 134000210.270276 33
trim_galore_00000756 125112591.320276 134000210.270276 32
trim_galore_00000540 125112591.320276 134000210.270276 31
trim_galore_00000252 125112591.320276 134000210.270276 30
trim_galore_00000876 156390739.150345 165278358.100345 35
trim_galore_00000552 156390739.150345 165278358.100345 34
trim_galore_00000888 156390739.150345 165278358.100345 33
trim_galore_00000276 156390739.150345 165278358.100345 32
trim_galore_00000240 156390739.150345 165278358.100345 31
trim_galore_00000528 156390739.150345 165278358.100345 30
trim_galore_00000288 187668886.980414 196556505.930414 35
trim_galore_00000132 187668886.980414 196556505.930414 34
trim_galore_00000564 187668886.980414 196556505.930414 33
trim_galore_00000900 187668886.980414 196556505.930414 32
trim_galore_00000216 187668886.980414 196556505.930414 31
trim_galore_00000744 187668886.980414 196556505.930414 30
trim_galore_00000864 218947034.810483 227834653.760483 35
trim_galore_00000300 218947034.810483 227834653.760483 34
trim_galore_00000204 218947034.810483 227834653.760483 33
trim_galore_00000516 218947034.810483 227834653.760483 32
trim_galore_00000576 218947034.810483 227834653.760483 31
trim_galore_00000768 218947034.810483 227834653.760483 30
trim_galore_00000312 250225182.640552 259112801.590552 35
trim_galore_00000036 250225182.640552 259112801.590552 34
trim_galore_00000072 250225182.640552 259112801.590552 33
trim_galore_00000708 250225182.640552 259112801.590552 32
trim_galore_00000396 250225182.640552 259112801.590552 31
trim_galore_00000060 250225182.640552 259112801.590552 30
trim_galore_00000816 281503330.470621 290390949.420621 35
trim_galore_00000972 281503330.470621 290390949.420621 34
trim_galore_00000660 281503330.470621 290390949.420621 33
trim_galore_00000408 281503330.470621 290390949.420621 32
trim_galore_00000048 281503330.470621 290390949.420621 31
trim_galore_00000792 281503330.470621 290390949.420621 30
trim_galore_00000456 312781478.30069 321669097.25069 35
trim_galore_00000948 312781478.30069 321669097.25069 34
trim_galore_00000420 312781478.30069 321669097.25069 33
trim_galore_00000672 312781478.30069 321669097.25069 32
trim_galore_00000984 312781478.30069 321669097.25069 31
trim_galore_00000024 312781478.30069 321669097.25069 30
trim_galore_00000696 344059626.130759 352947245.080759 35
trim_galore_00000432 344059626.130759 352947245.080759 34
trim_galore_00000804 344059626.130759 352947245.080759 33
trim_galore_00000003 344059626.130759 352947245.080759 32
trim_galore_00000684 344059626.130759 352947245.080759 31
trim_galore_00000444 344059626.130759 352947245.080759 30
trim_galore_00000468 375337773.960828 384225392.910828 35
trim_galore_00000636 375337773.960828 384225392.910828 34
trim_galore_00000828 375337773.960828 384225392.910828 33
trim_galore_00000096 375337773.960828 384225392.910828 32
trim_galore_00000480 375337773.960828 384225392.910828 31
dfasdftrim_galore_00000384 375337773.960828 384225392.910828 30
trim_galore_00000084 406615921.790897 415503540.740897 35
trim_galore_00000960 406615921.790897 415503540.740897 34
trim_galore_00000372 406615921.790897 415503540.740897 33
trim_galore_00000108 406615921.790897 415503540.740897 32
trim_galore_00000648 406615921.790897 415503540.740897 31
bismark_align_00000531 384225392.910828 391825307.282226 30
bismark_align_00000291 391825307.282226 399425223.300405 30
dfasdfbismark_align_00000423 399425223.300405 407025140.965368 30
bismark_align_00000867 415503540.740897 423103455.15242 35
bismark_align_00000483 415503540.740897 423103455.15242 34
bismark_align_00000807 415503540.740897 423103455.15242 33
bismark_align_00000267 415503540.740897 423103455.15242 32
bismark_align_00000759 415503540.740897 423103455.15242 31
dfasdfbismark_align_00000279 420305031.545333 426492744.570333 30
bismark_align_00000831 423103455.15242 430703371.210725 35
dfasdfbismark_align_00000375 429099550.583149 436699466.641455 34
bismark_align_00000447 423103455.15242 430703371.210725 33
bismark_align_00000435 423103455.15242 430703371.210725 32
bismark_align_00000795 423103455.15242 430703371.210725 31
bismark_align_00000363 430703371.210725 436891084.235725 33
bismark_align_00000315 430703371.210725 438303288.915814 35
bismark_align_00000771 430703371.210725 438303288.915814 32
bismark_align_00000471 430703371.210725 438303288.915814 31
bismark_align_00000327 436891084.235725 443078797.260725 33
bismark_align_00000387 438303288.915814 444491001.940814 35
bismark_align_00000819 442788660.337585 448976373.362585 32
bismark_align_00000339 442788660.337585 448976373.362585 31
bismark_align_00000399 442788660.337585 448976373.362585 30
bismark_align_00000507 443078797.260725 449266510.285725 33
bismark_align_00000855 444491001.940814 450678714.965814 35
bismark_align_00000519 449266510.285725 455454223.310725 33
bismark_align_00000843 450678714.965814 456866427.990814 35
bismark_align_00000495 451583179.375402 457770892.400402 34
bismark_align_00000783 456477770.09202 462665483.11702 33
bismark_align_00000411 456866427.990814 463054141.015814 35
bismark_align_00000303 463054141.015814 469241854.040814 35
bismark_align_00000459 465272289.129837 471460002.154837 32
bismark_align_00000351 465272289.129837 471460002.154837 31
bismark_align_00000567 465272289.129837 471460002.154837 30
bismark_align_00000711 469241854.040814 475429567.065814 35
bismark_align_00000159 474066808.167654 480254521.192654 34
bismark_align_00000927 475429567.065814 481617280.090814 35
bismark_align_00000603 478961398.884273 485149111.909273 33
bismark_align_00000147 481617280.090814 487804993.115814 35
bismark_align_00000723 487755917.922089 493943630.947089 32
bismark_align_00000135 487755917.922089 493943630.947089 31
bismark_align_00000879 487755917.922089 493943630.947089 30
bismark_align_00000939 487804993.115814 493992706.140814 35
bismark_align_00000123 496550436.959906 502738149.984906 34
bismark_align_00000111 501445027.676525 507632740.701525 33
bismark_align_00000627 506339618.393144 512527331.418144 35
bismark_align_00000951 510239546.714342 516427259.739342 32
bismark_align_00000099 510239546.714342 516427259.739342 31
bismark_align_00000639 510239546.714342 516427259.739342 30
bismark_align_00000087 519034065.752158 525221778.777158 34
bismark_align_00000615 523928656.468777 530116369.493777 33
bismark_align_00000075 528823247.185396 535010960.210396 35
bismark_align_00000963 532723175.506594 538910888.531594 32
bismark_align_00000651 532723175.506594 538910888.531594 31
bismark_align_00000063 532723175.506594 538910888.531594 30
bismark_align_00000051 541517694.544411 547705407.569411 34
bismark_align_00000975 546412285.261029 552599998.286029 33
bismark_align_00000663 551306875.977648 557494589.002648 35
bismark_align_00000699 555206804.298846 561394517.323846 32
bismark_align_00000039 555206804.298846 561394517.323846 31
bismark_align_00000675 555206804.298846 561394517.323846 30
bismark_align_00000027 564001323.336663 570189036.361663 34
bismark_align_00000987 568895914.053282 575083627.078282 33
bismark_align_00000015 573790504.7699 579978217.7949 35
bismark_align_00000004 577690433.091098 583878146.116098 32
bismark_align_00000687 577690433.091098 583878146.116098 31
bismark_align_00000543 577690433.091098 583878146.116098 30
bismark_align_00000219 586484952.128915 592672665.153915 34
bismark_align_00000231 591379542.845534 597567255.870534 33
bismark_align_00000903 596274133.562153 602461846.587153 35
bismark_align_00000747 600174061.883351 606361774.908351 32
bismark_align_00000891 600174061.883351 606361774.908351 31
bismark_align_00000207 600174061.883351 606361774.908351 30
bismark_align_00000555 608968580.921168 615156293.946168 34
bismark_align_00000195 613863171.637786 620050884.662786 33
bismark_align_00000579 618757762.354405 624945475.379405 35
bismark_align_00000243 622657690.675603 628845403.700603 32
bismark_align_00000735 622657690.675603 628845403.700603 31
bismark_align_00000183 622657690.675603 628845403.700603 30
bismark_align_00000915 631452209.71342 637639922.73842 34
bismark_align_00000591 636346800.430039 642534513.455039 33
bismark_align_00000255 641241391.146657 647429104.171657 35
bismark_align_00000171 645141319.467855 651329032.492855 32
fastqc_00000464 0 1093624.9375 11
fastqc_00000452 0 1093624.9375 10
fastqc_00000788 0 1093624.9375 9
fastqc_00000656 0 1093624.9375 8
fastqc_00000644 0 1093624.9375 7
fastqc_00000560 0 1093624.9375 6
fastqc_00000680 1093624.9375 2187249.875 11
fastqc_00000752 1093624.9375 2187249.875 10
fastqc_00000668 1093624.9375 2187249.875 9
fastqc_00000692 1093624.9375 2187249.875 8
fastqc_00000536 1093624.9375 2187249.875 7
fastqc_00000548 1093624.9375 2187249.875 6
fastqc_00000584 0 2916333.16666667 18
fastqc_00000728 0 2916333.16666667 19
fastqc_00000596 0 2916333.16666667 20
fastqc_00000608 0 2916333.16666667 21
fastqc_00000512 0 2916333.16666667 22
fastqc_00000776 0 2916333.16666667 23
fastqc_00000488 2187249.875 3280874.8125 11
fastqc_00000620 2187249.875 3280874.8125 10
fastqc_00000716 2187249.875 3280874.8125 9
fastqc_00000704 2187249.875 3280874.8125 8
fastqc_00000632 2187249.875 3280874.8125 7
fastqc_00000572 2187249.875 3280874.8125 6
fastqc_00000764 3280874.8125 4374499.75 11
fastqc_00000476 3280874.8125 4374499.75 10
fastqc_00000500 3280874.8125 4374499.75 9
fastqc_00000740 3280874.8125 4374499.75 8
fastqc_00000524 3280874.8125 4374499.75 7
fastqc_00000344 3280874.8125 4374499.75 6
fastqc_00000440 0 4374499.75 29
fastqc_00000152 0 4374499.75 24
fastqc_00000164 0 4374499.75 25
fastqc_00000920 0 4374499.75 26
fastqc_00000176 0 4374499.75 27
fastqc_00000188 0 4374499.75 28
fastqc_00000908 4374499.75 5468124.6875 11
fastqc_00000200 4374499.75 5468124.6875 10
fastqc_00000212 4374499.75 5468124.6875 9
fastqc_00000140 4374499.75 5468124.6875 8
fastqc_00000224 4374499.75 5468124.6875 7
fastqc_00000236 4374499.75 5468124.6875 6
fastqc_00000884 0 5832666.33333333 12
fastqc_00000248 0 5832666.33333333 13
fastqc_00000260 0 5832666.33333333 14
fastqc_00000272 0 5832666.33333333 15
fastqc_00000872 0 5832666.33333333 16
fastqc_00000284 0 5832666.33333333 17
fastqc_00000068 2916333.16666667 5832666.33333333 18
fastqc_00000001 2916333.16666667 5832666.33333333 19
fastqc_00000992 2916333.16666667 5832666.33333333 20
fastqc_00000020 2916333.16666667 5832666.33333333 21
fastqc_00000980 2916333.16666667 5832666.33333333 22
fastqc_00000032 2916333.16666667 5832666.33333333 23
fastqc_00000044 5468124.6875 6561749.625 11
fastqc_00000056 5468124.6875 6561749.625 10
fastqc_00000968 5468124.6875 6561749.625 9
fastqc_00000896 5468124.6875 6561749.625 8
fastqc_00000080 5468124.6875 6561749.625 7
fastqc_00000956 5468124.6875 6561749.625 6
fastqc_00000092 6561749.625 7655374.5625 11
fastqc_00000104 6561749.625 7655374.5625 10
fastqc_00000944 6561749.625 7655374.5625 9
fastqc_00000116 6561749.625 7655374.5625 8
fastqc_00000128 6561749.625 7655374.5625 7
fastqc_00000932 6561749.625 7655374.5625 6
fastqc_00000380 7655374.5625 8748999.5 11
fastqc_00000404 7655374.5625 8748999.5 10
fastqc_00000836 7655374.5625 8748999.5 9
fastqc_00000812 7655374.5625 8748999.5 8
fastqc_00000332 7655374.5625 8748999.5 7
fastqc_00000392 7655374.5625 8748999.5 6
fastqc_00000356 0 8748999.5 5
fastqc_00000848 0 8748999.5 4
fastqc_00000416 0 8748999.5 3
fastqc_00000320 0 8748999.5 2
fastqc_00000428 0 8748999.5 1
fastqc_00000308 0 8748999.5 0
fastqc_00000368 5832666.33333333 8748999.5 18
fastqc_00000824 5832666.33333333 8748999.5 19
fastqc_00000860 5832666.33333333 8748999.5 20
fastqc_00000800 5832666.33333333 8748999.5 21
fastqc_00000296 5832666.33333333 8748999.5 22
bismark_deduplicate_00000477 438303289.316191 438303472.116192 11
bismark_deduplicate_00000393 444491002.341191 444491185.141191 11
bismark_deduplicate_00000633 512527331.818521 512527514.618521 11
bismark_deduplicate_00000117 507632741.101902 507632923.901902 10
bismark_deduplicate_00000105 516427260.139719 516427442.939719 11
bismark_deduplicate_00000129 502738150.385284 502738333.185284 9
bismark_deduplicate_00000093 525221779.177536 525221961.977536 11
bismark_deduplicate_00000405 448976373.762962 448976556.562962 8
bismark_deduplicate_00000645 516427260.139719 516427442.939719 10
bismark_deduplicate_00000657 538910888.931971 538911071.731971 11
bismark_deduplicate_00000081 535010960.610773 535011143.410773 10
bismark_deduplicate_00000465 471460002.555215 471460185.355215 8
bismark_deduplicate_00000069 538910888.931971 538911071.731971 10
bismark_deduplicate_00000609 507632741.257182 507632924.057182 9
bismark_deduplicate_00000417 535010960.766053 535011143.566053 9
bismark_deduplicate_00000057 547705407.969788 547705590.769788 11
bismark_deduplicate_00000669 557494589.403026 557494772.203026 11
bismark_deduplicate_00000045 561394517.724224 561394700.524224 11
bismark_deduplicate_00000429 538910889.087251 538911071.887251 9
bismark_deduplicate_00000033 570189036.76204 570189219.56204 11
bismark_deduplicate_00000453 507632741.412461 507632924.212461 8
bismark_deduplicate_00000681 561394517.724224 561394700.524224 10
bismark_deduplicate_00000021 579978218.195278 579978400.995278 11
bismark_deduplicate_00000006 583878146.516476 583878329.316476 11
bismark_deduplicate_00000441 583878146.671755 583878329.471755 10
bismark_deduplicate_00000213 606361775.308728 606361958.108728 11
bismark_deduplicate_00000297 606361775.464008 606361958.264008 10
bismark_deduplicate_00000285 606361775.619287 606361958.419287 9
bismark_deduplicate_00000537 606361775.774567 606361958.574567 8
bismark_deduplicate_00000309 579978218.350557 579978401.150557 7
bismark_deduplicate_00000273 583878146.827035 583878329.627035 7
bismark_deduplicate_00000261 647429104.171657 647429286.971657 35
bismark_deduplicate_00000321 579978218.505837 579978401.305837 6
bismark_deduplicate_00000549 606361775.929846 606361958.729846 7
bismark_deduplicate_00000513 507632741.478568 507633228.945235 18
bismark_deduplicate_00000249 628845404.011808 628845586.811808 31
bismark_deduplicate_00000561 615156294.346545 615156477.146545 11
bismark_deduplicate_00000237 597567256.270911 597567439.070911 6
bismark_deduplicate_00000225 615156294.501825 615156477.301825 10
bismark_deduplicate_00000333 597567439.070911 597567621.870911 6
bismark_deduplicate_00000573 606361776.085126 606361958.885126 6
bismark_deduplicate_00000621 597567256.492298 597567743.958964 18
bismark_deduplicate_00000345 561394517.79033 561395005.256997 19
bismark_deduplicate_00000201 620050885.063164 620051067.863164 11
bismark_deduplicate_00000501 615156294.657104 615156477.457104 9
bismark_deduplicate_00000585 624945475.779783 624945658.579782 11
bismark_deduplicate_00000357 561394517.94561 561395005.412277 20
bismark_deduplicate_00000189 628845403.700603 628845586.500603 30
bismark_deduplicate_00000177 651329032.492855 651329215.292855 32
bismark_deduplicate_00000597 642534513.455039 642534696.255038 33
bismark_deduplicate_00000369 620050885.218443 620051068.018443 10
bismark_deduplicate_00000165 615156294.812384 615156477.612384 8
bismark_deduplicate_00000489 615156294.967663 615156477.767663 7
bismark_deduplicate_00000153 624945475.935062 624945658.735062 10
bismark_deduplicate_00000525 620050885.373723 620051068.173723 9
bismark_deduplicate_00000381 615156295.122943 615156477.922943 6
bismark_deduplicate_00000141 561394518.100889 561395005.567556 21
bismark_deduplicate_00000717 624945476.090342 624945658.890342 9
bismark_deduplicate_00000837 624945476.245621 624945659.045621 8
bismark_deduplicate_00000705 628845404.25626 628845587.05626 11
bismark_deduplicate_00000825 628845404.41154 628845587.21154 10
bismark_deduplicate_00000897 606361775.219555 606362262.686222 18
bismark_deduplicate_00000813 620050885.529002 620051068.329002 7
bismark_deduplicate_00000909 624945476.400901 624945659.200901 7
bismark_deduplicate_00000921 637639922.73842 637640105.53842 34
bismark_deduplicate_00000789 620050885.684282 620051068.484282 6
bismark_deduplicate_00000981 620051068.484282 620051251.284282 6
bismark_deduplicate_00000801 606361775.374835 606362262.841502 19
bismark_deduplicate_00000933 624945476.55618 624945659.35618 6
bismark_deduplicate_00000777 628845404.566819 628845587.366819 9
bismark_deduplicate_00000765 606361775.530114 606362262.996781 20
bismark_deduplicate_00000945 624945659.045621 624945841.845621 8
bismark_deduplicate_00000753 628845404.722099 628845587.522099 8
bismark_deduplicate_00000957 628845404.877378 628845587.677378 7
bismark_deduplicate_00000729 628845405.032658 628845587.832658 6
bismark_deduplicate_00000741 628845586.500603 628845769.300603 30
bismark_deduplicate_00000969 628845586.811808 628845769.611808 31
bismark_deduplicate_00000993 620050885.905668 620051373.372335 18
bismark_deduplicate_00000873 624945476.777566 624945964.244233 18
bismark_deduplicate_00000693 628845587.05626 628845769.85626 11
bismark_deduplicate_00000885 606361776.151232 606362263.617899 21
bismark_deduplicate_00000849 624945476.932846 624945964.399513 19
bismark_deduplicate_00000861 624945477.088125 624945964.554792 20
bismark_methXtract_00000928 624945661.996424 624966035.129757 21
bismark_methXtract_00000532 606361961.214811 606382334.348144 22
bismark_methXtract_00000316 624945663.62041 624966036.753744 22
bismark_methXtract_00000124 502738335.825528 502758708.958861 23
bismark_methXtract_00000520 620051070.813967 620071443.9473 23
bismark_methXtract_00000760 606362265.025088 606392824.725088 29
bismark_methXtract_00000136 561395007.595863 561425567.295863 24
bismark_methXtract_00000508 507633230.973542 507663790.673542 25
bismark_methXtract_00000112 507632926.542146 507663486.242146 26
bismark_methXtract_00000280 620051072.437953 620081632.137953 29
bismark_methXtract_00000328 624945665.244397 624966038.37773 23
bismark_methXtract_00000496 620051074.061939 620081633.761939 24
bismark_methXtract_00000772 628845587.366819 628853227.291819 9
bismark_methXtract_00000484 615156480.407907 615187040.107907 25
bismark_methXtract_00000940 624945964.244233 624966337.377566 18
bismark_methXtract_00000844 624945964.399513 624966337.532846 19
bismark_methXtract_00000544 615156482.031893 615187041.731893 26
bismark_methXtract_00000748 628845587.522099 628853227.447098 8
bismark_methXtract_00000292 606361960.904252 606392520.604252 27
bismark_methXtract_00000100 516427445.579963 516458005.279963 28
bismark_methXtract_00000556 615156479.786789 615187039.486789 27
bismark_methXtract_00000568 624945964.554792 624966337.688125 20
bismark_methXtract_00000304 615156483.65588 615187043.35588 28
bismark_methXtract_00000088 615156481.828007 615197228.094674 12
bismark_methXtract_00000736 628845769.300603 628853409.225603 30
bismark_methXtract_00000952 628845587.677378 628853227.602378 7
bismark_methXtract_00000580 624945661.220026 624976220.920026 29
bismark_methXtract_00000076 606361962.94547 606402709.212137 13
bismark_methXtract_00000592 642534696.255038 642542336.180038 33
bismark_methXtract_00000856 624945966.583099 624976526.283099 24
bismark_methXtract_00000256 647429286.971657 647436926.896657 35
bismark_methXtract_00000208 624945662.844013 624976222.544013 25
bismark_methXtract_00000352 624945967.595148 624976527.295148 26
bismark_methXtract_00000412 620051075.685926 620081635.385926 27
bismark_methXtract_00000808 620051070.969246 620081630.669246 28
bismark_methXtract_00000220 615156480.3593 615197226.625967 13
bismark_methXtract_00000892 606362265.131761 606403011.398428 14
bismark_methXtract_00000400 624945846.109851 624976405.809851 27
bismark_methXtract_00000832 624945847.733838 624976407.433838 28
bismark_methXtract_00000424 620051077.727144 620091823.993811 12
bismark_methXtract_00000388 624966035.129757 624986408.263091 21
bismark_methXtract_00000232 624966036.753744 624986409.887077 22
bismark_methXtract_00000820 628845587.21154 628853227.136539 10
bismark_methXtract_00000376 624966038.37773 624986411.511063 23
bismark_methXtract_00000244 628845589.421308 628853229.346308 6
bismark_methXtract_00000880 606362266.063438 606403012.330105 15
bismark_methXtract_00000364 620051071.075919 620091817.342586 13
bismark_methXtract_00000160 624945849.775056 624986596.041723 12
bismark_methXtract_00000268 620051073.010464 620091819.277131 14
bismark_methXtract_00000196 624945666.509217 624986412.775884 13
bismark_methXtract_00000436 620051072.699905 620091818.966572 15
bismark_methXtract_00000904 624945662.258376 624986408.525043 14
bismark_methXtract_00000796 606362265.28704 606403011.553707 16
bismark_methXtract_00000148 624945661.792538 624986408.059204 15
bismark_methXtract_00000448 624945851.399042 624986597.665709 16
bismark_methXtract_00000184 628845769.611808 628853409.536808 31
bismark_methXtract_00000460 624945853.023029 624986599.289695 17
bismark_methXtract_00000340 606362266.046325 606423385.446325 5
bismark_methXtract_00000172 651329215.292855 651336855.217855 32
bismark_methXtract_00000784 624966337.377566 624986710.5109 18
bismark_methXtract_00000868 624966337.532846 624986710.666179 19
bismark_methXtract_00000916 637640105.53842 637647745.46342 34
bismark_methXtract_00000472 624966337.688125 624986710.821459 20
bismark_methXtract_00000616 624976220.920026 625006780.620026 29
bismark_methXtract_00000712 624945661.695052 625006781.095052 5
bismark_methXtract_00000700 628845769.85626 628853409.78126 11
bismark_methXtract_00000652 624986408.263091 625006781.396424 21
bismark_methXtract_00000628 624976222.544013 625006782.244013 25
bismark_methXtract_00000010 624986409.887077 625006783.02041 22
bismark_methXtract_00000964 628853227.136539 628860867.061539 10
bismark_methXtract_00000676 624945663.163759 625006782.563759 4
bismark_methXtract_00000604 624945663.319039 625006782.719039 3
bismark_methXtract_00000040 624986411.511063 625006784.644397 23
bismark_methXtract_00000016 624945676.000371 625006795.40037 2
bismark_methXtract_00000028 624945677.624357 625006797.024357 1
bismark_methXtract_00000688 628853227.291819 628860867.216819 9
bismark_methXtract_00000640 624945664.787745 625006784.187745 0
bismark_methXtract_00000724 628853227.447098 628860867.372098 8
bismark_methXtract_00000988 624976405.809851 625006965.509851 27
bismark_methXtract_00000976 628853227.602378 628860867.527378 7
bismark_methXtract_00000064 624976407.433838 625006967.133838 28
bismark_methXtract_00000052 628853229.346308 628860869.271308 6
bismark_methXtract_00000664 628853409.225603 628861049.150603 30
qualimap_00000829 624976526.283099 624986481.583099 24
qualimap_00000901 624976527.295148 624986482.595148 26
qualimap_00000373 628845591.510688 628852228.377355 18
qualimap_00000817 628845587.641598 628852224.508264 19
qualimap_00000025 628845775.158277 628852412.024944 20
qualimap_00000505 624986481.583099 624996436.883099 24
qualimap_00000229 628845591.775213 628852228.641879 21
qualimap_00000145 628845587.906122 628852224.772789 22
qualimap_00000397 624986482.595148 624996437.895148 26
qualimap_00000049 628845775.422801 628852412.289468 23
qualimap_00000769 628845587.796877 628855543.096877 29
qualimap_00000721 628845592.039737 628855547.339737 24
qualimap_00000661 628845775.687326 628855730.987326 25
qualimap_00000973 628845592.304261 628855547.604261 26
qualimap_00000517 628845588.061401 628855543.361401 27
qualimap_00000937 624986408.059204 624999681.792538 15
qualimap_00000241 628845770.954239 628855726.254239 28
qualimap_00000625 628853409.536808 628855898.361808 31
qualimap_00000889 624986408.525043 624999682.258376 14
qualimap_00000133 624986412.775884 624999686.509217 13
qualimap_00000385 628853409.78126 628855898.60626 11
qualimap_00000805 624986596.041723 624999869.775056 12
qualimap_00000457 624986597.665709 624999871.399042 16
qualimap_00000793 624986599.289695 624999873.023029 17
qualimap_00000913 637640105.868802 637642594.693802 31
qualimap_00000181 628855898.60626 628858387.43126 11
qualimap_00000037 628852224.508264 628858861.374931 19
qualimap_00000193 628852224.772789 628858861.639455 22
qualimap_00000445 624999681.792538 625012955.525871 15
qualimap_00000469 628852228.377355 628858865.244022 18
qualimap_00000709 628845588.393887 628858862.12722 12
qualimap_00000649 628852228.641879 628858865.508546 21
qualimap_00000637 628845588.238607 628858861.971941 13
qualimap_00000433 628845588.503131 628858862.236465 14
qualimap_00000409 628845588.658411 628858862.391744 15
qualimap_00000205 628852412.024944 628859048.891611 20
qualimap_00000169 651329215.623238 651331704.448238 35
qualimap_00000481 624999871.399042 625013145.132376 16
qualimap_00000781 628845592.636746 628858866.37008 16
qualimap_00000925 628845592.901271 628858866.634604 17
qualimap_00000421 628852412.289468 628859049.156135 23
qualimap_00000157 625006781.095052 625026691.695052 5
qualimap_00000529 625006782.563759 625026693.163759 4
qualimap_00000493 628858387.43126 628860876.25626 11
qualimap_00000217 628860867.061539 628863355.886539 10
qualimap_00000985 625006782.719039 625026693.319039 3
qualimap_00000289 628860867.216819 628863356.041819 9
qualimap_00000061 628860867.372098 628863356.197098 8
qualimap_00000841 625006784.187745 625026694.787745 0
qualimap_00000877 625006795.40037 625026706.000371 2
qualimap_00000613 625006797.024357 625026707.624357 1
qualimap_00000349 625026691.695052 625046602.295052 5
qualimap_00000697 628860867.527378 628863356.352378 7
qualimap_00000253 647429287.30204 647431776.12704 34
qualimap_00000565 628860869.271308 628863358.096308 6
qualimap_00000097 628860876.25626 628863365.08126 11
qualimap_00000745 628861049.150603 628863537.975603 30
qualimap_00000337 625026693.163759 625046603.763759 4
qualimap_00000577 628858861.374931 628865498.241598 19
qualimap_00000277 628855543.096877 628865498.396877 29
qualimap_00000325 628858861.639455 628865498.506122 22
qualimap_00000853 625026693.319039 625046603.919039 3
qualimap_00000085 628855543.361401 628865498.661401 27
qualimap_00000685 628858865.244022 628865502.110688 18
qualimap_00000961 628858865.508546 628865502.375213 21
qualimap_00000589 642534696.585421 642537185.410421 31
qualimap_00000865 625026694.787745 625046605.387745 0
qualimap_00000313 628855547.339737 628865502.639737 24
qualimap_00000733 628855547.604261 628865502.904261 26
qualimap_00000301 625026706.000371 625046616.600371 2
qualimap_00000073 628845589.255532 628865499.855532 5
qualimap_00000601 628845589.675336 628865500.275336 4
qualimap_00000673 628845589.520056 628865500.120057 3
qualimap_00000541 625026707.624357 625046618.224357 1
qualimap_00000757 625046605.387745 625066515.987746 0
qualimap_00000013 628855726.254239 628865681.554239 28
qualimap_00000011 628859048.891611 628865685.758277 20
qualimap_00000265 625046616.600371 625066527.200371 2
qualimap_00000109 628845589.784581 628865500.384581 2
qualimap_00000361 628845590.049105 628865500.649105 1
qualimap_00000553 628859049.156135 628865686.022801 23
qualimap_00000121 628845589.93986 628865500.53986 0
qualimap_00000949 628855730.987326 628865686.287326 25
bismark_report_00000258 647436926.896658 647437804.621658 34
bismark_report_00000438 651329220.233243 651330097.958243 34
bismark_report_00000294 628858861.971941 628863543.171941 13
bismark_report_00000018 647436931.672196 647437809.397196 33
bismark_report_00000246 651329222.616058 651330100.341058 33
bismark_report_00000318 647436934.055012 647437811.780012 31
bismark_report_00000198 642534701.195426 642535578.920426 30
bismark_report_00000366 642534704.946629 642535582.671629 10
bismark_report_00000690 628863356.041819 628864233.766819 9
bismark_report_00000858 647436936.437827 647437814.162827 30
bismark_report_00000834 647436940.18903 647437817.91403 8
bismark_report_00000450 642534707.329445 642535585.054445 11
bismark_report_00000798 628858862.12722 628863543.32722 12
bismark_report_00000702 651329224.998874 651330102.723874 31
bismark_report_00000990 642534709.71226 642535587.43726 9
bismark_report_00000378 637640111.847195 637640989.572195 6
bismark_report_00000306 647436942.571846 647437820.296846 7
bismark_report_00000186 628858862.236465 628863543.436465 14
bismark_report_00000234 642534712.095075 642535589.820075 6
bismark_report_00000342 628858862.391744 628863543.591744 15
bismark_report_00000354 628858866.37008 628863547.57008 16
bismark_report_00000402 628858866.634604 628863547.834604 17
bismark_report_00000822 651329227.381689 651330105.106689 30
bismark_report_00000270 651329231.132892 651330108.857892 7
bismark_report_00000894 628865498.241598 628867838.841598 19
bismark_report_00000222 637640112.861623 637642453.461623 18
bismark_report_00000414 647436944.954661 647437822.679661 9
bismark_report_00000678 628865498.506122 628867839.106122 22
bismark_report_00000882 628865502.375213 628867842.975213 21
bismark_report_00000846 647436947.337477 647437825.062477 11
bismark_report_00000390 647436949.720292 647437827.445292 10
bismark_report_00000870 647436952.103108 647437829.828108 6
bismark_report_00000030 637640115.244438 637642455.844438 19
bismark_report_00000666 647437817.91403 647438695.63903 8
bismark_report_00000654 628865685.758277 628868026.358277 20
bismark_report_00000282 628865686.022801 628868026.622801 23
bismark_report_00000008 651329233.515708 651330111.240708 11
bismark_report_00000810 642534713.109503 642537053.709503 18
bismark_report_00000426 628863543.171941 628868224.371941 13
bismark_report_00000210 628863543.32722 628868224.52722 12
bismark_report_00000330 642534715.492319 642537056.092319 23
bismark_report_00000906 647437822.679661 647438700.404661 9
bismark_report_00000978 642534717.875134 642537058.475134 19
bismark_report_00000114 642534720.25795 642537060.85795 20
bismark_report_00000786 642534722.640765 642537063.240765 21
bismark_report_00000618 642534725.023581 642537065.623581 22
bismark_report_00000774 651329235.898523 651330113.623523 9
bismark_report_00000582 647437827.445292 647438705.170292 10
bismark_report_00000570 628863543.436465 628868224.636465 14
bismark_report_00000090 637640117.627254 637643628.527254 29
bismark_report_00000150 647437829.828108 647438707.553108 6
bismark_report_00000486 637640120.010069 637643630.910069 25
bismark_report_00000054 637640122.392885 637643633.292885 24
bismark_report_00000606 642534727.406396 642538238.306396 29
bismark_report_00000162 637640124.7757 637643635.6757 26
bismark_report_00000522 642534729.789212 642538240.689212 24
bismark_report_00000630 647436962.648798 647439303.248798 18
bismark_report_00000726 651329238.281338 651330116.006338 8
bismark_report_00000138 628863543.591744 628868224.791744 15
bismark_report_00000930 647436965.031613 647439305.631613 21
bismark_report_00000066 628863547.57008 628868228.77008 16
bismark_report_00000498 637640127.158516 637643638.058516 27
bismark_report_00000750 651329240.664154 651330118.389154 10
bismark_report_00000558 637640129.541331 637643640.441331 28
bismark_report_00000714 647436967.414429 647439308.014429 19
bismark_report_00000510 642534732.172027 642538243.072027 25
bismark_report_00000966 651329243.04697 651330120.77197 6
bismark_report_00000462 651330097.958243 651330975.683243 34
bismark_report_00000918 637647745.46342 637651256.36342 26
bismark_report_00000546 628863547.834604 628868229.034604 17
bismark_report_00000126 637647750.238959 637651261.138959 27
bismark_report_00000534 628865499.855532 628872521.655532 5
bismark_report_00000642 628865500.120057 628872521.920056 3
bismark_report_00000594 642542336.180039 642544676.780039 20
bismark_report_00000102 628865500.275336 628872522.075336 4
bismark_report_00000078 647436969.797244 647439310.397244 20
bismark_report_00000954 651330100.341058 651330978.066058 33
bismark_report_00000174 651336855.217855 651337732.942855 32
bismark_report_00000762 628865500.384581 628872522.184581 2
bismark_report_00000474 628865500.53986 628872522.33986 0
bismark_report_00000042 628865500.649105 628872522.449105 1
bismark_report_00000738 628868224.371941 628872905.571941 13
bismark_report_00000942 647436972.18006 647439312.78006 22
preseq_00000107 628868224.52722 628869199.460553 12
preseq_00000275 651329244.362694 651329731.829361 18
bismark_summary_00000950 651329244.517974 651329731.98464 19
bismark_summary_00000062 628868224.636465 628869199.569798 14
get_software_versions_00000262 628868224.791744 628869199.725078 15
get_software_versions_00000106 628868228.77008 628869203.703413 16
bismark_summary_00000266 651329244.673253 651329732.13992 20
bismark_summary_00000110 642542336.491243 642542823.95791 23
get_software_versions_00000058 628868229.034604 628869203.967937 17
bismark_summary_00000878 628869199.460553 628870174.393887 12
preseq_00000959 651329244.828533 651329732.295199 21
get_software_versions_00000946 628869199.569798 628870174.503131 14
preseq_00000119 642542336.646523 642543067.846523 29
preseq_00000263 647436970.098541 647437457.565207 23
bismark_summary_00000014 647436970.25382 647437701.45382 29
get_software_versions_00000970 628869199.725078 628870174.658411 15
get_software_versions_00000118 628869203.703413 628870178.636746 16
preseq_00000947 647436970.4091 647437701.6091 24
bismark_summary_00000086 637647748.15744 637648479.35744 28
get_software_versions_00000070 628869203.967937 628870178.901271 17
bismark_summary_00000074 647436970.564379 647437701.764379 25
bismark_summary_00000302 647436970.719659 647437701.919659 26
bismark_summary_00000962 651329244.983812 651329732.450479 22
get_software_versions_00000862 628870174.393887 628871149.32722 12
preseq_00000995 642542336.801802 642543068.001802 27
get_software_versions_00000298 628870174.503131 628871149.436465 14
preseq_00000083 647436970.874938 647437702.074938 27
get_software_versions_00000082 628870174.658411 628871149.591744 15
preseq_00000299 628870178.636746 628871153.57008 16
get_software_versions_00000958 628870178.901271 628871153.834604 17
bismark_summary_00000866 647436971.030218 647437702.230218 28
bismark_summary_00000290 628871149.32722 628872124.260553 12
preseq_00000071 628871149.436465 628872124.369798 14
get_software_versions_00000874 628871149.591744 628872124.525077 15
get_software_versions_00000286 628871153.57008 628872128.503413 16
preseq_00000971 651329245.139092 651329732.605758 23
preseq_00000007 651329245.294371 651329976.494371 29
preseq_00000095 637647748.376736 637648723.310069 12
bismark_summary_00000009 651329245.449651 651329976.649651 24
preseq_00000287 628871153.834604 628872128.767937 17
preseq_00000875 647436971.249514 647437946.182847 12
get_software_versions_00000886 628872124.369798 628873099.303131 14
get_software_versions_00000094 628872124.525077 628873099.458411 15
get_software_versions_00000005 628872128.503413 628873103.436746 16
bismark_summary_00000278 628872128.767937 628873103.70127 17
bismark_summary_00000098 628872905.571941 628873880.505274 13
get_software_versions_00000274 628872521.655532 628873984.055532 5
preseq_00000047 628872521.920056 628873984.320056 3
get_software_versions_00000898 628872522.075336 628873984.475336 4
get_software_versions_00000994 628872522.184581 628873984.584581 2
bismark_summary_00000218 637647748.532015 637648723.465349 13
get_software_versions_00000154 628872522.33986 628873984.73986 0
bismark_summary_00000926 647436971.404793 647437946.338126 13
get_software_versions_00000214 628872522.449105 628873984.849105 1
bismark_summary_00000158 637647748.687295 637648723.620628 14
preseq_00000215 628873099.458411 628874074.391744 15
preseq_00000167 637647748.842574 637648723.775908 15
bismark_summary_00000902 647436971.560073 647437946.493406 14
get_software_versions_00000922 628873103.436746 628874078.37008 16
get_software_versions_00000982 628873103.70127 628874078.634604 17
get_software_versions_00000166 628874078.37008 628875053.303413 16
bismark_summary_00000206 628874078.634604 628875053.567937 17
bismark_summary_00000170 651336855.217855 651337038.017855 35
preseq_00000155 647436971.715352 647437946.648685 15
preseq_00000035 637647748.997854 637648723.931187 16
get_software_versions_00000202 628873984.055532 628875446.455532 5
preseq_00000911 647436971.870632 647437946.803965 16
preseq_00000203 642542337.021098 642543311.954431 17
preseq_00000923 637647749.114352 637649211.514351 5
get_software_versions_00000034 628873984.320056 628875446.720056 3
preseq_00000179 651336855.52906 651337038.32906 34
bismark_summary_00000194 642542337.137596 642543799.537596 5
get_software_versions_00000910 628873984.475336 628875446.875336 4
preseq_00000983 642542337.292875 642543799.692875 4
get_software_versions_00000178 628873984.584581 628875446.984581 2
bismark_summary_00000038 628873984.73986 628875447.13986 0
get_software_versions_00000190 628873984.849105 628875447.249105 1
bismark_summary_00000182 628875446.720056 628876909.120056 3
preseq_00000191 628875446.984581 628876909.384581 2
bismark_summary_00000986 642542337.448155 642543799.848155 3
bismark_summary_00000122 637647749.269631 637649211.669631 2
bismark_summary_00000254 647436972.025911 647437946.959244 17
preseq_00000059 637647749.424911 637649211.824911 1
get_software_versions_00000250 628875447.13986 628876909.53986 0
preseq_00000023 647437701.764379 647438432.964379 25
preseq_00000251 651336855.684339 651337038.484339 33
preseq_00000131 637647749.58019 637649211.98019 0
bismark_summary_00000914 637649211.669631 637650674.069631 2
bismark_summary_00000938 647437701.919659 647438433.119659 26
get_software_versions_00000130 637649211.824911 637650674.22491 1
bismark_summary_00000242 651336855.839619 651337038.639619 31
get_software_versions_00000238 637649211.98019 637650674.38019 0
bismark_summary_00000134 637650674.069631 637652136.469631 2
bismark_summary_00000890 637650674.22491 637652136.62491 1
get_software_versions_00000934 637650674.38019 637652136.78019 0
preseq_00000887 637652136.469631 637653598.869631 2
preseq_00000239 642542337.603434 642543800.003434 2
preseq_00000143 637652136.62491 637653599.02491 1
bismark_summary_00000050 637652136.78019 637653599.18019 0
get_software_versions_00000142 637653599.02491 637655061.42491 1
bismark_summary_00000974 642542337.758714 642543800.158714 1
get_software_versions_00000022 637653599.18019 637655061.58019 0
bismark_summary_00000230 642542337.913993 642543800.313993 0
bismark_summary_00000146 647437702.074938 647438433.274938 27
preseq_00000935 647437702.230218 647438433.430218 28
preseq_00000899 642543799.537596 642545261.937596 5
get_software_versions_00000226 642543799.692875 642545262.092875 4
bismark_summary_00000026 642543799.848155 642545262.248155 3
get_software_versions_00000046 642543800.003434 642545262.403434 2
preseq_00000227 642543800.158714 642545262.558714 1
preseq_00000467 651336855.994898 651337038.794898 30
bismark_summary_00000446 642543800.313993 642545262.713993 0
preseq_00000455 642545261.937596 642546724.337596 5
get_software_versions_00000610 642545262.092875 642546724.492875 4
bismark_summary_00000794 642545262.248155 642546724.648155 3
get_software_versions_00000454 642545262.403434 642546724.803434 2
preseq_00000611 642545262.558714 642546724.958714 1
preseq_00000731 651336856.239351 651337039.039351 11
bismark_summary_00000458 651336856.39463 651337039.19463 10
bismark_summary_00000602 642545262.713993 642546725.113993 0
get_software_versions_00000790 642546724.337596 642548186.737596 5
bismark_summary_00000614 642546724.492875 642548186.892875 4
get_software_versions_00000466 642546724.648155 642548187.048155 3
get_software_versions_00000598 642546724.803434 642548187.203434 2
bismark_summary_00000470 642546724.958714 642548187.358714 1
preseq_00000791 642546725.113993 642548187.513993 0
preseq_00000479 642548186.737596 642549649.137596 5
get_software_versions_00000730 642548186.892875 642549649.292875 4
get_software_versions_00000478 642548187.048155 642549649.448155 3
bismark_summary_00000782 642548187.203434 642549649.603434 2
preseq_00000599 642548187.358714 642549649.758714 1
get_software_versions_00000718 642548187.513993 642549649.913993 0
bismark_summary_00000410 647436972.763527 647438435.163527 5
preseq_00000635 647436972.918806 647438435.318806 4
preseq_00000419 647436973.074086 647438435.474086 3
bismark_summary_00000626 647436973.229365 647438435.629365 2
preseq_00000815 642549649.758714 642551112.158714 1
get_software_versions_00000418 642549649.913993 642551112.313993 0
bismark_summary_00000422 642551112.158714 642552574.558714 1
bismark_summary_00000806 642551112.313993 642552574.713993 0
preseq_00000431 642552574.558714 642554036.958714 1
bismark_summary_00000482 642552574.713993 642554037.113993 0
get_software_versions_00000622 642554036.958714 642555499.358714 1
get_software_versions_00000430 642554037.113993 642555499.513993 0
preseq_00000623 642555499.358714 642556961.758713 1
bismark_summary_00000434 651336856.54991 651337039.34991 9
get_software_versions_00000802 642555499.513993 642556961.913993 0
preseq_00000443 651336856.705189 651337039.505189 8
bismark_summary_00000722 651336856.860469 651337039.660469 7
get_software_versions_00000442 642556961.758713 642558424.158713 1
preseq_00000803 642556961.913993 642558424.313993 0
get_software_versions_00000538 642558424.158713 642559886.558713 1
bismark_summary_00000518 642558424.313993 642559886.713993 0
preseq_00000527 642559886.558713 642561348.958713 1
preseq_00000575 642559886.713993 642561349.113993 0
preseq_00000767 642561348.958713 642562811.358713 1
get_software_versions_00000742 642561349.113993 642562811.513993 0
get_software_versions_00000526 642562811.358713 642564273.758713 1
bismark_summary_00000566 642562811.513993 642564273.913993 0
bismark_summary_00000530 642564273.758713 642565736.158713 1
bismark_summary_00000758 642564273.913993 642565736.313993 0
preseq_00000539 642565736.158713 642567198.558713 1
get_software_versions_00000574 642565736.313993 642567198.713993 0
get_software_versions_00000562 642567198.558713 642568660.958713 1
bismark_summary_00000542 642567198.713993 642568661.113993 0
bismark_summary_00000746 651336857.015748 651337039.815748 6
get_software_versions_00000754 642568660.958713 642570123.358713 1
preseq_00000563 642568661.113993 642570123.513993 0
preseq_00000551 642570123.358713 642571585.758713 1
get_software_versions_00000550 642570123.513993 642571585.913993 0
preseq_00000755 651337038.017855 651337220.817855 35
bismark_summary_00000554 642571585.758713 642573048.158713 1
preseq_00000503 642571585.913993 642573048.313993 0
preseq_00000491 642573048.158713 642574510.558713 1
bismark_summary_00000590 642573048.313993 642574510.713993 0
get_software_versions_00000778 642574510.558713 642575972.958713 1
get_software_versions_00000490 642574510.713993 642575973.113993 0
bismark_summary_00000734 642575972.958713 642577435.358713 1
get_software_versions_00000586 642575973.113993 642577435.513993 0
bismark_summary_00000494 642577435.358713 642578897.758713 1
preseq_00000311 647436973.384645 647438435.784645 1
preseq_00000779 651337038.32906 651337221.12906 34
preseq_00000695 642577435.513993 642578897.913993 0
get_software_versions_00000502 642578897.913993 642580360.313993 0
preseq_00000587 647436973.539924 647438435.939924 0
bismark_summary_00000506 647437946.182847 647438921.11618 12
bismark_summary_00000770 651337038.484339 651337221.284339 33
preseq_00000743 647437946.338126 647438921.27146 13
preseq_00000515 647437946.493406 647438921.426739 14
bismark_summary_00000578 647437946.648685 647438921.582019 15
get_software_versions_00000514 647437946.803965 647438921.737298 16
get_software_versions_00000766 647437946.959244 647438921.892578 17
preseq_00000683 647438432.964379 647439164.164379 25
bismark_summary_00000674 647438433.119659 647439164.319659 26
bismark_summary_00000362 647438433.274938 647439164.474939 27
preseq_00000839 647438433.430218 647439164.630218 28
preseq_00000371 647439164.164379 647439895.36438 25
get_software_versions_00000850 647439164.319659 647439895.519659 26
get_software_versions_00000370 647439164.474939 647439895.674939 27
bismark_summary_00000326 647439164.630218 647439895.830218 28
get_software_versions_00000694 647438921.11618 647439896.049513 12
get_software_versions_00000658 647438921.27146 647439896.204793 13
preseq_00000659 647438921.426739 647439896.360072 14
bismark_summary_00000830 647438921.582019 647439896.515352 15
get_software_versions_00000322 647438921.737298 647439896.670632 16
bismark_summary_00000374 647438921.892578 647439896.825911 17
bismark_summary_00000650 647438435.163527 647439897.563527 5
preseq_00000383 647438435.318806 647439897.718806 4
get_software_versions_00000682 647438435.474086 647439897.874086 3
bismark_summary_00000350 647438435.629365 647439898.029365 2
bismark_summary_00000338 647438435.784645 647439898.184645 1
preseq_00000347 647438435.939924 647439898.339924 0
get_software_versions_00000670 647439895.36438 647440626.56438 25
bismark_summary_00000698 651337038.639619 651337221.439619 31
bismark_summary_00000842 647439895.519659 647440626.719659 26
get_software_versions_00000346 647439895.674939 647440626.874939 27
preseq_00000671 647439895.830218 647440627.030218 28
bismark_summary_00000662 647439896.049513 647440870.982847 12
get_software_versions_00000706 647439896.204793 647440871.138126 13
preseq_00000851 647439896.360072 647440871.293406 14
get_software_versions_00000838 647439896.515352 647440871.448685 15
get_software_versions_00000334 647439896.670632 647440871.603965 16
preseq_00000359 647439896.825911 647440871.759244 17
preseq_00000335 647440626.56438 647441357.76438 25
preseq_00000707 651337038.794898 651337221.594898 30
get_software_versions_00000358 647440626.719659 647441357.919659 26
get_software_versions_00000826 647440626.874939 647441358.074939 27
get_software_versions_00000814 647440627.030218 647441358.230218 28
preseq_00000719 647439897.563527 647441359.963527 5
get_software_versions_00000406 647439897.718806 647441360.118806 4
get_software_versions_00000634 647439897.874086 647441360.274086 3
preseq_00000407 647439898.029365 647441360.429365 2
preseq_00000863 647439898.184645 647441360.584645 1
bismark_summary_00000638 647439898.339924 647441360.739924 0
bismark_summary_00000818 651337039.039351 651337221.839351 11
bismark_summary_00000398 647440870.982847 647441845.91618 12
bismark_summary_00000710 647440871.138126 647441846.07146 13
get_software_versions_00000394 647440871.293406 647441846.226739 14
get_software_versions_00000310 647440871.448685 647441846.382019 15
preseq_00000647 647440871.603965 647441846.537298 16
preseq_00000395 647440871.759244 647441846.692578 17
bismark_summary_00000686 647441357.76438 647442088.96438 25
bismark_summary_00000314 647441357.919659 647442089.119659 26
bismark_summary_00000386 647441358.074939 647442089.274939 27
get_software_versions_00000382 647441358.230218 647442089.430218 28
preseq_00000827 651337039.19463 651337221.99463 10
get_software_versions_00000646 647442088.96438 647442820.16438 25
bismark_summary_00000854 647442089.119659 647442820.319659 26
preseq_00000323 647442089.274939 647442820.474939 27
multiqc_00000002 651337039.34991 651337222.14991 9
multiqc_00000953 651337039.505189 651337222.305189 8
multiqc_00000737 647442089.430218 647442820.630218 28
output_documentation_00000955 647441845.91618 647442820.849513 12
multiqc_00000749 651337220.817855 651337403.617855 35
multiqc_00000017 651330978.13781 651331465.604476 21
output_documentation_00000679 647441846.07146 647442821.004793 13
output_documentation_00000691 647441846.226739 647442821.160072 14
multiqc_00000101 651337039.660469 651337222.460469 7
output_documentation_00000151 647441846.382019 647442821.315352 15
output_documentation_00000991 647441846.537298 647442821.470631 16
output_documentation_00000103 647441846.692578 647442821.625911 17
multiqc_00000581 651330118.460908 651330605.927575 18
multiqc_00000569 651337039.815748 651337222.615748 6
multiqc_00000677 651330118.460908 651330605.927575 19
output_documentation_00000012 647441359.963527 647442822.363527 5
output_documentation_00000739 647441360.118806 647442822.518806 4
multiqc_00000689 651330111.31246 651330598.779127 20
output_documentation_00000091 647441360.274086 647442822.674086 3
output_documentation_00000571 647441360.429365 647442822.829365 2
output_documentation_00000559 647441360.584645 647442822.984645 1
output_documentation_00000055 647441360.739924 647442823.139924 0
multiqc_00000653 651330978.209262 651331465.675929 18
output_documentation_00000031 647442820.16438 647443551.36438 25
multiqc_00000617 651330978.377262 651331465.843928 22
multiqc_00000065 651330978.36454 651331465.831207 19
output_documentation_00000979 647442820.319659 647443551.519659 26
output_documentation_00000967 647442820.474939 647443551.674939 27
multiqc_00000713 651329732.605758 651330220.072425 23
output_documentation_00000643 647442820.630218 647443551.830218 28
multiqc_00000725 651337221.12906 651337403.92906 34
output_documentation_00000607 647442820.849513 647443795.782847 12
multiqc_00000041 651337221.284339 651337404.084339 33
output_documentation_00000619 647442821.004793 647443795.938126 13
multiqc_00000977 651337221.439619 651337404.239619 31
multiqc_00000629 651337221.594898 651337404.394898 30
multiqc_00000053 651337221.839351 651337404.639351 11
multiqc_00000641 651337221.99463 651337404.79463 10
output_documentation_00000715 647442821.160072 647443796.093406 14
output_documentation_00000631 647442821.315352 647443796.248685 15
multiqc_00000989 651330978.616365 651331466.083032 20
multiqc_00000089 651337222.14991 651337404.94991 9
output_documentation_00000583 647442821.470631 647443796.403965 16
output_documentation_00000667 647442821.625911 647443796.559244 17
output_documentation_00000019 647443551.36438 647444282.56438 25
output_documentation_00000079 647443551.519659 647444282.719659 26
multiqc_00000593 651330978.700191 651331466.166858 23
multiqc_00000665 651337222.305189 651337405.105189 8
multiqc_00000965 651337222.460469 651337405.260469 7
output_documentation_00000043 647443551.674939 647444282.874939 27
multiqc_00000701 651337222.615748 651337405.415748 6
output_documentation_00000595 647443551.830218 647444283.030218 28
multiqc_00000077 651337039.732223 651337527.198889 18
multiqc_00000029 651337039.111103 651337526.57777 23
output_documentation_00000655 647442822.363527 647444284.763527 5
output_documentation_00000727 647442822.518806 647444284.918806 4
multiqc_00000605 651336858.932479 651337346.399146 19
output_documentation_00000067 647442822.674086 647444285.074086 3
output_documentation_00000703 647442822.829365 647444285.229365 2
multiqc_00000233 651337403.617855 651337586.417855 35
multiqc_00000257 651330978.85512 651331710.05512 29
multiqc_00000377 651337403.92906 651337586.72906 34
output_documentation_00000883 647442822.984645 647444285.384645 1
output_documentation_00000247 647442823.139924 647444285.539924 0
multiqc_00000833 651330116.078092 651330847.278092 24
output_documentation_00000379 647443795.782847 647444770.71618 12
output_documentation_00000823 647443795.938126 647444770.871459 13
multiqc_00000245 651337404.084339 651337586.884339 33
multiqc_00000389 651337404.239619 651337587.039619 31
multiqc_00000893 651337404.394898 651337587.194898 30
output_documentation_00000235 647443796.093406 647444771.026739 14
output_documentation_00000391 647443796.248685 647444771.182018 15
multiqc_00000401 651337404.639351 651337587.439351 11
output_documentation_00000367 647443796.403965 647444771.337298 16
multiqc_00000821 651337404.79463 651337587.59463 10
output_documentation_00000403 647443796.559244 647444771.492577 17
output_documentation_00000223 647444282.56438 647445013.76438 25
multiqc_00000413 651330978.998025 651331710.198025 24
output_documentation_00000895 647444282.719659 647445013.919659 26
output_documentation_00000811 647444282.874939 647445014.074939 27
multiqc_00000221 651337039.732224 651337527.198891 20
output_documentation_00000415 647444283.030218 647445014.230218 28
multiqc_00000905 651337404.94991 651337587.74991 9
output_documentation_00000211 647445013.76438 647445744.96438 25
multiqc_00000425 651337405.105189 651337587.905189 8
output_documentation_00000427 647445013.919659 647445745.119659 26
multiqc_00000341 651337405.260469 651337588.060469 7
output_documentation_00000859 647445014.074939 647445745.274939 27
output_documentation_00000307 647445014.230218 647445745.430218 28
multiqc_00000305 651337039.732225 651337527.198892 21
multiqc_00000317 651337405.415748 651337588.215748 6
output_documentation_00000295 647444770.71618 647445745.649513 12
multiqc_00000869 651337039.887505 651337527.354172 22
output_documentation_00000319 647444770.871459 647445745.804793 13
multiqc_00000857 651337586.417855 651337769.217855 35
multiqc_00000293 651337586.72906 651337769.52906 34
multiqc_00000329 651337586.884339 651337769.684339 33
output_documentation_00000847 647444771.026739 647445745.960072 14
output_documentation_00000283 647444771.182018 647445746.115352 15
output_documentation_00000331 647444771.337298 647445746.270631 16
multiqc_00000809 651337587.039619 651337769.839619 31
multiqc_00000281 651337587.194898 651337769.994898 30
output_documentation_00000871 647444771.492577 647445746.425911 17
output_documentation_00000343 647444284.763527 647445747.163527 5
output_documentation_00000271 647444284.918806 647445747.318806 4
multiqc_00000845 651337587.439351 651337770.239351 11
multiqc_00000353 651337587.59463 651337770.39463 10
multiqc_00000881 651337587.74991 651337770.54991 9
multiqc_00000269 651337587.905189 651337770.705189 8
output_documentation_00000355 647444285.074086 647445747.474086 3
output_documentation_00000835 647444285.229365 647445747.629365 2
output_documentation_00000259 647444285.384645 647445747.784645 1
multiqc_00000365 651330979.46421 651331710.66421 25
multiqc_00000941 651330116.078094 651330847.278094 26
multiqc_00000161 651330116.078094 651330847.278094 27
output_documentation_00000775 647444285.539924 647445747.939924 0
multiqc_00000497 651337588.060469 651337770.860469 7
output_documentation_00000499 647445745.430218 647446476.630219 28
multiqc_00000509 651336859.541219 651337590.741219 29
multiqc_00000149 651337588.215748 651337771.015748 6
multiqc_00000773 651337346.399146 651337833.865812 19
output_documentation_00000931 647445745.649513 647446720.582846 12
output_documentation_00000139 647445745.804793 647446720.738126 13
output_documentation_00000511 647445745.960072 647446720.893405 14
multiqc_00000521 651337732.942855 651337915.742855 32
output_documentation_00000763 647445746.115352 647446721.048685 15
multiqc_00000137 651337769.217855 651337952.017855 35
multiqc_00000929 651337769.52906 651337952.32906 34
output_documentation_00000523 647445746.270631 647446721.203964 16
output_documentation_00000127 647445746.425911 647446721.359244 17
multiqc_00000533 651337769.684339 651337952.484339 33
output_documentation_00000535 647446476.630219 647447207.830219 28
multiqc_00000125 651337221.36881 651337952.56881 27
multiqc_00000761 651337769.839619 651337952.639619 31
multiqc_00000545 651337769.994898 651337952.794898 30
output_documentation_00000115 647445747.163527 647447209.563527 5
output_documentation_00000751 647445747.318806 647447209.718806 4
output_documentation_00000943 647445747.474086 647447209.874086 3
output_documentation_00000547 647445747.629365 647447210.029365 2
multiqc_00000113 651337221.679368 651337952.879368 24
multiqc_00000461 651337770.239351 651337953.039351 11
multiqc_00000209 651337770.39463 651337953.19463 10
multiqc_00000437 651337770.54991 651337953.34991 9
output_documentation_00000199 647445747.784645 647447210.184645 1
output_documentation_00000799 647445747.939924 647447210.339924 0
output_documentation_00000439 647446720.582846 647447695.51618 12
output_documentation_00000907 647446720.738126 647447695.671459 13
multiqc_00000197 651337770.705189 651337953.505189 8
multiqc_00000449 651337221.918471 651337953.118471 25
output_documentation_00000451 647446720.893405 647447695.826739 14
output_documentation_00000187 647446721.048685 647447695.982018 15
multiqc_00000917 651337222.28811 651337953.48811 26
multiqc_00000797 651337222.371936 651337953.571936 28
multiqc_00000557 651337770.860469 651337953.660469 7
multiqc_00000185 651337771.015748 651337953.815748 6
output_documentation_00000463 647446721.203964 647447696.137298 16
output_documentation_00000787 647446721.359244 647447696.292577 17
output_documentation_00000175 647447695.51618 647448670.449513 12
multiqc_00000473 651337526.57777 651338014.044436 23
output_documentation_00000475 647447695.671459 647448670.604792 13
multiqc_00000173 651337915.742855 651338098.542855 32
output_documentation_00000919 647447695.826739 647448670.760072 14
multiqc_00000485 651337527.198889 651338014.665556 18
output_documentation_00000163 647447695.982018 647448670.915352 15
multiqc_00000785 651337527.198891 651338014.665557 20
output_documentation_00000487 647447696.137298 647448671.070631 16
