algo_nr wf_name inp_size dur_alg1 ms_1 ms_perc dur_alg2 ms_2
2 atacseq_30000.dot 14091675276 28.3415316170002 2009047891.8252 2333952491.11434 35.8509132990005 2334551628.10409
2 chipseq_15000.dot 41366257414 13.197732851 3485116257.97865 3581359327.9017 4.95927184100002 3602476087.81724
2 methylseq_15000.dot 6761426956 96.5297209099998 396334939.073155 530750234.359311 66.3991504790002 530752355.340694
2 atacseq_15000.dot 3908761308 13.885803954 285955831.671429 360290755.96217 14.63654999 360426628.504324
2 eager 19075314980 0.040393876 8370315.09863287 7832713.72228014 0.00621031 7362610.72257378
2 eager_1000.dot 25705994498 1.213912501 54709653.269018 39552644.5533728 0.233013512 39594002.4792671
2 eager_20000.dot 8330435694 215.183104969999 431975154.984453 439255621.89955 90.9729026900014 439256279.062896
2 eager_25000.dot 14754556884 285.554173404998 658561935.979733 728211989.398358 137.892350245002 728302319.431491
2 methylseq_1000.dot 110641579976 0.526412237 446902220.388035 466709498.083965 0.15392575 466710379.985834
2 chipseq_200.dot 5058052541 0.055330295 7670117.86639795 5714509.30483887 0.006369098 5712276.7705251
2 atacseq_30000.dot 11809629756 61.1194791949998 955958842.438459 1147849094.73351 80.7906342639999 1148426058.71769
2 methylseq_1000.dot 6273818718 0.523504888 18384137.5894541 30559265.040314 0.149300038 30559922.6211897
2 chipseq_4000.dot 41366257414 1.714453373 906142523.006632 970089259.222059 0.328515477999998 977303975.152452
2 atacseq_2000.dot 14091675276 0.775886984000001 135450690.421057 151655733.526539 0.194519227 151915027.747992
2 atacseq_1000.dot 11809629756 0.450196107 26763698.7958063 34405987.8245147 0.0836847279999999 34405631.0125794
2 methylseq_200.dot 17027257018 0.076443674 16856684.9539984 19983706.0097884 0.010369968 19984344.2380033
2 methylseq_30000.dot 110641579976 586.797624712001 13257760311.6479 13339668058.0675 363.972510693 13339672685.7748
2 methylseq_8000.dot 110641579976 25.33394959 3534666575.6374 3601106871.31818 11.482866687 3601109822.31019
2 methylseq_20000.dot 6761426956 184.928010924 526494755.519729 719148472.029168 172.484178100998 719153777.578709
2 atacseq_8000.dot 3908761308 5.896294626 148604244.035813 184102566.155598 3.83094111200001 184259275.39725
2 methylseq_8000.dot 17027257018 19.3126307980001 631757500.595497 631972619.92148 12.6722795520002 631979254.920033
2 atacseq_10000.dot 14091675276 5.83358493699998 673840554.058689 774963935.047112 3.80785941 775393547.100461
2 atacseq_20000.dot 11809629756 34.590680119 612067088.12357 803924693.578577 33.6830566250006 804170732.577716
2 atacseq_30000.dot 3908761308 39.5092405170001 581903423.508216 727772152.07778 63.3778719889999 728159057.338538
2 eager_2000.dot 25705994498 3.35668451499999 96976554.2485764 93095739.1491927 0.513503961999999 93211218.6084578
2 eager_1000.dot 14754556884 1.438290878 37086640.8941623 25866804.5681821 0.265521238 25980047.7191439
2 atacseq_30000.dot 11187378708 64.1232290169999 948432224.88062 1209646708.19297 76.595814261 1210108527.95271
2 methylseq_10000.dot 8885797810 38.680467271 344145462.066018 454385140.04174 23.8527070800005 454386579.802282
2 atacseq_4000.dot 11809629756 3.149004039 119750151.234204 161721395.608777 1.205776738 161774174.950161
2 atacseq_1000.dot 14091675276 0.346773121 62818814.303404 73632767.7940248 0.066240096 73755899.3226846
2 methylseq_4000.dot 6273818718 5.96627360800002 78927296.8900816 111520559.079425 2.541348743 111521464.26341
2 chipseq_1000.dot 4605965334 0.518740447 31669539.3599319 31682310.4208455 0.094476038 31796803.6462958
2 atacseq_200.dot 11809629756 0.062816061 4575832.26663851 3910014.69394557 0.007511998 3928892.03685374
2 eager_8000.dot 19075314980 34.6418446889999 271957357.267021 290897769.338857 7.95171383499999 290942298.369869
2 methylseq_10000.dot 110641579976 49.075198365 4429930535.88716 4451159533.24886 19.6164710219998 4451162168.26924
2 methylseq_2000.dot 22500260922 1.249902993 95492803.1822616 117190739.673101 0.644188497000001 117194740.424284
2 chipseq_200.dot 32978181418 0.05008828 38508415.3657935 38070540.9300235 0.003942693 38040593.2475659
2 chipseq_2000.dot 4605965334 0.905109514 65408668.9593205 70893733.4893415 0.292724108 70994149.4924021
2 methylseq_30000.dot 8885797810 555.451957703997 1039017557.61644 1374350593.14043 446.497059098993 1374353078.04564
2 eager_20000.dot 19075314980 195.247402976 678962790.214435 696650470.70242 74.204953394 696806959.990667
2 atacseq_8000.dot 11809629756 8.04921382699999 245196408.930449 311705771.577344 5.133238376 311799793.525658
2 eager_30000.dot 19100037384 461.743542720999 1024634504.00714 1035440467.27771 227.389798220003 1035648672.85362
2 chipseq_200.dot 4807293396 0.055457063 6878097.53173199 3802320.73125821 0.006482512 3710424.6283227
2 chipseq_200.dot 3793245764 0.062639369 4640194.79255356 3373277.35465634 0.006845223 3520113.91638364
2 eager_8000.dot 19132169434 36.4640681380002 268957407.977249 284432629.525875 8.86957205399995 284532106.324432
2 atacseq_10000.dot 11187378708 11.556535088 305671246.614731 394439063.776072 8.623864517 394651724.411831
2 chipseq_20000.dot 4807293396 23.2308579090001 653280560.373185 808434701.323397 33.9853006340008 808453742.201
2 chipseq_10000.dot 5058052541 6.89629340300003 371713012.143787 477751572.883858 7.45037374099999 477765727.060011
2 atacseq 3908761308 0.011385932 2193484.35333557 2046986.21153044 0.001115517 2189791.53452745
2 atacseq_4000.dot 11187378708 3.034765996 119967572.378275 156914055.345995 1.266601352 157065944.010738
2 chipseq_4000.dot 32978181418 1.657677506 933103034.374265 963558069.773933 0.307554311 963598656.495946
2 eager_4000.dot 19075314980 10.60807415 132550006.851597 141120224.182084 2.00827236600001 141803573.159396
2 methylseq_4000.dot 17027257018 4.33853681800001 318346027.137689 340802027.476829 3.222542484 340805296.802429
2 chipseq_1000.dot 41366257414 0.34930916 215139833.48627 237047636.931307 0.03463518 237586012.31566
2 atacseq_10000.dot 3908761308 8.159064247 187878966.1957 238401031.688161 5.94817532500001 238708154.917249
2 eager_1000.dot 19100037384 1.529234693 46364866.8718686 37599244.574714 0.248147528999999 37598672.3981861
2 eager_25000.dot 25705994498 358.519154465001 1162200742.83243 1187166522.70501 113.781027811001 1187316501.19803
2 chipseq_25000.dot 41366257414 34.3970703809997 5846591390.36125 5948694424.01036 15.82581745 5987794983.44412
2 atacseq 14091675276 0.009896672 7157154.86114796 8219270.30788965 0.001070349 8251978.87915572
2 methylseq_15000.dot 11897958606 79.1037267400001 909221067.551099 902752911.783082 54.7323395929994 902756638.444819
2 atacseq_30000.dot 2223941232 50.3210654189997 341456566.961526 410273675.3652 75.6993384620003 410723323.24485
2 methylseq_1000.dot 11897958606 0.511471966 60752782.6456272 63270094.2166321 0.166411537 63270939.7862133
2 atacseq_2000.dot 3908761308 1.17179379 35558293.1870645 44164946.9145607 0.331985859 44493267.9053877
2 methylseq 11897958606 0.00315754 1312005.09067088 1839399.0625 0.000273704 1312087.22844095
2 chipseq_25000.dot 5058052541 25.7821773900001 956450260.704625 1185318615.64111 56.6703649620006 1185579985.42229
2 methylseq_15000.dot 110641579976 110.356128337 6620673907.36719 6704473759.66062 50.1848353270003 6704478191.13766
2 methylseq_15000.dot 17027257018 78.8277306320002 1190564876.8773 1222064274.13624 53.0431652769994 1222072665.31528
2 eager 14754556884 0.041203134 6165575.5621068 5958669.83026312 0.006311312 5690799.90476736
2 chipseq_2000.dot 32978181418 0.699261857999999 453399822.792358 484748627.108327 0.0970320450000001 484729261.013531
2 eager_2000.dot 19100037384 3.673117226 73917890.5148209 73593093.9896617 0.650394627999999 73630746.2170057
2 atacseq_20000.dot 14091675276 16.4790793800001 1308241892.61606 1557214963.88125 15.6123331879999 1557711125.95823
2 atacseq_20000.dot 2223941232 29.4518139850001 224361391.444481 262518606.602075 32.7475091870005 263042808.692959
2 chipseq_2000.dot 5058052541 0.913465884999999 71738215.7137422 89075173.2228556 0.32371361 89084735.4005748
2 methylseq_20000.dot 11897958606 166.797391848 1206818613.86878 1208971636.15661 155.374336351 1208976369.52767
2 atacseq_25000.dot 14091675276 20.6892186059999 1665876682.62197 1935398643.29729 25.5999287540001 1936052199.09681
2 atacseq_4000.dot 14091675276 1.742832542 249034936.192519 315917615.197675 0.739514099999999 316473330.98123
2 eager_200.dot 25705994498 0.141868547 12895563.3539407 9596106.10693741 0.019645334 9595580.08449635
2 chipseq_15000.dot 4605965334 10.2528536099999 510490641.99455 582740146.438803 17.3367367979998 583330432.865983
2 atacseq_15000.dot 14091675276 10.537514173 989105841.698599 1168610434.55887 10.525637442 1169022063.99047
2 methylseq_200.dot 110641579976 0.072892204 98985356.0481352 99027918.4189395 0.009148123 99027913.4272554
2 methylseq 6273818718 0.003215528 1236992.21180363 1235884.62393684 0.000272541 1236342.96942691
2 atacseq_15000.dot 11187378708 22.9356362320001 470761846.108248 584595179.314414 20.5729001309997 584756703.379317
2 eager 25705994498 0.038660143 9924548.4332925 8630814.15332925 0.006209793 8629738.66830277
2 methylseq_4000.dot 8885797810 4.92802882599999 136125414.340273 190540700.801226 3.01939908699999 190545076.364794
2 methylseq_20000.dot 110641579976 237.790308237001 8837618934.31559 8948004275.51751 114.205241071002 8948008547.55511
2 chipseq_2000.dot 41366257414 0.730515384000001 446885725.342607 491751197.26482 0.0972887860000002 494764408.154057
2 chipseq_15000.dot 32978181418 9.43648353 3581258409.64005 3638090083.89981 4.67719439700005 3638111918.35618
2 chipseq_8000.dot 5058052541 5.72453922400001 296517333.328503 370539154.852385 4.41246714700003 370535866.883543
2 methylseq_8000.dot 8885797810 20.96312877 273613684.810049 371653150.398371 11.6924956990001 371655650.151265
2 chipseq_8000.dot 41366257414 4.56722892399999 1834663809.31783 1908191745.06734 1.330441445 1919961365.31848
2 methylseq_8000.dot 6273818718 24.286016097 159454699.942723 194141322.501783 9.99708044299996 194143390.220744
2 eager_15000.dot 19100037384 123.565261339 492557165.386389 534244793.554229 32.7337895670002 534306496.605728
2 chipseq_30000.dot 4807293396 44.881523615 1010292289.13287 1220730523.1399 92.715481536 1220731746.40235
2 methylseq_30000.dot 6761426956 649.811257799999 794232596.515304 1073457147.36249 418.613050961994 1073463509.78622
2 chipseq_1000.dot 32978181418 0.332370043 219967393.468235 243692810.691695 0.03322295 243713392.034917
2 chipseq_30000.dot 4605965334 35.8053341030001 1091930752.78443 1200924256.61597 85.178819017001 1201430542.5296
2 methylseq_10000.dot 6273818718 51.5327263200002 199916613.225925 251928888.674321 18.9263644219998 251932856.695332
2 methylseq_25000.dot 6761426956 295.312924977001 654166033.18622 864384579.11896 297.439059486993 864388802.347632
2 chipseq_10000.dot 4605965334 5.70624563200001 333112409.563023 391220138.060051 7.01713207100001 391517254.941252
2 methylseq 22500260922 0.003206375 2743651.87630511 2992455.95092929 0.000274864 2774990.48379588
2 methylseq 110641579976 0.003157248 16116933.6522005 35048579.7605469 0.000255919 35049401.2748564
2 eager_25000.dot 8330435694 328.498681147998 547581453.962518 540731557.301187 151.382345660001 540731604.873515
2 chipseq_20000.dot 41366257414 20.9117802079999 4658054523.13583 4750683499.54739 9.67703275399991 4789488077.51618
2 chipseq_20000.dot 5058052541 19.9679978729999 768647675.404863 949195875.186358 32.8053387150006 949202494.509157
2 chipseq_8000.dot 32978181418 4.093430063 1890605124.68643 1930781034.67567 1.16097707 1930819110.26644
2 atacseq_25000.dot 11187378708 47.076342861 793634002.639439 987773486.21242 52.5380630960007 988174907.712584
2 atacseq_25000.dot 3908761308 28.978042268 477343545.255128 614447990.221169 44.5859873690003 614836779.38217
2 chipseq_4000.dot 5058052541 2.176560543 149535180.171275 185354316.061573 1.139033581 185361218.174618
2 eager 8330435694 0.04131548 4726152.81478103 4268852.69949524 0.006594088 4524918.69918007
2 eager_15000.dot 14754556884 107.146241988 403080393.300631 450574029.695739 38.1180762919997 450713494.323283
2 chipseq_15000.dot 4807293396 13.4531166630001 484100747.005046 617977485.380194 18.2334500839998 617995139.098771
2 eager_4000.dot 25705994498 11.0203851769999 195444174.490794 193771285.42456 1.65782467 193770317.364488
2 eager_8000.dot 19100037384 35.6284890919999 272402520.730242 297289906.836218 8.42343237400005 297333150.099464
2 methylseq_4000.dot 110641579976 4.616922272 1770987323.60224 1827446135.31714 3.18027623900001 1827448514.01079
2 chipseq 3793245764 0.006808442 2365922.41568803 1999241.88103862 0.000629597 2139617.02691439
2 atacseq_200.dot 14091675276 0.060762749 10733379.5645875 9771253.57584817 0.006885191 9856123.91659063
2 chipseq_25000.dot 32978181418 22.716167112 6016863150.88515 6034290511.10751 14.7126888879998 6034295094.35189
2 eager_10000.dot 19100037384 51.9435201270003 337546228.50005 346843461.523893 12.8017042779999 346886601.392578
2 methylseq_30000.dot 11897958606 453.223438338003 1809792349.30629 1818679155.13234 386.323816347998 1818683410.52943
2 atacseq_25000.dot 11809629756 48.5297015479999 803439074.192152 1024710379.43915 50.5632581650009 1025027665.88314
2 eager_30000.dot 19075314980 504.607555302 1039195040.49653 1040909586.73274 209.874393784999 1041066348.6034
2 methylseq_25000.dot 11897958606 269.704638730001 1514998304.44629 1497099978.64346 228.495263709 1497106469.13701
2 eager_15000.dot 19132169434 117.214453401 506633594.323501 551089877.574476 31.6134683039998 551152522.982898
2 methylseq_30000.dot 22500260922 547.581552940999 1423676481.5947 1649861264.20271 333.093474204997 1649873210.20908
2 atacseq_2000.dot 11187378708 1.258009663 58733161.2094405 78471280.3787664 0.323814999 78589191.4518703
2 methylseq_10000.dot 11897958606 32.130128132 607521304.43504 617637216.779491 20.6897747730002 617640361.893425
2 chipseq_25000.dot 4605965334 21.523888768 849513639.882052 1000126739.71598 56.0611843310009 1000655986.53611
2 methylseq_30000.dot 6273818718 532.864079741001 596152662.906306 732708704.408838 342.189636578998 732713824.001855
2 eager_30000.dot 8330435694 469.869794865005 631171936.859785 634486860.431357 233.032752857998 634948658.978771
2 chipseq_200.dot 4605965334 0.061839931 4227047.62087716 3868884.96432106 0.006406623 3837495.59243702
2 methylseq_15000.dot 6273818718 136.718815007 297445418.332269 402477268.894971 52.4053341470004 402480892.447718
2 methylseq_2000.dot 11897958606 1.397172675 121269426.13715 121435176.39597 0.620378289999999 121438207.233745
2 atacseq_200.dot 3908761308 0.069412137 4443420.61790876 2432821.47336297 0.007981246 2484766.63712918
2 eager_8000.dot 8330435694 35.4596088219999 145438969.75099 177179795.251315 11.9978469499999 177179552.982721
2 atacseq_200.dot 2223941232 0.069636253 2694141.59232619 1635399.56936955 0.007923692 1640653.2132029
2 chipseq_2000.dot 4807293396 1.118347188 59107258.6581099 78278106.7785239 0.311021147999997 78292038.8145044
2 eager_20000.dot 19100037384 212.141784632 663489910.694503 722763254.642297 72.8988864670001 722859337.59442
2 eager_10000.dot 19075314980 53.6264042210001 339399958.72454 332360362.021661 13.0189367180001 332466161.036572
2 methylseq_25000.dot 6273818718 296.573257475 497094676.246595 634468282.05487 214.228009817001 634472777.671255
2 eager_10000.dot 8330435694 53.2566204699998 182507764.40281 216244073.904204 17.2396250619999 216244194.453337
2 methylseq_200.dot 8885797810 0.073816351 6445823.73221341 9015832.70552773 0.009303104 9016035.7780449
2 chipseq 32978181418 0.005389073 15558338.1262687 17267672.6431755 0.000512448 15797440.1382778
2 methylseq_2000.dot 6761426956 1.371783033 51822141.0225347 79725748.4122391 0.687037726000001 79727096.0522909
2 atacseq_20000.dot 3908761308 21.5049039369999 383864756.808071 479642766.171288 27.938662741 480117078.692309
2 atacseq_1000.dot 11187378708 0.463336626 25550330.9664073 35745863.6474003 0.083795859 35840154.039266
2 eager 19100037384 0.040153154 8716605.07691518 8565900.88487387 0.006429661 8551625.26682612
2 chipseq_10000.dot 32978181418 5.702731531 2401397772.41064 2415484352.05074 1.99433828 2415550938.83947
2 methylseq_2000.dot 110641579976 1.509990161 891223598.503846 905582780.498865 0.696397899999998 905583221.353526
2 chipseq_8000.dot 3793245764 4.687528003 225851075.115302 295750311.345871 3.58367175800001 296218728.60185
2 eager_25000.dot 19132169434 364.424234468997 841425465.647052 882593261.890999 137.431692558999 882779341.631893
2 eager_4000.dot 19132169434 10.625322011 134034592.041805 145134943.388115 2.05224719300001 145511122.35838
2 chipseq_1000.dot 4807293396 0.479010286 27686549.144908 38819124.926495 0.093643777 38848100.9205004
2 eager_15000.dot 19075314980 131.540125662999 504505418.17558 532363594.868266 34.1958185709998 532538120.455289
2 methylseq_200.dot 6761426956 0.073381522 5092440.50887177 5935068.05166851 0.00963204699999999 5935216.10032956
2 methylseq 17027257018 0.003021223 1075973.19770454 2174050.72916667 0.000281232 1076723.68654755
2 eager_1000.dot 8330435694 1.479567542 25806670.0980895 24095819.4970982 0.207093728 24370978.3545616
2 chipseq_4000.dot 3793245764 1.862098935 110791956.95762 137336997.684277 1.009239504 137498861.323102
2 methylseq_200.dot 11897958606 0.075707323 12874452.1909611 13878801.9343769 0.009206876 13878947.7980205
2 atacseq_1000.dot 3908761308 0.485784905 17764747.4409563 19856590.0778655 0.0894138359999998 19881470.3525109
2 chipseq_1000.dot 3793245764 0.509996949 27573833.6577716 28133655.3822996 0.093464365 28689021.2666705
2 atacseq_2000.dot 11809629756 1.320070565 60106812.852366 74581814.300806 0.314850979999999 74594503.6966177
2 eager_4000.dot 8330435694 11.449583178 86064293.82411 88222607.0916024 2.22743643800001 88504605.524539
2 methylseq_200.dot 22500260922 0.071621741 10639902.3221516 14355741.3531632 0.010312875 14355701.3728003
2 eager_4000.dot 14754556884 10.862873066 110656605.854272 126223380.158998 2.179292295 126223154.98156
2 methylseq 6761426956 0.003171482 481553.874548809 1078891.7125 0.000295927 481942.077335976
2 eager_200.dot 19100037384 0.14634793 10864209.6431013 9876513.61937669 0.021078075 10117375.8711816
2 methylseq_20000.dot 8885797810 181.270360990001 689607018.514254 941954060.385843 136.895866959 941956992.673368
2 atacseq_25000.dot 2223941232 38.4083283710003 285467604.808681 337807106.730884 53.1314553260002 337972634.464687
2 eager_20000.dot 25705994498 228.772088272001 940611596.751017 953856091.678146 65.5964050510008 953997606.007247
2 eager_25000.dot 19075314980 307.817063556001 846133388.621361 882545705.168064 136.442003953002 882705494.258065
2 chipseq_15000.dot 5058052541 12.277628597 567395695.534431 717135354.269025 17.3129877579997 717153940.146152
2 chipseq_1000.dot 5058052541 0.464742343999999 37598674.7178797 41311796.4905776 0.095400476 41303643.9724035
2 atacseq_15000.dot 11809629756 21.3503978680001 472169923.357439 586635099.665301 21.7807901539996 586938642.421679
2 methylseq_2000.dot 8885797810 1.433634975 67943627.0189011 104708782.6348 0.830907252 104709772.608161
2 chipseq 41366257414 0.005460536 22851985.6832515 20442326.5607852 0.000521138 20659348.5370445
2 methylseq_15000.dot 8885797810 94.222987021 522036894.79582 748813644.681735 63.4040653649997 748816153.40044
2 methylseq_30000.dot 17027257018 356.120442032999 2383276624.27679 2384249855.07318 365.010587940999 2384262426.54521
2 eager_2000.dot 19075314980 4.18060011700001 78845388.6824833 66936278.8874606 0.685689059999997 66979256.7347904
2 eager_2000.dot 19132169434 4.15421745499999 78334131.5453821 72166640.6734852 0.644707681999997 72236543.1957949
2 chipseq_20000.dot 4605965334 14.553806123 685244396.05684 794579964.501859 32.8342287390003 795087013.764063
2 atacseq_200.dot 11187378708 0.062948399 5280886.63976461 4972724.34050401 0.007885222 4973210.78748686
2 chipseq_15000.dot 3793245764 10.347350875 435497035.358133 559151749.243983 14.281424021 559904005.988437
2 atacseq_8000.dot 14091675276 4.11262684500001 514099451.305882 625745952.027632 2.87994171799999 626305098.826553
2 eager_10000.dot 19132169434 54.4563588789999 347535935.7745 351629478.350715 12.123544155 351638984.208782
2 methylseq_8000.dot 11897958606 18.7837060310001 480066423.063902 504519612.960813 12.11743124 504520747.32446
2 eager_15000.dot 25705994498 127.902797448 696480588.649066 687248078.433405 27.0836230499999 687307110.708169
2 eager_1000.dot 19075314980 1.514207102 42706443.4457969 30086480.9629033 0.222208115 30088190.6921646
2 eager_30000.dot 25705994498 620.019372677001 1401273604.59956 1410765815.16143 186.002407775 1410993248.80065
2 eager_10000.dot 25705994498 60.4195270670003 461821157.602021 455424283.142898 10.482708181 455618914.285271
2 chipseq_20000.dot 3793245764 16.187746975 589860893.338065 778659878.733746 32.6925409560003 779023562.219906
2 atacseq 11187378708 0.010376243 3893824.45738553 4091818.93170196 0.001107868 4094174.64952855
2 chipseq 5058052541 0.006819416 2140046.13706987 2035212.38428697 0.000628298 2131975.40532655
2 chipseq_30000.dot 41366257414 52.2747045830003 7027709466.88136 7159341870.48416 23.9735213870003 7204885869.44916
2 eager_8000.dot 14754556884 37.471889888 216405828.817269 242443333.574432 8.8820740050001 242443706.526787
2 chipseq_30000.dot 32978181418 30.679510168 7217415811.5068 7252613128.28616 23.83492189 7252674960.49878
2 methylseq_25000.dot 110641579976 385.153701976001 11061432208.6467 11168345141.5071 196.326041391004 11168348034.1354
2 eager_10000.dot 14754556884 51.8985845550003 270420025.646772 298495841.08082 14.16945863 298557117.86295
2 eager_30000.dot 14754556884 413.837252562005 795541637.088341 885023507.667076 256.013536608003 885020204.427362
2 methylseq_8000.dot 6761426956 21.7669838549999 209716109.234996 280720490.295424 12.1379100560001 280722582.574954
2 atacseq_10000.dot 11809629756 11.895564331 313996343.307634 389305086.61552 9.19950479999991 389405142.687561
2 eager_20000.dot 19132169434 209.882054346002 671042024.449699 694049558.919034 75.8618205500014 694140860.312667
2 eager_200.dot 19075314980 0.143394016 11055314.5743882 9514274.35691233 0.02182068 9526113.15623745
2 eager_20000.dot 14754556884 204.76675857 550530506.871344 592536176.580782 81.3391786219996 592645418.688238
2 chipseq 4807293396 0.006186382 1850994.45283744 1713635.07359217 0.000638022 1722041.6950113
2 eager_15000.dot 8330435694 119.691499433999 297913016.972779 332757058.845865 43.0880650289997 334090180.436462
2 methylseq_10000.dot 6761426956 36.974887621 259845788.077686 345370725.941009 28.1058563510002 345374003.291127
2 methylseq_1000.dot 22500260922 0.473743052 52083980.24755 60835504.9935397 0.159791282 60835871.3287013
2 methylseq_8000.dot 22500260922 23.943815631 379164394.40187 453802315.560742 10.630313624 453805600.946911
2 methylseq_25000.dot 8885797810 321.468581248 863282667.932842 1142048261.9724 248.811532046 1142051550.5006
2 atacseq_1000.dot 2223941232 0.505504461 8133284.00470742 10399920.1355686 0.0937770900000001 10424966.6965109
2 atacseq_4000.dot 3908761308 2.57965153 73182822.1723156 85511220.8471996 1.04504578800001 86004740.6250471
2 chipseq_10000.dot 3793245764 5.79469146199999 279512470.803073 369720040.564258 5.58484390800001 370118485.152464
2 eager_1000.dot 19132169434 1.442211249 41480997.1661706 31394434.3422311 0.231441094 31695115.1327394
2 methylseq_20000.dot 17027257018 156.53397119 1634477029.02686 1602214851.15577 119.591896822 1602224727.71654
2 eager_8000.dot 25705994498 38.13125206 379858410.474344 393567702.251498 6.67253031899995 393649105.103116
2 methylseq_2000.dot 17027257018 1.376532929 158874996.04092 163872346.499888 0.686375342000002 163876364.857068
2 methylseq_4000.dot 6761426956 5.257757715 105512526.508259 142424523.224316 3.77207193999999 142424645.215182
2 chipseq_8000.dot 4807293396 5.320470921 259159451.323332 326817272.335783 5.02104496299998 326823666.15016
2 methylseq_20000.dot 6273818718 178.799629526 398428278.386097 516308856.710039 112.885732829001 516311743.600049
2 eager_4000.dot 19100037384 10.52851949 132886888.327834 138426438.620074 2.27338626 138895936.736447
2 methylseq_20000.dot 22500260922 195.350976354 948757123.952622 1116864944.53054 111.951349136 1116874136.23699
2 eager_2000.dot 14754556884 4.097542531 63203371.2758653 57043981.528638 0.693812466000001 57075794.5672007
2 atacseq_20000.dot 11187378708 36.300685253 624227852.845988 778047528.193903 38.894143186 778240005.846384
2 methylseq_4000.dot 22500260922 5.08943042999999 190572779.145151 240841702.36592 2.412260316 240844652.910025
2 atacseq_15000.dot 2223941232 18.493567924 169045229.07141 192488333.948484 16.7193233479999 192750472.38849
2 atacseq_8000.dot 2223941232 7.98306700200002 87802139.9166748 96987391.5243572 4.704531931 97272567.0464178
2 chipseq_200.dot 41366257414 0.046458994 42044342.6371913 41456548.5081535 0.004906074 41411616.1205924
2 eager_200.dot 19132169434 0.148121351 8951541.38769844 7651466.35808185 0.02272562 7653242.32891523
2 chipseq_25000.dot 4807293396 30.330868715 829862997.545976 1061033936.81343 56.8826083220007 1061271734.42738
2 atacseq_4000.dot 2223941232 3.413023871 42312440.4864771 44767722.767157 1.25990483500001 44878832.2684317
2 chipseq_10000.dot 41366257414 6.45391409300001 2312011585.5278 2432470876.55975 2.27697304100001 2452270980.86082
2 chipseq_4000.dot 4605965334 1.880261976 131394972.982116 152734326.644961 1.226219534 153052207.312348
2 atacseq_10000.dot 2223941232 10.199875676 111348193.515438 123206158.31286 7.36292869599998 123397277.674441
2 chipseq_25000.dot 3793245764 22.5407525829999 718313241.99516 965193528.561175 46.0862394550006 966509834.79188
2 methylseq_25000.dot 17027257018 281.235724774001 1979045696.6285 1999212346.02963 225.652119391001 1999226427.03628
2 eager_30000.dot 19132169434 512.797157237004 1031887723.74656 1025657405.6761 212.613951152 1025984555.53527
2 eager_2000.dot 8330435694 3.760113125 42253378.3843542 42710389.3349589 0.644517160999998 47314979.2128678
2 chipseq_30000.dot 5058052541 38.818885013 1140893964.50165 1417668917.45236 84.6986837469999 1417695318.53718
2 methylseq_4000.dot 11897958606 4.428373381 240412948.195461 248993126.238094 2.604136882 248996592.907005
2 chipseq_4000.dot 4807293396 2.251679913 124947292.320253 159167219.548246 1.24686941100001 159185705.38777
2 eager_200.dot 14754556884 0.146154922 8395292.43616766 6767527.90869567 0.023171457 6769556.0363786
2 chipseq 4605965334 0.00627841 2389949.28044017 2027535.3445313 0.000636475 2084271.08284831
2 methylseq_15000.dot 22500260922 102.354202836 711317976.562564 821172772.707816 62.5455393729995 821179904.27496
2 chipseq_20000.dot 32978181418 15.1365700030001 4792442501.18457 4829894395.41918 9.14049341800002 4829962443.88825
2 methylseq_2000.dot 6273818718 1.317860128 39362731.5927987 54844936.7128788 0.540298614999999 54846426.2154128
2 atacseq 2223941232 0.011523852 1402678.48522019 1207072.12046917 0.001158166 1207337.31031479
2 methylseq_1000.dot 17027257018 0.506105033 79243371.3218249 83367899.5078882 0.156648066 83369140.2477049
2 eager_25000.dot 19100037384 341.912620073998 835869293.781946 894084462.477574 128.458252933 894177273.317801
2 chipseq_8000.dot 4605965334 4.51243390099999 268074583.289109 300556560.873964 4.34318143900003 300936194.09453
2 atacseq_2000.dot 2223941232 1.316226611 18862026.9387161 23936379.1855598 0.317633831 23996998.8451396
2 methylseq_200.dot 6273818718 0.07868708 3105457.46165582 3015461.49008013 0.009522342 3016187.04457799
2 atacseq_8000.dot 11187378708 8.32875595600001 249691982.898464 321857649.019934 5.54357750600002 322252933.383062
2 methylseq 8885797810 0.003042684 1177962.2499078 1401895.6 0.000279264 1178465.55847223
2 methylseq_10000.dot 22500260922 40.219497402 477233740.048533 548925301.931249 17.5097460170002 548933322.904324
2 methylseq_1000.dot 6761426956 0.521615062 25688664.6848762 34142457.8827053 0.174880288 34143622.7631076
2 chipseq_2000.dot 3793245764 0.927394515 56362833.6666263 65545101.181607 0.29052638 65961265.4337775
2 methylseq_25000.dot 22500260922 342.179004760001 1186820026.82263 1364961589.48076 206.922014208999 1364972592.93921
2 chipseq_30000.dot 3793245764 31.04128764 909035737.586304 1202627519.75433 92.7492401190008 1203508167.17011
2 methylseq_1000.dot 8885797810 0.522177829 33445352.768025 49917594.6131765 0.169495407 49920258.8977271
2 eager 19132169434 0.040208306 6443569.22446744 7606794.08411935 0.006293752 7531039.37494584
2 methylseq_10000.dot 17027257018 32.2361384980001 793550631.701262 792879091.018241 21.5072329620006 792884651.995563
2 eager_200.dot 8330435694 0.150466301 5728222.22056017 3847958.70476868 0.023362168 3598127.48133168
2 atacseq 11809629756 0.010758041 2884251.00007559 2472533.11665436 0.001195073 2464219.72029131
2 chipseq_10000.dot 4807293396 7.04181740400002 322169970.921556 407361099.539142 7.568059968 407364790.060276
