algo_nr wf_name inp_size dur_alg1 ms_1 ms_perc dur_alg2 ms_2
2 atacseq_30000.dot 14091675276 153.889729573999 1394184683.28366 1549399433.27795 67.0319730850008 1549399433.27795
2 chipseq_15000.dot 41366257414 12.249934871 3258493720.6553 7593600840.35394 9.91129706599989 7593600840.35394
2 methylseq_15000.dot 6761426956 142.996786948001 122137735.50482 475222901.242926 47.9129567530006 475222901.242926
2 atacseq_15000.dot 3908761308 70.9886900979999 211959701.495201 167275820.127855 27.6440125359998 167275820.127855
2 eager 19075314980 0.03123231 3407917.87418099 5845557 0.006579816 5845557
2 eager_1000.dot 25705994498 1.225580754 31552913.378404 22501247.4626969 0.222902251000002 22501247.4626969
2 eager_20000.dot 8330435694 379.936100145 158042269.357018 317597437.460257 147.302175781 317597437.460257
2 eager_25000.dot 14754556884 440.047472365997 401171590.290959 1164670304.4718 271.297416198003 1164670304.4718
2 methylseq_1000.dot 110641579976 0.547084302 525624560.158467 2520202908.63045 0.137853764 2520202908.63045
2 chipseq_200.dot 5058052541 0.067160874 8818931.0275398 5033383.95458936 0.00794676399999999 5033383.95458936
2 atacseq_30000.dot 11809629756 203.847521168001 749074982.062632 837572534.405314 141.359964770002 837572534.405314
2 methylseq_1000.dot 6273818718 0.514978194 6840827.97276714 5338992.625 0.118419285 5338992.625
2 chipseq_4000.dot 41366257414 2.40366649399999 857733208.116062 1740898709.286 0.691143519999994 1740898709.286
2 atacseq_2000.dot 14091675276 1.456464848 67988395.4734611 52169773.6467635 0.331591807999999 52169773.6467635
2 atacseq_1000.dot 11809629756 0.525306585 26317966.9482978 13197633.256875 0.0940539370000002 13197633.256875
2 methylseq_200.dot 17027257018 0.069807736 4481533.55944585 4333329.78125 0.007235711 4333329.78125
2 methylseq_30000.dot 110641579976 804.618161002996 16144838260.3426 81453603493.6601 324.473239482007 81453603493.6601
2 methylseq_8000.dot 110641579976 24.717935538 4159813245.90018 21260049482.8164 10.7580603140001 21260049482.8164
2 methylseq_20000.dot 6761426956 233.912327918 168182267.043957 677341270.920961 94.3175619510017 677341270.920961
2 atacseq_8000.dot 3908761308 21.115612169 105354853.176739 77602967.8376585 7.08107066300002 77602967.8376585
2 methylseq_8000.dot 17027257018 30.04494735 246374948.8693 1131752036.74134 8.56422862900011 1131752036.74134
2 atacseq_10000.dot 14091675276 15.436978616 384064684.133575 392573805.00601 6.40495073699998 392573805.00601
2 atacseq_20000.dot 11809629756 78.643380912 481192855.990286 509619141.940112 46.9404416280002 509619141.940112
2 atacseq_30000.dot 3908761308 336.956403818 435074497.717971 382776727.271829 160.590051510999 382776727.271829
2 eager_2000.dot 25705994498 3.821127971 57120979.5206156 116290649.278619 0.676876394999995 116290649.278619
2 eager_1000.dot 14754556884 1.068993993 22399095.9751403 16761363.0856635 0.260116935 16761363.0856635
2 atacseq_30000.dot 11187378708 202.934913234 732203460.270496 839244617.785808 135.618993332 839244617.785808
2 methylseq_10000.dot 8885797810 52.477545415 120665604.68412 482979460.440624 17.0860443790008 482979460.440624
2 atacseq_4000.dot 11809629756 3.97215503200001 78571450.5815889 63179258.9925446 1.531360085 63179258.9925446
2 atacseq_1000.dot 14091675276 0.538702774000001 38154767.5287967 32048356.612348 0.109831416 32048356.612348
2 methylseq_4000.dot 6273818718 5.78113135699999 27645813.4244956 41441483.1507905 2.14219130500001 41441483.1507905
2 chipseq_1000.dot 4605965334 0.572498456 17504690.4607436 14576974.8053817 0.118064632 14576974.8053817
2 atacseq_200.dot 11809629756 0.072798602 10340896.2986032 2869269.15156589 0.007655658 2869269.15156589
2 eager_8000.dot 19075314980 52.5252017110001 186502959.57229 242244928.835771 14.731156083 242244928.835771
2 methylseq_10000.dot 110641579976 48.3002684509999 5208857167.04205 26533780934.6751 17.6411942680005 26533780934.6751
2 methylseq_2000.dot 22500260922 1.457250374 71930834.2856725 274378121.94386 0.453285553999999 274378121.94386
2 chipseq_200.dot 32978181418 0.064719484 22114705.482123 21203675.4166667 0.006830665 21203675.4166667
2 chipseq_2000.dot 4605965334 1.68396622 35983089.1291029 25267458.4706054 0.447426277999999 25267458.4706054
2 methylseq_30000.dot 8885797810 581.076276719 387923788.798932 1733505171.69416 262.013028814006 1733505171.69416
2 eager_20000.dot 19075314980 247.520368528001 453997830.569605 852988092.933352 166.393077708001 852988092.933352
2 atacseq_8000.dot 11809629756 11.490363375 163849105.48951 161438493.329295 6.26339114699998 161438493.329295
2 eager_30000.dot 19100037384 493.795873328 661383005.825781 1478994191.01248 291.497915369998 1478994191.01248
2 chipseq_200.dot 4807293396 0.067770352 8828036.16082629 4536233.7991527 0.008173086 4536233.7991527
2 chipseq_200.dot 3793245764 0.068641038 5903790.98987597 4141434.58611041 0.00778572299999999 4141434.58611041
2 eager_8000.dot 19132169434 51.9474346090001 185231617.262913 234004193.242057 13.9644324789999 234004193.242057
2 atacseq_10000.dot 11187378708 19.899958071 205798774.807158 222982986.316111 9.95908682900007 222982986.316111
2 chipseq_20000.dot 4807293396 85.1247571029999 404200883.64459 396144200.33537 41.6582785419999 396144200.33537
2 chipseq_10000.dot 5058052541 29.410439885 191181507.115428 180968451.567336 9.77640654399988 180968451.567336
2 atacseq_4000.dot 11187378708 3.712923692 83982258.0001087 63880134.2929297 1.682395548 63880134.2929297
2 chipseq_4000.dot 32978181418 2.39196999 653638031.209063 1136959983.06919 0.580912403000003 1136959983.06919
2 eager_4000.dot 19075314980 17.470638332 94147620.8205108 111518885.616118 3.97085960099998 111518885.616118
2 methylseq_4000.dot 17027257018 6.19442432999999 118600404.744857 483054078.435829 1.82437008299999 483054078.435829
2 chipseq_1000.dot 41366257414 0.496268896 215012248.017327 291227635.530077 0.0846665630000002 291227635.530077
2 atacseq_10000.dot 3908761308 33.4985541799999 137910354.069666 100661709.352506 11.4023955689999 100661709.352506
2 eager_1000.dot 19100037384 1.059561458 22159979.6178329 25460688.6718636 0.280476224 25460688.6718636
2 eager_25000.dot 25705994498 339.150246095001 693531486.579441 1910081671.09635 208.171513239 1910081671.09635
2 chipseq_25000.dot 41366257414 26.9384454369999 5383077507.00533 13406747085.0879 22.0112324060001 13406747085.0879
2 methylseq_15000.dot 11897958606 189.559974593 257644685.299163 1115124706.58607 45.0870572120007 1115124706.58607
2 atacseq_30000.dot 2223941232 275.326214962 267309109.288485 241506509.33331 165.805415351 241506509.33331
2 methylseq_1000.dot 11897958606 0.52200855 15669819.2653631 19106142.9441934 0.117377408000001 19106142.9441934
2 atacseq_2000.dot 3908761308 1.481672767 24687160.4403079 17679909.2921543 0.423364222999999 17679909.2921543
2 methylseq 11897958606 0.003219854 1840539.78778188 1840539.7875 0.000277271 1840539.7875
2 chipseq_25000.dot 5058052541 136.662020899 557597096.517922 594215087.129616 61.3455286660006 594215087.129616
2 methylseq_15000.dot 110641579976 122.856723067 7811810662.88432 40982697056.209 55.6067857690004 40982697056.209
2 methylseq_15000.dot 17027257018 124.743417921 484605941.652684 2312046211.14628 43.8190552680011 2312046211.14628
2 eager 14754556884 0.031493428 2916091.7562072 5825674.6375 0.00662137 5825674.6375
2 chipseq_2000.dot 32978181418 1.096084947 325219634.352168 478616196.50558 0.167972068000001 478616196.50558
2 eager_2000.dot 19100037384 4.24941378700001 48906823.5088135 59537499.8394849 0.906693025000003 59537499.8394849
2 atacseq_20000.dot 14091675276 65.8677740479999 866033284.655889 970039676.084762 24.4977084800001 970039676.084762
2 atacseq_20000.dot 2223941232 123.086739394 178171889.503506 148629295.141692 60.2796444970003 148629295.141692
2 chipseq_2000.dot 5058052541 1.622251867 38614860.7828717 26160230.385781 0.469337442 26160230.385781
2 methylseq_20000.dot 11897958606 266.434429100999 346666212.500776 1534854139.00346 102.150957613001 1534854139.00346
2 atacseq_25000.dot 14091675276 100.736233769 1140226566.90848 1252862651.3575 41.5813267710001 1252862651.3575
2 atacseq_4000.dot 14091675276 4.03013985100001 134407666.682307 125908510.39567 1.221000957 125908510.39567
2 eager_200.dot 25705994498 0.118028056 13693685.0979323 7650493.11458333 0.023335461 7650493.11458333
2 chipseq_15000.dot 4605965334 50.3237251030002 305063615.160897 289408481.918518 20.2912201380001 289408481.918518
2 atacseq_15000.dot 14091675276 33.5938478569999 612496609.132309 677451687.817429 14.0660089289998 677451687.817429
2 methylseq_200.dot 110641579976 0.073033018 106218938.294137 372662953.197525 0.00846191300000001 372662953.197525
2 methylseq 6273818718 0.003236774 991875.362891611 991875.3625 0.000274666 991875.3625
2 atacseq_15000.dot 11187378708 44.62854178 324349940.321431 360881688.764003 23.5187474459996 360881688.764003
2 eager 25705994498 0.031309692 4321078.74050924 7650493.11458333 0.00887466899999999 7650493.11458333
2 methylseq_4000.dot 8885797810 5.28540889 43262843.061112 118139050.833476 2.08367766399999 118139050.833476
2 methylseq_20000.dot 110641579976 224.041157309 10768362458.3118 54736714893.3241 113.633573254002 54736714893.3241
2 chipseq_2000.dot 41366257414 1.181901542 418545452.178053 763920524.497461 0.233574710000002 763920524.497461
2 chipseq_15000.dot 32978181418 10.153385482 2658943254.47616 5026316795.14691 7.05881125899996 5026316795.14691
2 methylseq_8000.dot 8885797810 30.5632981610001 94171794.3435909 359585381.944622 9.96412757299984 359585381.944622
2 chipseq_8000.dot 41366257414 5.29588910499999 1763505029.28869 3849833565.69899 2.50785466500001 3849833565.69899
2 methylseq_8000.dot 6273818718 33.439815288 56144312.7410963 175723541.351468 10.055658964 175723541.351468
2 eager_15000.dot 19100037384 140.7868135 333153938.544299 568101904.837301 58.6996930640002 568101904.837301
2 chipseq_30000.dot 4807293396 194.157180424999 696739524.738384 674319617.351629 109.693858963001 674319617.351629
2 methylseq_30000.dot 6761426956 662.741209462001 259048139.630252 1071683298.31634 269.111009662013 1071683298.31634
2 chipseq_1000.dot 32978181418 0.498962348 160526308.226948 196614015.23778 0.0807098990000001 196614015.23778
2 chipseq_30000.dot 4605965334 141.978150842 719878573.974909 700134996.941383 104.474195041001 700134996.941383
2 methylseq_10000.dot 6273818718 73.5384535710002 70609998.6416754 246052302.299331 16.3499035549993 246052302.299331
2 methylseq_25000.dot 6761426956 502.512876294999 211748521.737113 871196490.561548 172.495788969002 871196490.561548
2 chipseq_10000.dot 4605965334 30.4905653 197323372.409022 167664235.415123 10.6375536169998 167664235.415123
2 methylseq 22500260922 0.003175336 2895226.88566893 2895226.88541667 0.000269892 2895226.88541667
2 methylseq 110641579976 0.003137755 15084215.2250003 15084215.225 0.000264076 15084215.225
2 eager_25000.dot 8330435694 674.829410621996 197914257.197648 430244327.279225 313.510740248001 430244327.279225
2 chipseq_20000.dot 41366257414 19.08518907 4339594355.37912 10506056962.7943 15.2205479299995 10506056962.7943
2 chipseq_20000.dot 5058052541 87.4512444879997 426279726.948626 441481610.410283 41.2628285539998 441481610.410283
2 atacseq_25000.dot 11187378708 135.585331715999 640350408.171589 678167055.471882 85.0491836470001 678167055.471882
2 atacseq_25000.dot 3908761308 199.016656389001 347294740.12625 304569383.767781 105.817871145001 304569383.767781
2 chipseq_4000.dot 5058052541 5.201362707 73873231.6471419 58373051.8816828 1.83768736 58373051.8816828
2 eager 8330435694 0.031484004 1397689.04783977 3178859.14583333 0.006602608 3178859.14583333
2 eager_15000.dot 14754556884 150.441895594 240173619.358924 622696746.916242 69.3647527490009 622696746.916242
2 chipseq_15000.dot 4807293396 50.7100220250001 288713761.554589 273898770.459606 20.5872037070003 273898770.459606
2 eager_4000.dot 25705994498 14.292193253 130458156.833511 171942114.594777 3.49605892300001 171942114.594777
2 eager_8000.dot 19100037384 49.6486711009998 189146228.334897 238774933.198086 11.0957452479999 238774933.198086
2 methylseq_4000.dot 110641579976 5.904292278 2149203542.79234 10411594691.7473 2.256217444 10411594691.7473
2 atacseq_200.dot 14091675276 0.072761096 15954070.5175269 5867623.0257374 0.00765515 5867623.0257374
2 chipseq_25000.dot 32978181418 17.8444243220001 4330501496.11465 8543769808.36649 21.8933415260002 8543769808.36649
2 eager_10000.dot 19100037384 73.964676238 218194094.20412 315538515.714855 23.2053120969999 315538515.714855
2 methylseq_30000.dot 11897958606 975.834419600998 522100291.850106 2366492226.67563 326.25461760501 2366492226.67563
2 atacseq_25000.dot 11809629756 129.646904259 630106208.988804 662499181.503898 84.8482240840001 662499181.503898
2 eager_30000.dot 19075314980 415.579754256999 609607179.029201 1451745738.198 287.150248592997 1451745738.198
2 methylseq_25000.dot 11897958606 474.300361052999 438660510.607481 1954171502.71572 185.355967516 1954171502.71572
2 eager_15000.dot 19132169434 136.686591884 334682873.85897 586392868.19256 60.8722187039998 586392868.19256
2 methylseq_30000.dot 22500260922 713.083186492997 1290014545.05731 6357351567.21906 273.741656518007 6357351567.21906
2 atacseq_2000.dot 11187378708 1.293993808 39796565.7785238 23470733.0092794 0.341410976999999 23470733.0092794
2 methylseq_10000.dot 11897958606 60.0552506259998 169112623.95405 700222434.284073 18.8548943390001 700222434.284073
2 chipseq_25000.dot 4605965334 113.133348748 569796439.523292 564678323.712618 67.1848526390001 564678323.712618
2 methylseq_30000.dot 6273818718 660.479312230002 235810999.459416 977881329.298589 273.253465864013 977881329.298589
2 eager_30000.dot 8330435694 796.115137880999 232729575.815573 527609892.018176 386.732303580998 527609892.018176
2 chipseq_200.dot 4605965334 0.069052998 8157345.72289506 4606846.64040417 0.00806603699999999 4606846.64040417
2 methylseq_15000.dot 6273818718 160.935968436 112124834.537697 429127556.342513 47.5582900330009 429127556.342513
2 methylseq_2000.dot 11897958606 1.382707859 30480394.3127711 46237157.5034945 0.464699222999998 46237157.5034945
2 atacseq_200.dot 3908761308 0.073341007 5415923.40844335 2118147.45692334 0.007829953 2118147.45692334
2 eager_8000.dot 8330435694 72.4599134540001 73940890.2581231 127698779.994788 12.9504907829999 127698779.994788
2 atacseq_200.dot 2223941232 0.073175149 3059076.49632468 1231874.1125 0.008232558 1231874.1125
2 chipseq_2000.dot 4807293396 1.579228501 32506649.344919 22604380.045037 0.472841141 22604380.045037
2 eager_20000.dot 19100037384 234.869037302 425584578.382523 869714081.238183 147.120002857 869714081.238183
2 eager_10000.dot 19075314980 77.0155713360004 217392332.069775 299154091.098572 27.7842850580002 299154091.098572
2 methylseq_25000.dot 6273818718 420.901440606 195614687.79677 795031612.612529 166.711030276002 795031612.612529
2 eager_10000.dot 8330435694 110.987880548 94197774.9563897 156407477.32401 19.722076272 156407477.32401
2 methylseq_200.dot 8885797810 0.081382066 2796243.8913975 2795543.05 0.007171677 2795543.05
2 chipseq 32978181418 0.00660802 11836770.6876628 11570347.5 0.000677588 11570347.5
2 methylseq_2000.dot 6761426956 1.437977798 14554566.1998235 18899804.7225849 0.467630732999996 18899804.7225849
2 atacseq_20000.dot 3908761308 126.856769603 270613895.398692 238011194.515989 59.1890148730004 238011194.515989
2 atacseq_1000.dot 11187378708 0.488127327 24328187.138115 14310808.4328643 0.0897012920000006 14310808.4328643
2 eager 19100037384 0.031633404 3755393.67475747 5859670.3875 0.006546989 5859670.3875
2 chipseq_10000.dot 32978181418 6.040548885 1712867191.52926 3264999870.92938 2.96413255899998 3264999870.92938
2 methylseq_2000.dot 110641579976 1.513653519 1076496598.0127 5123620885.62021 0.506316890999999 5123620885.62021
2 chipseq_8000.dot 3793245764 21.283725909 135073905.542698 119864124.49809 7.49579903099997 119864124.49809
2 eager_25000.dot 19132169434 393.091075592999 578884308.500752 1151326490.45789 246.035438861 1151326490.45789
2 eager_4000.dot 19132169434 16.067990401 88104507.2456967 117315243.451074 3.20142651800001 117315243.451074
2 chipseq_1000.dot 4807293396 0.561987485 15992992.3217462 13107020.636704 0.13090928 13107020.636704
2 eager_15000.dot 19075314980 141.633092342 347934671.362661 572185460.458256 46.6661320409997 572185460.458256
2 methylseq_200.dot 6761426956 0.071945539 2149874.2180794 2148974.675 0.007211705 2148974.675
2 methylseq 17027257018 0.003195632 2175361.36495513 2175361.36458333 0.000269334 2175361.36458333
2 eager_1000.dot 8330435694 1.140717071 7523999.64284451 9516928.31565634 0.303990032999998 9516928.31565634
2 chipseq_4000.dot 3793245764 5.647952471 68497844.1735893 48602053.9372723 1.96988248 48602053.9372723
2 methylseq_200.dot 11897958606 0.070926907 3670646.19301779 3669578.9375 0.007192511 3669578.9375
2 atacseq_1000.dot 3908761308 0.561133895 13239877.4684869 9554571.47880727 0.112515890000001 9554571.47880727
2 chipseq_1000.dot 3793245764 0.576697453 16196591.5374552 13600334.4679718 0.119266947 13600334.4679718
2 atacseq_2000.dot 11809629756 1.278645189 39136176.7632704 23146375.2293323 0.341038150000002 23146375.2293323
2 eager_4000.dot 8330435694 15.424256114 41359109.1086199 35740411.7895791 4.254940381 35740411.7895791
2 methylseq_200.dot 22500260922 0.069737765 5972841.46002626 5774853.875 0.007240836 5774853.875
2 eager_4000.dot 14754556884 15.281963673 76771113.81194 93350691.9541223 3.76735705800001 93350691.9541223
2 methylseq 6761426956 0.003252899 1080079.26295511 1080079.2625 0.000281114 1080079.2625
2 eager_200.dot 19100037384 0.109304828 10837862.727301 5859670.3875 0.02286106 5859670.3875
2 methylseq_20000.dot 8885797810 248.774686382 253514331.476196 1106527168.12876 100.939077058003 1106527168.12876
2 atacseq_25000.dot 2223941232 205.579598284 221763059.760698 193674335.415148 103.235855089001 193674335.415148
2 eager_20000.dot 25705994498 210.096754059 549938923.763185 1513855377.73019 168.227495137999 1513855377.73019
2 eager_25000.dot 19075314980 355.849256491001 550801162.775856 1166122998.84874 188.160449621 1166122998.84874
2 chipseq_15000.dot 5058052541 45.4362351760002 319546447.988861 296300759.610273 21.4963750089997 296300759.610273
2 chipseq_1000.dot 5058052541 0.586613834 18236284.5598377 15296150.5262551 0.123845083000001 15296150.5262551
2 atacseq_15000.dot 11809629756 44.5167556559998 335199591.534118 359193419.864356 23.1583229750002 359193419.864356
2 methylseq_2000.dot 8885797810 1.404026655 22364367.2499322 28941686.8707624 0.475851758999997 28941686.8707624
2 chipseq 41366257414 0.006334965 15295377.083095 14969039.9113469 0.000657781 14969039.9113469
2 methylseq_15000.dot 8885797810 129.061093903 189823660.479669 799091060.190736 50.1949230029985 799091060.190736
2 methylseq_30000.dot 17027257018 633.403074708998 1022031747.14217 4806709486.92115 279.057668130007 4806709486.92115
2 eager_2000.dot 19075314980 4.229857477 43248468.7150648 58659235.3976492 0.862753742000002 58659235.3976492
2 eager_2000.dot 19132169434 4.109804847 50099405.3502558 56161862.553649 1.01257696 56161862.553649
2 chipseq_20000.dot 4605965334 71.843206848 450686972.511028 418716432.472341 38.1521387340007 418716432.472341
2 atacseq_200.dot 11187378708 0.071599078 10472572.0506714 3045863.26944051 0.008145644 3045863.26944051
2 chipseq_15000.dot 3793245764 65.1505024380002 265490306.866346 260880292.494558 22.8399203839995 260880292.494558
2 atacseq_8000.dot 14091675276 9.890795898 294688477.007474 308844019.787286 4.69994341400004 308844019.787286
2 eager_10000.dot 19132169434 70.0931223880002 214232820.381113 327229857.818611 26.6819677420002 327229857.818611
2 methylseq_8000.dot 11897958606 33.792204242 131840813.540815 533602100.067412 10.6010068629998 533602100.067412
2 eager_15000.dot 25705994498 140.174025774999 436393350.260042 1124434523.05526 78.6063041780003 1124434523.05526
2 eager_1000.dot 19075314980 1.194878885 20100239.4336926 25466722.1143669 0.282695187000001 25466722.1143669
2 eager_30000.dot 25705994498 425.412325701 797919138.235473 2311862204.78461 248.906017471001 2311862204.78461
2 eager_10000.dot 25705994498 64.2125498270001 306736197.285469 474601247.703719 12.712095089 474601247.703719
2 chipseq_20000.dot 3793245764 90.8927932829999 371098465.892959 378000494.971283 36.8754922980006 378000494.971283
2 chipseq 5058052541 0.008082185 2097254.51057246 1935325.8375 0.000745164 1935325.8375
2 chipseq_30000.dot 41366257414 32.060259228 6437362986.77717 16150435970.7854 25.7995244840006 16150435970.7854
2 eager_8000.dot 14754556884 47.2691053320001 137039251.905156 247967946.825633 14.990816042 247967946.825633
2 chipseq_30000.dot 32978181418 25.599402555 5124280511.07385 10296210007.1691 32.4661937730001 10296210007.1691
2 methylseq_25000.dot 110641579976 451.482751232 13016958698.5261 68046519016.3999 209.829829873005 68046519016.3999
2 eager_10000.dot 14754556884 67.0540538679997 163265307.370898 348889517.011837 28.831394664 348889517.011837
2 eager_30000.dot 14754556884 623.899632376003 477165598.461545 1395723510.36392 266.085485486998 1395723510.36392
2 methylseq_8000.dot 6761426956 29.641989368 61078094.9932537 199594376.762554 10.6946147869997 199594376.762554
2 atacseq_10000.dot 11809629756 18.735504681 214008669.981828 220312523.465674 10.219657178 220312523.465674
2 eager_20000.dot 19132169434 229.177328968 435951846.998067 844523392.152971 138.990531280001 844523392.152971
2 eager_200.dot 19075314980 0.109422252 10994173.0020772 5845557 0.022761444 5845557
2 eager_20000.dot 14754556884 256.649069045001 320150763.607927 909746228.904063 118.977296831 909746228.904063
2 chipseq 4807293396 0.008117634 1709995.82503178 1590463.19791667 0.00075032 1590463.19791667
2 eager_15000.dot 8330435694 208.693128556 128125730.207885 217760008.709961 70.565548924001 217760008.709961
2 methylseq_10000.dot 6761426956 52.34217296 77372607.2193713 273999570.471217 16.6314774590002 273999570.471217
2 methylseq_1000.dot 22500260922 0.529199728 31948800.4100596 72168053.1779182 0.119987119 72168053.1779182
2 methylseq_8000.dot 22500260922 31.159451581 336837868.299853 1554819623.20818 9.06988404199993 1554819623.20818
2 methylseq_25000.dot 8885797810 456.646311424999 323020642.489914 1423895721.25648 176.886591842 1423895721.25648
2 atacseq_1000.dot 2223941232 0.552216743000001 8732700.57804291 5858376.13733822 0.10633416 5858376.13733822
2 atacseq_4000.dot 3908761308 5.240025011 50607766.1382553 32552902.6446952 1.695769523 32552902.6446952
2 chipseq_10000.dot 3793245764 31.055276547 169234367.025862 156616014.347744 10.754295732 156616014.347744
2 eager_1000.dot 19132169434 1.19199653 21386868.8444546 25504923.4243779 0.298121079999998 25504923.4243779
2 methylseq_20000.dot 17027257018 243.897379885999 651079799.319057 3146341985.84597 92.2659210630015 3146341985.84597
2 eager_8000.dot 25705994498 47.822641314 254930625.889651 486165379.738197 15.379028094 486165379.738197
2 methylseq_2000.dot 17027257018 1.373263691 47965953.2905951 167448178.306851 0.435889007999999 167448178.306851
2 methylseq_4000.dot 6761426956 5.88379431500001 30483104.2616821 50572468.419417 2.24602410399999 50572468.419417
2 chipseq_8000.dot 4807293396 19.248399656 136020713.86722 126779232.498348 6.28360654800001 126779232.498348
2 methylseq_20000.dot 6273818718 273.540252678001 153922889.317835 612076249.972438 109.255971929002 612076249.972438
2 eager_4000.dot 19100037384 17.664775071 92756142.5747616 117149527.283389 2.386323037 117149527.283389
2 methylseq_20000.dot 22500260922 257.994332502999 858942877.093794 4209185774.95267 99.4715078030013 4209185774.95267
2 eager_2000.dot 14754556884 4.102418503 39654964.6407372 31458203.983585 1.04342381 31458203.983585
2 atacseq_20000.dot 11187378708 84.4415551049996 471480395.023747 514331566.317796 47.2453969420006 514331566.317796
2 methylseq_4000.dot 22500260922 6.063125005 165099180.088197 699847350.849092 1.843210612 699847350.849092
2 atacseq_15000.dot 2223941232 71.3585911259999 126460007.509065 106283518.644722 26.4100848190001 106283518.644722
2 atacseq_8000.dot 2223941232 20.097106664 57897801.0736236 46698599.4985178 7.69263770499998 46698599.4985178
2 chipseq_200.dot 41366257414 0.063474393 32738688.8940924 32386748.809213 0.00735449699999999 32386748.809213
2 eager_200.dot 19132169434 0.108905415 11035887.3166527 5835768.0375 0.02274578 5835768.0375
2 chipseq_25000.dot 4807293396 134.251757457 493186023.422584 530265306.480018 71.8650245740011 530265306.480018
2 atacseq_4000.dot 2223941232 4.626484831 37727682.2975564 21879796.8794726 1.779488663 21879796.8794726
2 chipseq_10000.dot 41366257414 7.26547021900002 2188756085.08234 4915065616.72948 4.50421037299999 4915065616.72948
2 chipseq_4000.dot 4605965334 5.91589411200001 77344790.6051371 55215075.7014457 1.89726901 55215075.7014457
2 atacseq_10000.dot 2223941232 30.883308815 79323259.9332199 61233405.5749695 11.484978907 61233405.5749695
2 chipseq_25000.dot 3793245764 118.317231508 520673588.599429 508794243.019232 65.4709300320012 508794243.019232
2 methylseq_25000.dot 17027257018 407.911096387 813897000.473298 3977553610.9559 175.047256791003 3977553610.9559
2 eager_30000.dot 19132169434 449.797090017001 634081436.704695 1442695663.50591 251.292566320001 1442695663.50591
2 eager_2000.dot 8330435694 3.297478971 17017420.7025158 19801289.4647683 1.067502415 19801289.4647683
2 chipseq_30000.dot 5058052541 188.251173074 756256186.372629 735608184.120309 101.169117773 735608184.120309
2 methylseq_4000.dot 11897958606 8.299216931 57742575.9431033 205177210.218628 2.34138992199999 205177210.218628
2 chipseq_4000.dot 4807293396 5.616660046 66441997.4854898 52110367.4378578 1.82371923199999 52110367.4378578
2 eager_200.dot 14754556884 0.114622737 7099339.33924136 5825674.6375 0.023014514 5825674.6375
2 methylseq_15000.dot 22500260922 133.499469459 651794763.551784 3067773388.9635 44.9760445780001 3067773388.9635
2 chipseq_20000.dot 32978181418 13.108603913 3517294021.70548 6794611538.63756 12.8000169899997 6794611538.63756
2 methylseq_2000.dot 6273818718 1.434356008 13332138.1830236 16211197.4214415 0.475307664999997 16211197.4214415
2 methylseq_1000.dot 17027257018 0.506270364 24776869.7005203 23849558.1151126 0.128616882 23849558.1151126
2 eager_25000.dot 19100037384 356.678748152998 531295855.807078 1200483558.02454 189.990281351999 1200483558.02454
2 atacseq_2000.dot 2223941232 1.432832596 19260895.434313 10905280.4023294 0.411275931000001 10905280.4023294
2 methylseq_200.dot 6273818718 0.07183293 1974293.85027147 1973744.425 0.007244598 1973744.425
2 atacseq_8000.dot 11187378708 11.784722402 164012503.135117 160252640.307701 6.70221669999999 160252640.307701
2 methylseq 8885797810 0.003238584 1402989.43780563 1402989.4375 0.000273362 1402989.4375
2 methylseq_10000.dot 22500260922 50.6893695040002 427190865.785606 1984700618.28556 15.0100677939995 1984700618.28556
2 methylseq_1000.dot 6761426956 0.508946097 7647268.4454249 6424556.325 0.11776779 6424556.325
2 chipseq_2000.dot 3793245764 1.62374998 35119756.1197185 25804054.5641272 0.456208860999998 25804054.5641272
2 methylseq_25000.dot 22500260922 416.806584391002 1093578769.33831 5295770421.13671 173.898924220003 5295770421.13671
2 chipseq_30000.dot 3793245764 163.763316587 612336483.83734 635101605.325464 107.729699397 635101605.325464
2 methylseq_1000.dot 8885797810 0.526850052 11266410.2773154 13851220.4321968 0.113064598 13851220.4321968
2 eager 19132169434 0.031368022 3803936.71357785 5835768.0375 0.00658091 5835768.0375
2 methylseq_10000.dot 17027257018 49.2131964760001 313781827.264224 1446176815.29077 15.2569723980002 1446176815.29077
2 eager_200.dot 8330435694 0.115042614 4552517.4970252 3178859.14583333 0.022686825 3178859.14583333
2 chipseq_10000.dot 4807293396 29.1875221389999 170657779.009308 164506049.899562 9.51218881599998 164506049.899562
