algo_nr wf_name inp_size dur_alg1 ms_1 ms_perc dur_alg2 ms_2
3 atacseq_30000.dot 14091675276 2092.36588957999 1399429808.34256 1534585061.76634 2948.5550867269 1534585061.76634
3 chipseq_15000.dot 41366257414 357.341903632998 3243980571.78914 2841431825.99884 424.961407364017 2841431825.99884
3 methylseq_15000.dot 6761426956 494.169185312002 122161083.399012 158503951.299083 493.600923301008 158503951.299083
3 atacseq_15000.dot 3908761308 396.953021261003 209945078.472294 214084646.891395 447.302148317017 214084646.891395
3 eager 19075314980 0.039962947 6028002.67932539 5847654.8 0.006054629 5847654.8
3 eager_1000.dot 25705994498 1.501115288 44920137.5915575 49061739.2242811 0.243358890000001 49061739.2242811
3 eager_20000.dot 8330435694 1246.515066174 326490084.116717 186999638.080537 1336.06850514504 186999638.080537
3 eager_25000.dot 14754556884 1682.26005558699 655438436.066916 524299751.36403 2415.55692241294 524299751.36403
3 methylseq_1000.dot 110641579976 0.698581488 525624562.862395 633502677.225978 0.194424107000009 633502677.225978
3 chipseq_200.dot 5058052541 0.073395116 8728447.19274943 8165671.72779452 0.010493526 8165671.72779452
3 atacseq_30000.dot 11809629756 2277.656630859 737246426.90841 621386400.762769 3135.66322616598 621386400.762769
3 methylseq_1000.dot 6273818718 0.674996436 6871619.06026723 12604474.9116821 0.172133198000008 12604474.9116821
3 chipseq_4000.dot 41366257414 7.55758916399997 839389635.867551 758490206.46138 5.71451348900002 758490206.46138
3 atacseq_2000.dot 14091675276 2.38433647 68002450.887655 119477700.021544 0.904929017999995 119477700.021544
3 atacseq_1000.dot 11809629756 0.683412714999999 22507439.0599869 28686845.0872395 0.179102620000005 28686845.0872395
3 methylseq_200.dot 17027257018 0.075403041 4481860.78745457 6529909.51578803 0.010137631 6529909.51578803
3 methylseq_30000.dot 110641579976 3225.36930289001 16144838263.0465 18854411027.6607 2373.65389712903 18854411027.6607
3 methylseq_8000.dot 110641579976 70.2967264560001 4159813248.60411 5021614306.15606 56.9010558370034 5021614306.15606
3 methylseq_20000.dot 6761426956 972.653663938005 168216009.282912 206781966.620677 1012.19552954403 206781966.620677
3 atacseq_8000.dot 3908761308 62.5252868070001 95972554.6370523 117249431.228182 57.6907002250007 117249431.228182
3 methylseq_8000.dot 17027257018 71.3194194760001 246375489.919233 173465891.12736 78.3218354450011 173465891.12736
3 atacseq_10000.dot 14091675276 119.368617279 387494317.283407 524147979.970672 157.643311702004 524147979.970672
3 atacseq_20000.dot 11809629756 735.061633505996 488384225.742743 399203788.060845 879.36454275105 399203788.060845
3 atacseq_30000.dot 3908761308 2474.34020298602 443876629.395857 419915672.506944 2774.64157728204 419915672.506944
3 eager_2000.dot 25705994498 5.656223205 83005003.6772204 84175855.6223968 1.14856860400001 84175855.6223968
3 eager_1000.dot 14754556884 1.38401757 27957623.329021 29037148.952383 0.233645411999999 29037148.952383
3 atacseq_30000.dot 11187378708 2070.52116309299 789332870.006753 654769118.547925 2515.7946835869 654769118.547925
3 methylseq_10000.dot 8885797810 168.950055167 120665834.71419 185823781.094697 188.631226133006 185823781.094697
3 atacseq_4000.dot 11809629756 9.356870756 77837246.6325686 91791011.2480487 5.46263230899998 91791011.2480487
3 atacseq_1000.dot 14091675276 0.716538723 38615821.3070453 64271074.8598246 0.173480538000006 64271074.8598246
3 methylseq_4000.dot 6273818718 12.040112365 27671856.5813401 43483667.8116821 6.72088414000003 43483667.8116821
3 chipseq_1000.dot 4605965334 0.751847728999999 16901778.1420753 24239267.4124756 0.166201189000006 24239267.4124756
3 atacseq_200.dot 11809629756 0.077115292 10356961.7347323 11947346.5488134 0.012310592 11947346.5488134
3 eager_8000.dot 19075314980 91.371751169 253288332.267603 288211518.461789 98.0416318380009 288211518.461789
3 methylseq_10000.dot 110641579976 144.412644014999 5208857169.74597 6274531593.48447 135.266589687996 6274531593.48447
3 methylseq_2000.dot 22500260922 2.274457951 71930834.290557 62494969.3724142 0.912618221999994 62494969.3724142
3 chipseq_200.dot 32978181418 0.06907114 25513264.4254655 26030361.0625 0.010155653 26030361.0625
3 chipseq_2000.dot 4605965334 2.60286547500001 31169977.2751524 43955474.761719 0.889164588999992 43955474.761719
3 methylseq_30000.dot 8885797810 3411.14092849002 387972481.159946 531257504.111065 3185.9751392319 531257504.111065
3 eager_20000.dot 19075314980 1039.144117144 675530716.278109 914702223.981375 1233.70989393405 914702223.981375
3 atacseq_8000.dot 11809629756 51.8669259630003 163555648.814595 170062721.374729 55.6335351740035 170062721.374729
3 eager_30000.dot 19100037384 2518.82122007197 791838720.880083 1020171910.46685 3489.44758157191 1020171910.46685
3 chipseq_200.dot 4807293396 0.072594243 6930380.69638867 6785766.43040064 0.010228323 6785766.43040064
3 chipseq_200.dot 3793245764 0.073119919 6633916.57190154 7016212.47660934 0.010142318 7016212.47660934
3 eager_8000.dot 19132169434 103.949597885001 265742664.638712 386676185.226468 101.421230542 386676185.226468
3 atacseq_10000.dot 11187378708 97.0249047139998 201653604.433862 223544459.321519 129.956989263006 223544459.321519
3 chipseq_20000.dot 4807293396 801.456397205 410316260.90635 371950856.407766 924.402691118033 371950856.407766
3 chipseq_10000.dot 5058052541 118.484683108 179642312.360176 189817277.012896 149.625517264005 189817277.012896
3 atacseq_4000.dot 11187378708 9.34138711299997 80136544.7672889 102031121.458971 5.72410577500005 102031121.458971
3 chipseq_4000.dot 32978181418 7.515248542 657627384.882595 352210886.666667 5.618118345 352210886.666667
3 eager_4000.dot 19075314980 24.34989714 138104119.407555 133698597.118154 8.48391202500006 133698597.118154
3 methylseq_4000.dot 17027257018 11.123493135 115840370.610951 87145055.0845599 7.10814061300007 87145055.0845599
3 chipseq_1000.dot 41366257414 0.674580290000001 204821047.874981 184272372.444689 0.168868381000006 184272372.444689
3 atacseq_10000.dot 3908761308 123.300715455 136837702.745682 139593597.845933 144.769295326006 139593597.845933
3 eager_1000.dot 19100037384 1.462917274 31546960.3039968 36396007.1518082 0.242595054000001 36396007.1518082
3 eager_25000.dot 25705994498 1493.49395307499 939953109.969122 851957743.172138 2357.89947457997 851957743.172138
3 chipseq_25000.dot 41366257414 1201.357204057 5361816183.48938 4675234926.65424 1632.12818009704 4675234926.65424
3 methylseq_15000.dot 11897958606 527.538282506 255996218.307823 331682236.39599 498.077005542 331682236.39599
3 atacseq_30000.dot 2223941232 2389.64760319001 269964190.771474 235917023.336053 2731.46628037998 235917023.336053
3 methylseq_1000.dot 11897958606 0.680919397 15687527.738301 23929033.3316935 0.168382410000004 23929033.3316935
3 atacseq_2000.dot 3908761308 2.483644591 23001754.6612863 31671131.5033621 0.898041625999987 31671131.5033621
3 methylseq 11897958606 0.003245246 1840827.90637788 1843325.45 0.00038138 1843325.45
3 chipseq_25000.dot 5058052541 1322.71412386898 567025911.584246 456903877.806301 1830.35790952605 456903877.806301
3 methylseq_15000.dot 110641579976 454.645858080002 7811810665.58825 9137842481.2209 440.861189992984 9137842481.2209
3 methylseq_15000.dot 17027257018 471.065071177 484607025.835043 311615984.460694 492.869357338004 311615984.460694
3 eager 14754556884 0.040980306 5995627.17842252 5829644.0875 0.005977433 5829644.0875
3 chipseq_2000.dot 32978181418 1.990140382 316278647.281134 182543980.8125 0.878555554999993 182543980.8125
3 eager_2000.dot 19100037384 6.20979235199999 63262545.3392859 80461551.4762014 1.146036139 80461551.4762014
3 atacseq_20000.dot 14091675276 734.778864096003 870427810.794904 1023364211.7325 879.963050746028 1023364211.7325
3 atacseq_20000.dot 2223941232 849.704517414997 175557545.764137 156635927.511234 881.788874638042 156635927.511234
3 chipseq_2000.dot 5058052541 2.657099346 31493253.774068 44357780.0055623 1.11196046199999 44357780.0055623
3 methylseq_20000.dot 11897958606 1003.89918971901 346723711.642243 445686536.131693 1028.47607010902 445686536.131693
3 atacseq_25000.dot 14091675276 1245.857647274 1133718813.03382 1286792191.68921 1696.81319116006 1286792191.68921
3 atacseq_4000.dot 14091675276 9.08830828199997 137343996.288092 213698474.464157 5.38152824600003 213698474.464157
3 eager_200.dot 25705994498 0.150376445 16566775.5891632 14335063.5565799 0.021127375 14335063.5565799
3 chipseq_15000.dot 4605965334 403.473950192998 310227222.319166 321052748.649692 456.307876071015 321052748.649692
3 atacseq_15000.dot 14091675276 358.966768749 625823686.679843 780923000.045796 448.642456293018 780923000.045796
3 methylseq_200.dot 110641579976 0.079542065 106218941.130666 120669191.64502 0.010067402 120669191.64502
3 methylseq 6273818718 0.003386675 992084.523241888 994094.7125 0.000399228 994094.7125
3 atacseq_15000.dot 11187378708 381.653864599998 328309432.317076 348007345.530095 438.27576252501 348007345.530095
3 eager 25705994498 0.040937486 7897373.31847248 7656140.28125 0.006110101 7656140.28125
3 methylseq_4000.dot 8885797810 11.243376398 43263071.4577773 78403248.0048155 6.30264190400006 78403248.0048155
3 methylseq_20000.dot 110641579976 925.681058149008 10768362461.0875 11236352636.9666 895.443611678004 11236352636.9666
3 chipseq_2000.dot 41366257414 1.930707907 410931393.86285 379504721.382015 0.867668959999992 379504721.382015
3 chipseq_15000.dot 32978181418 353.047919314998 2605607025.06738 1304335406.8125 428.280422044006 1304335406.8125
3 chipseq_8000.dot 5058052541 64.4330390769997 132086068.348753 151073914.773712 64.6397138030043 151073914.773712
3 methylseq_8000.dot 8885797810 75.6482451830001 93971553.6880061 151228185.105695 80.3874491230057 151228185.105695
3 chipseq_8000.dot 41366257414 45.2834811189999 1741012164.4753 1563639757.2587 59.4675446730002 1563639757.2587
3 methylseq_8000.dot 6273818718 77.6382104869998 56144523.5267954 84878177.1787473 75.5512172690067 84878177.1787473
3 eager_15000.dot 19100037384 514.081603204998 466573070.015192 646937792.481536 578.069977817013 646937792.481536
3 chipseq_30000.dot 4807293396 2275.465674957 658219314.343366 533178836.524951 3219.50331041077 533178836.524951
3 methylseq_30000.dot 6761426956 3569.67627097199 258898754.206294 306487889.461878 3154.80834615023 306487889.461878
3 chipseq_1000.dot 32978181418 0.664877271 160401750.209388 91354853.75 0.173002777000005 91354853.75
3 chipseq_30000.dot 4605965334 2252.586409831 739937200.270846 622144332.524341 3016.313638644 622144332.524341
3 methylseq_10000.dot 6273818718 192.830190485 70656772.1463539 105572802.111314 177.583193405008 105572802.111314
3 methylseq_25000.dot 6761426956 1756.32470157201 211735981.954038 256938877.154011 2113.74329627404 256938877.154011
3 chipseq_10000.dot 4605965334 125.852704171 180315875.507447 208808335.392665 161.794234427004 208808335.392665
3 methylseq 22500260922 0.003196045 2895695.08249014 2898307.98958333 0.000382152 2898307.98958333
3 methylseq 110641579976 0.003225751 15084217.9289289 15085826.9665872 0.000361461 15085826.9665872
3 eager_25000.dot 8330435694 2223.41030655898 381234632.368256 235665589.645791 2409.61703098287 235665589.645791
3 chipseq_20000.dot 41366257414 720.994662073003 4323532537.97893 3924951163.40475 856.869404107044 3924951163.40475
3 chipseq_20000.dot 5058052541 770.223753751996 445828607.047613 366510615.053773 890.554645669047 366510615.053773
3 chipseq_8000.dot 32978181418 44.1777491560003 1355342380.33393 704256046.645832 57.9191422539965 704256046.645832
3 atacseq_25000.dot 11187378708 1322.59090068799 640693025.301312 554155555.771161 1762.66505275407 554155555.771161
3 atacseq_25000.dot 3908761308 1435.46911657902 353522297.157555 352473888.417417 1803.70922592008 352473888.417417
3 chipseq_4000.dot 5058052541 11.934420221 59407783.9673789 78255305.0734621 5.68698604600009 78255305.0734621
3 eager 8330435694 0.041798006 3266279.58513684 3181636.07892229 0.005794858 3181636.07892229
3 eager_15000.dot 14754556884 502.611873771002 386411739.470696 315005646.709761 565.678963459017 315005646.709761
3 chipseq_15000.dot 4807293396 390.111897634998 293930222.578278 288841573.824052 461.734954181024 288841573.824052
3 eager_4000.dot 25705994498 19.837901776 193433267.728471 149065590.151501 7.661402575 149065590.151501
3 eager_8000.dot 19100037384 93.9011817729998 261409295.592489 305166604.07523 104.188372514998 305166604.07523
3 methylseq_4000.dot 110641579976 10.652878498 2149203545.49626 2518919903.62658 5.60847266600007 2518919903.62658
3 atacseq_200.dot 14091675276 0.079953833 16244411.3325924 22395021.6197537 0.012134933 22395021.6197537
3 chipseq_25000.dot 32978181418 1162.69627703499 4359680581.62021 2178203117.08337 1626.82415275505 2178203117.08337
3 eager_10000.dot 19100037384 193.292842362 319845660.400691 321401846.887867 219.823411235002 321401846.887867
3 methylseq_30000.dot 11897958606 3969.23500800898 524442446.739639 663348002.262656 2848.80855702796 663348002.262656
3 atacseq_25000.dot 11809629756 1308.28288997899 630759097.797801 522971794.554451 1709.50261427006 522971794.554451
3 eager_30000.dot 19075314980 2887.42724408099 903279541.783529 1325937148.63011 3723.700049638 1325937148.63011
3 methylseq_25000.dot 11897958606 1748.35195395499 438660515.719105 555006543.131693 2086.91735942593 555006543.131693
3 eager_15000.dot 19132169434 524.951738436999 477726775.050257 472141274.608398 592.300554961991 472141274.608398
3 methylseq_30000.dot 22500260922 3408.95278914798 1288986916.95028 820409079.517752 2509.84651100491 820409079.517752
3 atacseq_2000.dot 11187378708 2.172681919 38125907.8346804 54535334.0419284 0.971298702999988 54535334.0419284
3 methylseq_10000.dot 11897958606 162.492726584 169112912.072717 221759302.831694 176.636227065003 221759302.831694
3 chipseq_25000.dot 4605965334 1313.05844998299 584472206.744641 513225631.889031 1805.18531300908 513225631.889031
3 methylseq_30000.dot 6273818718 3529.07583555201 235866402.490001 281120637.531922 3223.45017281992 281120637.531922
3 eager_30000.dot 8330435694 3881.89364927898 452276000.092937 276628406.611087 3613.83975439592 276628406.611087
3 chipseq_200.dot 4605965334 0.070610828 7256108.07802325 7393445.74096446 0.00998230999999999 7393445.74096446
3 methylseq_15000.dot 6273818718 528.005670788003 112448005.255409 147717797.178747 495.987099418006 147717797.178747
3 methylseq_2000.dot 11897958606 2.176030264 30480682.4313782 47192085.2276082 0.888308009999996 47192085.2276082
3 atacseq_200.dot 3908761308 0.077339755 5229572.21805249 6397336.46724024 0.012797113 6397336.46724024
3 eager_8000.dot 8330435694 142.053751275 133380876.428756 77787047.7732967 100.944710952 77787047.7732967
3 atacseq_200.dot 2223941232 0.083032701 3593981.45169041 3814953.79330961 0.01279061 3814953.79330961
3 chipseq_2000.dot 4807293396 2.711926013 28756334.5162944 40989393.0142151 0.904246154999992 40989393.0142151
3 eager_20000.dot 19100037384 1052.669605946 654238261.573246 679937041.876493 1218.02947075303 679937041.876493
3 eager_10000.dot 19075314980 188.935101864 313333831.95393 338736733.602126 216.426192242002 338736733.602126
3 methylseq_25000.dot 6273818718 1623.48094317 195634574.435715 239266427.811314 1948.82392584906 239266427.811314
3 eager_10000.dot 8330435694 229.551003476 179654976.209041 97539309.7082623 218.703963369001 97539309.7082623
3 methylseq_200.dot 8885797810 0.077075712 2796461.59454742 3972989.33096548 0.010307043 3972989.33096548
3 chipseq 32978181418 0.006829759 12765192.0105795 12932317.1875 0.000971119 12932317.1875
3 methylseq_2000.dot 6761426956 2.346988276 14554825.8204331 28906490.1540108 0.865252195999988 28906490.1540108
3 atacseq_20000.dot 3908761308 836.432556414993 274919431.72711 284628358.527909 864.698750730042 284628358.527909
3 atacseq_1000.dot 11187378708 0.664117377 23618552.6390534 32443892.6169986 0.167921724000004 32443892.6169986
3 eager 19100037384 0.039958156 6045850.80324322 5861817.65 0.00606864 5861817.65
3 chipseq_10000.dot 32978181418 84.6034151790004 1724946426.71617 873867710.270828 138.951872248006 873867710.270828
3 methylseq_2000.dot 110641579976 2.369699203 1076496600.78838 1251919527.48537 0.914420698999999 1251919527.48537
3 chipseq_8000.dot 3793245764 69.8560234239998 121177418.192432 144113909.098216 66.6154941990049 144113909.098216
3 eager_25000.dot 19132169434 1664.97299823499 810926302.282405 960895674.675637 2428.87125140994 960895674.675637
3 eager_4000.dot 19132169434 21.657986678 121338214.826372 170785973.532107 8.11710616399999 170785973.532107
3 chipseq_1000.dot 4807293396 0.839980271999999 16212066.4047064 20779752.2907013 0.170590197000005 20779752.2907013
3 eager_15000.dot 19075314980 537.146567198005 475313272.282342 651243662.111588 576.959801870017 651243662.111588
3 methylseq_200.dot 6761426956 0.077137434 2150123.06903523 3055445.33438345 0.010271408 3055445.33438345
3 methylseq 17027257018 0.003295729 2175902.43674387 2179186.75 0.000384616 2179186.75
3 eager_1000.dot 8330435694 1.290984526 14409564.3710128 14081668.332638 0.236215686000001 14081668.332638
3 chipseq_4000.dot 3793245764 11.86831999 55139730.9949649 72811843.1356396 5.488870168 72811843.1356396
3 methylseq_200.dot 11897958606 0.076362793 3670925.03182741 5215363.48654525 0.010243382 5215363.48654525
3 atacseq_1000.dot 3908761308 0.716159621000001 13322505.7859085 17169239.8459806 0.171099485000006 17169239.8459806
3 chipseq_1000.dot 3793245764 0.746854156 15563079.9476932 22193381.3449343 0.167073147000007 22193381.3449343
3 atacseq_2000.dot 11809629756 2.331791378 35745802.318017 46407748.8929333 0.912861411999991 46407748.8929333
3 eager_4000.dot 8330435694 25.63151514 63749382.9561564 41045373.5978235 7.64891411600004 41045373.5978235
3 methylseq_200.dot 22500260922 0.075316402 5973061.89114643 8688761.78285559 0.010247008 8688761.78285559
3 eager_4000.dot 14754556884 25.2159951139999 135945826.573182 92352810.411627 7.6590867880001 92352810.411627
3 methylseq 6761426956 0.003371603 1080338.88563159 1082623.6 0.00038241 1082623.6
3 eager_200.dot 19100037384 0.143947688 15815393.391808 13128046.0639618 0.021482368 13128046.0639618
3 methylseq_20000.dot 8885797810 978.980503200998 253534983.259433 356507403.510229 1086.13021834704 356507403.510229
3 atacseq_25000.dot 2223941232 1412.62559199298 223111496.909196 194883231.495291 1771.60898597005 194883231.495291
3 eager_20000.dot 25705994498 929.445335019002 817928728.316065 693644094.870775 1185.87540705001 693644094.870775
3 eager_25000.dot 19075314980 1494.467992149 692852305.341309 901619239.375606 2391.38532492592 901619239.375606
3 chipseq_15000.dot 5058052541 392.421335501999 324775807.378684 279533975.566945 462.90816315401 279533975.566945
3 chipseq_1000.dot 5058052541 0.744835432 18135957.520078 24216462.8790007 0.168376916000007 24216462.8790007
3 atacseq_15000.dot 11809629756 358.673941199999 333348861.484677 329163625.87379 444.795760421016 329163625.87379
3 methylseq_2000.dot 8885797810 2.303872811 22394261.6160718 41677375.8946968 0.909404531999989 41677375.8946968
3 chipseq 41366257414 0.007327255 15948939.9214435 17968980.7107727 0.000944244 17968980.7107727
3 methylseq_15000.dot 8885797810 489.837703198998 189851081.411114 271592195.404815 530.673873666993 271592195.404815
3 methylseq_30000.dot 17027257018 3348.96340705202 1022200449.05276 612309935.038385 2591.96581347893 612309935.038385
3 eager_2000.dot 19075314980 5.9885738 60507464.305607 80357717.1403172 1.139296591 80357717.1403172
3 eager_2000.dot 19132169434 5.55214470100001 59428289.4345287 77340956.5300726 1.182458374 77340956.5300726
3 chipseq_20000.dot 4605965334 803.972985161003 455930320.638305 410976665.619155 890.892085098041 410976665.619155
3 atacseq_200.dot 11187378708 0.078795731 10482917.6354193 13195542.5752867 0.012855946 13195542.5752867
3 chipseq_15000.dot 3793245764 408.549134741001 256836150.356834 265775674.282913 452.346617223017 265775674.282913
3 atacseq_8000.dot 14091675276 52.3674207860002 289114236.884789 422497287.977988 63.0720293140046 422497287.977988
3 eager_10000.dot 19132169434 184.638723235 317305266.755246 496892831.631082 220.895025664001 496892831.631082
3 methylseq_8000.dot 11897958606 77.238737554 131840818.652439 180151195.831694 79.3718927460014 180151195.831694
3 eager_15000.dot 25705994498 481.677307055003 607486529.226621 506382163.210526 582.550591896008 506382163.210526
3 eager_1000.dot 19075314980 1.5194338 33602201.1364384 39788751.8273731 0.229540629999998 39788751.8273731
3 eager_30000.dot 25705994498 2704.864161717 1087311625.99866 986452988.043434 3606.54280098388 986452988.043434
3 eager_10000.dot 25705994498 153.32060859 425443464.803648 353556535.085949 209.369563148001 353556535.085949
3 chipseq_20000.dot 3793245764 847.886395953002 378557628.548052 360325037.300146 931.392576766052 360325037.300146
3 chipseq 5058052541 0.007211146 2093255.20537535 2464160.5375 0.001062694 2464160.5375
3 chipseq_30000.dot 41366257414 1915.849846722 6421118862.14089 5734198519.16471 2878.50058564413 5734198519.16471
3 eager_8000.dot 14754556884 90.5688616919998 211204301.610398 171620214.195848 106.25893748 171620214.195848
3 chipseq_30000.dot 32978181418 1840.013132597 5264019096.64575 2608615571.39583 2841.41356220603 2608615571.39583
3 methylseq_25000.dot 110641579976 1659.32782469301 13016958701.23 15717004490.73 1761.57157123209 15717004490.73
3 eager_10000.dot 14754556884 157.510718172 268864861.18902 212537192.52928 198.753910282001 212537192.52928
3 eager_30000.dot 14754556884 3319.74882878202 813107886.126338 627747919.272786 3618.72803899402 627747919.272786
3 methylseq_8000.dot 6761426956 74.6661867239999 60189175.7028448 92380823.4206774 82.916850639002 92380823.4206774
3 atacseq_10000.dot 11809629756 103.293327675 213408628.102055 211645277.870181 141.546228691006 211645277.870181
3 eager_20000.dot 19132169434 1022.369643867 636150276.723452 721789349.647551 1269.68563049303 721789349.647551
3 eager_200.dot 19075314980 0.147801239 15802924.6169289 10847034.9321295 0.021474509 10847034.9321295
3 eager_20000.dot 14754556884 956.130464248998 493993797.872657 419523732.814836 1176.84398313701 419523732.814836
3 chipseq 4807293396 0.007831784 1749741.41289667 2019466.88541667 0.001067377 2019466.88541667
3 eager_15000.dot 8330435694 643.015517809995 249361324.699899 140774569.71522 569.783712229003 140774569.71522
3 methylseq_10000.dot 6761426956 166.108001092001 77398317.5621835 112319079.407637 184.916268062008 112319079.407637
3 methylseq_1000.dot 22500260922 0.677963261 31948800.394966 31878771.2446502 0.168846589000004 31878771.2446502
3 methylseq_8000.dot 22500260922 72.860005692 337080511.484986 231465287.816859 79.9962772530006 231465287.816859
3 methylseq_25000.dot 8885797810 1795.110111014 323086967.64185 444026005.394696 2099.14472359204 444026005.394696
3 atacseq_1000.dot 2223941232 0.755792599999999 8977367.48156212 10122247.2229278 0.170683097000006 10122247.2229278
3 atacseq_4000.dot 3908761308 10.769945082 42107745.9028195 59734922.2512722 5.80919852400005 59734922.2512722
3 chipseq_10000.dot 3793245764 129.46730206 153681168.938243 179335951.804225 148.278295302001 179335951.804225
3 eager_1000.dot 19132169434 1.370551343 28746152.5081925 40898142.6844612 0.233812528000001 40898142.6844612
3 methylseq_20000.dot 17027257018 995.684611394004 651092143.586766 409830581.135417 1058.40117357205 409830581.135417
3 eager_8000.dot 25705994498 94.06288648 348342981.867749 277166154.291153 111.116437925001 277166154.291153
3 methylseq_2000.dot 17027257018 2.263954638 48141965.2429307 46833558.6829158 0.905336933000014 46833558.6829158
3 methylseq_4000.dot 6761426956 11.585580143 30483363.8822917 48793539.2065244 5.94951481000006 48793539.2065244
3 chipseq_8000.dot 4807293396 67.1828642940001 114117423.774923 149917452.431314 67.2494641460051 149917452.431314
3 methylseq_20000.dot 6273818718 1013.910813702 153846710.419942 191763474.378747 1119.86749770805 191763474.378747
3 eager_4000.dot 19100037384 22.179778183 118443422.908865 133316426.928889 7.66298979999998 133316426.928889
3 methylseq_20000.dot 22500260922 967.528583513998 858292054.536077 554035528.816859 1037.28713880104 554035528.816859
3 eager_2000.dot 14754556884 5.292297409 56379047.3332908 51088021.5154344 1.12787521499999 51088021.5154344
3 atacseq_20000.dot 11187378708 741.197291493994 478864786.614511 452509768.09673 879.123551393034 452509768.09673
3 methylseq_4000.dot 22500260922 11.352655389 165141135.868015 114367439.741948 6.46935010700009 114367439.741948
3 atacseq_15000.dot 2223941232 410.132830748001 120178186.288462 119594772.692286 451.797278300018 119594772.692286
3 atacseq_8000.dot 2223941232 61.6195582190002 56316409.3773573 64580258.0476147 58.2330843340035 64580258.0476147
3 chipseq_200.dot 41366257414 0.069583938 30761285.2885944 35651189.4793538 0.010190643 35651189.4793538
3 eager_200.dot 19132169434 0.148459111 15771672.4075899 10848493.1641458 0.021265688 10848493.1641458
3 chipseq_25000.dot 4807293396 1319.422837977 517824527.88253 450317583.364127 1802.83105399207 450317583.364127
3 atacseq_4000.dot 2223941232 11.034508571 28956805.9421329 33710921.9975935 5.94575448400013 33710921.9975935
3 chipseq_10000.dot 41366257414 91.7547643389996 2188791001.69037 1864851697.40633 129.64853138 1864851697.40633
3 chipseq_4000.dot 4605965334 12.213115384 58797490.6822285 84931536.99087 5.77395690500001 84931536.99087
3 atacseq_10000.dot 2223941232 131.162139001 68933540.5564712 78765785.0802333 152.545370619006 78765785.0802333
3 chipseq_25000.dot 3793245764 1358.64249584 540865549.481604 444465687.760321 1830.90827605506 444465687.760321
3 methylseq_25000.dot 17027257018 1615.792964824 814159412.139706 511664683.969198 2040.99555305207 511664683.969198
3 eager_30000.dot 19132169434 2960.76651790298 960718690.105624 1038298318.97648 2845.91375506792 1038298318.97648
3 eager_2000.dot 8330435694 5.133140754 30391164.0464773 23628747.5210042 1.17168903699999 23628747.5210042
3 chipseq_30000.dot 5058052541 2252.90428583901 761568734.517847 555724039.310528 3116.88721496302 555724039.310528
3 methylseq_4000.dot 11897958606 15.532959499 57742865.7095093 88459409.5100372 6.37623403000009 88459409.5100372
3 chipseq_4000.dot 4807293396 12.258432686 50867712.2905632 75852190.3352165 5.77199035300005 75852190.3352165
3 eager_200.dot 14754556884 0.148601965 10522320.873169 7654028.13494218 0.020549209 7654028.13494218
3 methylseq_15000.dot 22500260922 491.028412956999 651795231.748661 417550431.145835 522.151097237028 417550431.145835
3 chipseq_20000.dot 32978181418 692.451434892998 3419889406.78905 1747624936.08336 818.259151392041 1747624936.08336
3 methylseq_2000.dot 6273818718 2.41418706 13332347.3432939 22228997.5652561 0.931689218999991 22228997.5652561
3 methylseq_1000.dot 17027257018 0.669224809 23737829.0515377 23967766.1398531 0.175423558000005 23967766.1398531
3 eager_25000.dot 19100037384 1625.37498681899 742685479.529251 888392015.836897 2437.63709173793 888392015.836897
3 chipseq_8000.dot 4605965334 66.739841153 134197922.636406 164640511.124987 67.0335525280024 164640511.124987
3 atacseq_2000.dot 2223941232 2.381988867 15594494.9256472 18046481.1428436 0.952727102999994 18046481.1428436
3 methylseq_200.dot 6273818718 0.076614342 1974492.38900274 2810055.01168208 0.010238577 2810055.01168208
3 atacseq_8000.dot 11187378708 54.25545376 163472704.435612 177505179.108626 58.7472076280003 177505179.108626
3 methylseq 8885797810 0.003253437 1403217.83435457 1404687.375 0.000381921 1404687.375
3 methylseq_10000.dot 22500260922 149.116757769999 425161227.306915 283985350.008152 170.380411611007 283985350.008152
3 methylseq_1000.dot 6761426956 0.663440652999999 7647268.44718696 16402048.2076368 0.172958995000007 16402048.2076368
3 chipseq_2000.dot 3793245764 2.55894894 28532891.4654829 39563488.9730017 0.865773405999993 39563488.9730017
3 methylseq_25000.dot 22500260922 1644.15878056902 1090295080.53275 685601314.342643 1945.49096945406 685601314.342643
3 chipseq_30000.dot 3793245764 2245.22292474397 626758516.538985 531200836.12926 2579.18951651 531200836.12926
3 methylseq_1000.dot 8885797810 0.683916054999999 10567726.6061998 18841513.0511436 0.173091213000006 18841513.0511436
3 eager 19132169434 0.039740054 6022411.92186504 5837995.45 0.005976362 5837995.45
3 methylseq_10000.dot 17027257018 164.553155428999 313782368.312206 210183260.476033 185.282990402006 210183260.476033
3 eager_200.dot 8330435694 0.153571337 6421387.03730366 4868493.10871742 0.020942154 4868493.10871742
3 chipseq_10000.dot 4807293396 114.702361311 168529582.947348 191052671.272608 156.3394975 191052671.272608
