algo_nr wf_name inp_size dur_alg1 ms_1 ms_perc dur_alg2 ms_2
0 atacseq_30000.dot 14091675276 152.545331285 1403541923.27178 388300603.969457 650.610801871989 8238887551.36812
0 chipseq_15000.dot 41366257414 11.202174536 3249848762.05136 1263089734.15046 66.0633076020064 8907071386.75881
0 methylseq_15000.dot 6761426956 200.553443127 122133580.833271 88224731.8889472 211.150309196011 312464895.775173
0 atacseq_15000.dot 3908761308 69.7891635590002 211939712.102668 73881829.5336187 64.3720914870058 3081277489.53357
0 eager 19075314980 0.006368307 3190310.825 5845557 0.009182368 5845557
0 eager_1000.dot 25705994498 0.262062188 23968581.8674124 16129996.769771 0.424030634999997 52999882.0318582
0 eager_20000.dot 8330435694 58.2603992709999 152059769.644675 69415557.5552537 687.846848836984 1459965051.02907
0 eager_25000.dot 14754556884 47.6393175980001 332882329.001647 160367844.254937 1286.70318199193 2475120558.05168
0 methylseq_1000.dot 110641579976 0.545568264 525624560.158467 230390098.127674 0.245095531999996 615165215.26906
0 chipseq_200.dot 5058052541 0.089357757 8517631.66614579 2227050.69557641 0.011426277 47405578.9209079
0 atacseq_30000.dot 11809629756 198.262295592999 735994804.197714 187035371.868077 792.142576765958 6218343704.89015
0 methylseq_1000.dot 6273818718 0.521386732 6840827.97276714 5338992.625 0.205295263999997 5338992.625
0 atacseq_2000.dot 14091675276 1.447088858 66010996.7829647 26261370.0360302 0.573542599999993 500944495.2188
0 atacseq_1000.dot 11809629756 0.511045585 25561170.8994304 6823525.2532917 0.146347387 102952338.327712
0 methylseq_200.dot 17027257018 0.070015179 4481533.55944585 4333640.68610377 0.012866255 4333640.68610377
0 methylseq_30000.dot 110641579976 1389.071388022 16144838260.3426 6867796913.71708 1450.35624749313 21927884453.9316
0 methylseq_8000.dot 110641579976 38.0071099060001 4159813245.90018 1832701450.92258 59.1403359319995 5705197773.08736
0 methylseq_20000.dot 6761426956 490.877256352999 168182571.482858 115709378.115991 420.338111605967 405901354.339295
0 atacseq_8000.dot 3908761308 21.927430597 106352505.188353 39733714.2315039 13.4710203359999 1296053775.19347
0 methylseq_8000.dot 17027257018 38.398360152 246374948.8693 119712680.581613 49.3056729650002 585485552.654223
0 atacseq_10000.dot 14091675276 15.571175054 387957076.233313 126277186.062748 19.9955085539989 2712692756.72427
0 atacseq_20000.dot 11809629756 84.221454417 484881482.647423 123083942.756543 127.267586142016 4207167661.20798
0 atacseq_30000.dot 3908761308 443.378690428999 436394482.11154 148873233.511057 900.165277250031 6850301515.47165
0 eager_2000.dot 25705994498 0.760900312 52450807.7021635 28513868.6877572 1.67286044700003 150560609.188551
0 eager_1000.dot 14754556884 0.220989005 18356397.521163 9660965.87500747 0.343070758999996 78802198.8703059
0 atacseq_30000.dot 11187378708 200.011302952 731050454.977032 214393591.149962 782.786085566002 6358158110.90853
0 methylseq_10000.dot 8885797810 55.3784486160001 120665604.68412 78467387.3463197 29.3703525490013 318323521.335473
0 atacseq_4000.dot 11809629756 3.867024603 78039847.4184424 24281853.4223535 2.39544393400001 692260242.199321
0 atacseq_1000.dot 14091675276 0.535035794 38359080.4693571 14563429.6261441 0.15744168 171933792.302104
0 methylseq_4000.dot 6273818718 5.815423343 27645813.4244956 21283379.2311596 3.72981431499991 63331223.6258652
0 chipseq_1000.dot 4605965334 0.569639764 17425366.9978004 7462852.86671953 0.179141035999999 253023161.081703
0 atacseq_200.dot 11809629756 0.072106844 10356372.2169634 2805887.93495372 0.01360787 2805887.93495372
0 eager_8000.dot 19075314980 7.19336556400001 177040259.466604 53901878.7753536 36.5038692790029 947048430.331767
0 methylseq_10000.dot 110641579976 50.4324639009999 5208857167.04205 2300386711.73537 30.2055586710001 7453562130.85513
0 methylseq_2000.dot 22500260922 1.446353459 71930834.2856725 41813142.5459404 0.728853665999991 153031968.661627
0 chipseq_200.dot 32978181418 0.064123456 22114705.482123 21215959.338316 0.012025237 21314526.397329
0 chipseq_2000.dot 4605965334 1.662546704 35957503.9600435 14874117.3608638 0.659829558999992 486007122.411152
0 methylseq_30000.dot 8885797810 1281.81673079501 387923801.717457 233647555.486653 1164.31623048104 968913077.364464
0 eager_20000.dot 19075314980 33.5693881780001 425871600.820455 132852121.772482 664.209637214027 2300049233.23755
0 atacseq_8000.dot 11809629756 11.500184555 166100938.685363 48565506.2239352 11.5489102259996 1656299283.97403
0 eager_30000.dot 19100037384 59.4204719240001 567345357.072198 201648654.355788 1912.17920074096 3293670690.07803
0 chipseq_200.dot 4807293396 0.062814995 8808156.95249295 1896042.3668033 0.011471945 46026540.7982052
0 chipseq_200.dot 3793245764 0.0896768900000001 5903790.98987597 2296871.69112283 0.011439152 41540575.2283467
0 eager_8000.dot 19132169434 8.20585534 176908152.061537 53864434.4226039 36.6824201400021 911238374.103935
0 atacseq_10000.dot 11187378708 19.260535422 207189240.930647 68746316.5474073 20.4593064210008 2083178653.22402
0 chipseq_20000.dot 4807293396 85.845387039 408670463.012945 109557162.17654 140.246572169009 5822927868.91521
0 chipseq_10000.dot 5058052541 31.27050026 195434303.624836 66544463.2377657 23.036679707 3092108267.35727
0 atacseq_4000.dot 11187378708 3.722925668 84930579.963316 27042348.0498522 2.35997123399997 729513875.191942
0 chipseq_4000.dot 32978181418 2.413387487 650641987.642649 270898964.656705 3.08673679499992 1929663952.38635
0 eager_4000.dot 19075314980 2.92086667 86106243.1320852 31609015.4871609 6.78636917999989 403877446.996357
0 methylseq_4000.dot 17027257018 5.96131056300001 118437683.087307 61352065.6647099 3.03536996599998 238831601.819151
0 chipseq_1000.dot 41366257414 0.48904545 214356561.377724 86502809.5831501 0.182190025999999 460264955.703227
0 atacseq_10000.dot 3908761308 33.004036775 136747350.308806 50248733.8092543 23.3585915130001 1754168721.13935
0 eager_1000.dot 19100037384 0.214924931 18857181.2060699 9852050.68868105 0.350697318999997 68981704.6172689
0 eager_25000.dot 25705994498 51.8378105589999 642741544.446639 260016171.827519 1247.40549769198 2959157814.23159
0 chipseq_25000.dot 41366257414 24.677951602 5384242347.19322 2126928266.52631 364.727675904003 15163411461.4207
0 methylseq_15000.dot 11897958606 301.728833614001 257644685.299163 154399349.971417 210.68501182101 572068295.82456
0 atacseq_30000.dot 2223941232 378.259277713 271502228.504162 97360037.5069066 922.327607086059 5293393166.64783
0 methylseq_1000.dot 11897958606 0.532962719 15669819.2653631 11415439.004809 0.191975427999999 26019575.7346058
0 atacseq_2000.dot 3908761308 1.508180491 24841272.6637221 10138323.8817551 0.673036866999994 367975763.784396
0 methylseq 11897958606 0.003253693 1840539.78778188 1840539.7875 0.000480683 1840539.7875
0 chipseq_25000.dot 5058052541 127.166843311 552907481.911087 164063324.117695 499.929734450985 7502104272.59906
0 methylseq_15000.dot 110641579976 150.417877228 7811810662.88432 3461718074.69352 249.667274456011 10728637465.4825
0 methylseq_15000.dot 17027257018 179.982257956 484605941.652684 231415448.92443 220.340187292005 1069863418.37413
0 eager 14754556884 0.006550408 2714597.95 5825674.6375 0.009396539 5825674.6375
0 chipseq_2000.dot 32978181418 1.07487585 329076862.22689 129450509.594131 0.731976508999989 775048956.602672
0 eager_2000.dot 19100037384 0.790141946 40953309.2511597 17018781.8448235 1.41736069800003 159839295.040148
0 atacseq_20000.dot 14091675276 65.0312661869999 853224367.052417 262880151.654126 114.003499115007 5437134505.8013
0 atacseq_20000.dot 2223941232 135.814650342 179188610.952486 65063444.0462258 158.340118819016 2972118683.38081
0 chipseq_2000.dot 5058052541 1.634315018 40437679.5651682 14366678.1536024 0.650774884999992 548205278.905518
0 methylseq_20000.dot 11897958606 494.274286590999 346662296.338451 206784270.661182 401.993618095967 814374507.737876
0 atacseq_25000.dot 14091675276 109.295459699 1144386963.83561 327638763.196602 294.277794239004 6820323629.0571
0 atacseq_4000.dot 14091675276 4.021527546 135724953.892227 49934348.0173464 2.409986017 1007847238.14581
0 eager_200.dot 25705994498 0.026623548 12046903.1468148 7650493.11458333 0.031359008 7650493.11458333
0 chipseq_15000.dot 4605965334 50.775012363 305809240.919779 104910996.04777 65.0884482730065 4656151157.1236
0 atacseq_15000.dot 14091675276 36.239476081 611516765.961033 193724349.687736 54.494921783006 3993302845.08906
0 methylseq_200.dot 110641579976 0.072774361 106218938.294137 45234879.175 0.013859007 91428137.8802803
0 methylseq 6273818718 0.003245803 991875.362891611 991875.3625 0.000479976 991875.3625
0 atacseq_15000.dot 11187378708 45.9545762620001 327336838.293141 104703371.504176 58.7791103180047 3193376212.78334
0 eager 25705994498 0.006336118 4042750.60416667 7650493.11458333 0.009288179 7650493.11458333
0 methylseq_4000.dot 8885797810 5.409619137 43262843.061112 32067917.3018586 3.25595812499988 94899974.7031806
0 methylseq_20000.dot 110641579976 416.293559162999 10768362458.3118 4618469796.16975 490.940057141981 14773756582.4026
0 chipseq_2000.dot 41366257414 1.101428558 418841800.022936 160458729.690166 0.667596448999992 993387551.322719
0 chipseq_15000.dot 32978181418 9.551318471 2614693624.07384 1028952725.2233 73.1872302880057 9081852616.47452
0 chipseq_8000.dot 5058052541 20.877814581 149813527.427092 52592916.6413077 13.630161644 2325535372.87149
0 methylseq_8000.dot 8885797810 82.1604633820001 94170908.8785405 62743705.502524 50.7665633189995 229388858.802764
0 chipseq_8000.dot 41366257414 5.34351956500002 1759750132.84575 672766448.674633 14.4449937049993 4642004178.2606
0 methylseq_8000.dot 6273818718 85.4436571720002 56144312.7410963 42503021.6328617 56.0969208390002 146676011.60886
0 eager_15000.dot 19100037384 19.361133587 327161556.177597 101032191.506466 233.965978169008 1693836289.04646
0 chipseq_30000.dot 4807293396 195.226470948999 696809370.083206 164060192.145307 841.966052752967 8760706712.87459
0 methylseq_30000.dot 6761426956 1374.372784412 259046307.06716 174201255.059013 1107.88195716796 657669578.665202
0 chipseq_1000.dot 32978181418 0.481040843 160625056.326571 75416552.2089352 0.212037173999998 334556129.109438
0 chipseq_30000.dot 4605965334 159.129773422 721970332.712234 208696318.810344 797.678232746972 9313851163.88321
0 methylseq_10000.dot 6273818718 74.7845929249999 70609998.6416754 53582889.741426 31.4447065959994 171072212.46409
0 methylseq_25000.dot 6761426956 1066.202718022 211749940.326947 144558583.079398 734.302571883961 540618172.377919
0 chipseq_10000.dot 4605965334 31.154657955 192930918.592195 69857122.8414159 23.8856768800013 2716535633.05883
0 methylseq 22500260922 0.003308019 2895226.88566893 2895226.88541667 0.000477506 2895226.88541667
0 methylseq 110641579976 0.003126488 15084215.2250003 15084215.225 0.000462147 15084215.225
0 eager_25000.dot 8330435694 88.2520833309998 174177042.77938 86280074.8321466 1376.15776019709 1784789421.85933
0 chipseq_20000.dot 41366257414 18.2051213359999 4334462421.75264 1672575794.28036 135.265653069013 11968550906.5856
0 chipseq_20000.dot 5058052541 86.3140826559996 429244607.016441 131594006.703497 130.870832709008 6052368212.0239
0 chipseq_8000.dot 32978181418 4.47192491600002 1367067483.96638 539810767.490377 15.8312063210002 4475382007.05158
0 atacseq_25000.dot 11187378708 139.227496182 639180934.90292 177134645.032587 438.93209797499 5324589445.75318
0 atacseq_25000.dot 3908761308 205.060557222 345491247.304435 123948735.492388 553.634094642004 5693465078.17937
0 chipseq_4000.dot 5058052541 5.063710094 77368568.7690241 26309134.1698285 2.82214892199994 1018121809.00023
0 eager 8330435694 0.006639833 1284704.21875 3178859.14583333 0.00947834699999999 3178859.14583333
0 eager_15000.dot 14754556884 17.1378636 228583657.063565 99706175.8904667 262.761938689991 1533830543.71096
0 chipseq_15000.dot 4807293396 54.3645774550002 289167156.570622 82167441.7430549 62.4094039860061 4351368194.49913
0 eager_4000.dot 25705994498 2.245972915 121708075.99794 47177232.212048 6.60105166899995 395960447.670618
0 eager_8000.dot 19100037384 7.91594688199999 180985320.920407 54336809.2518718 37.3373943890019 889290211.44946
0 methylseq_4000.dot 110641579976 5.974526553 2149203542.79234 899664873.149938 3.70185310299995 2844210253.92689
0 atacseq_200.dot 14091675276 0.074776503 15721960.2598241 6048722.97433016 0.013575283 6048722.97433016
0 chipseq_25000.dot 32978181418 17.014857554 4358270355.35263 1745636888.84594 399.131291076 15651364686.2655
0 eager_10000.dot 19100037384 10.526656516 207578770.548471 67358357.2174596 66.6029690840053 1084443700.70055
0 methylseq_30000.dot 11897958606 1793.83892252701 522095666.702379 305868344.459881 1367.92201991304 1296649432.50439
0 atacseq_25000.dot 11809629756 132.767202375 643361101.176094 153958724.136609 394.149508215996 5270180496.86707
0 eager_30000.dot 19075314980 67.8870128679999 608195313.242897 201184358.988437 1948.43847412595 3352913463.57879
0 methylseq_25000.dot 11897958606 986.473401308995 438660510.607481 260514859.778317 700.189717003012 1059431601.18115
0 eager_15000.dot 19132169434 18.329610484 312672613.745518 100457943.489551 265.797193629998 1797091182.84269
0 methylseq_30000.dot 22500260922 1460.16044528199 1290033209.76691 616089179.125161 1175.76797433593 2903004878.20427
0 atacseq_2000.dot 11187378708 1.265063075 39759248.9964169 14554006.8615721 0.576618267999995 292118016.772973
0 methylseq_10000.dot 11897958606 60.4213967049999 169112623.95405 103573592.394684 39.0428454689995 411459252.560945
0 chipseq_25000.dot 4605965334 109.923835592 570516233.438973 174362152.894997 470.785859485985 7692092779.50664
0 methylseq_30000.dot 6273818718 1414.802046835 235805180.027694 159398615.501129 1109.24948353404 586716058.266812
0 eager_30000.dot 8330435694 100.643112623 212324607.307823 104756630.539142 2114.79839844598 2129100480.46056
0 chipseq_200.dot 4605965334 0.065582248 8409235.67116579 2200115.23958333 0.011327235 46560761.6788389
0 methylseq_15000.dot 6273818718 225.108732517 112123459.748698 80228799.1289906 214.162637090014 298213786.76972
0 methylseq_2000.dot 11897958606 1.390455518 30480394.3127711 21156757.5050588 0.75520324599999 52442107.4274993
0 atacseq_200.dot 3908761308 0.076046442 5708863.47183762 2142117.13467234 0.013771955 2142117.13467234
0 eager_8000.dot 8330435694 14.705764237 66765752.8825555 28273650.4026781 36.6195814770025 558952098.901761
0 atacseq_200.dot 2223941232 0.072099778 3059076.49632468 1341613.3125 0.013947515 1369943.88360977
0 chipseq_2000.dot 4807293396 1.635270983 34950293.5692815 11431855.0549889 0.646173089999992 450968785.178535
0 eager_20000.dot 19100037384 28.277730193 397493212.852194 132343611.293321 653.39973152495 2207882168.43361
0 eager_10000.dot 19075314980 10.816102141 205728933.577325 67048956.968454 66.5724083700082 1106945052.41534
0 methylseq_25000.dot 6273818718 879.871793836999 195614774.837418 132796230.560524 669.899353155969 523382707.334151
0 eager_10000.dot 8330435694 22.28742185 86404279.4065834 34945806.9727804 67.4254119480077 700203675.954738
0 methylseq_200.dot 8885797810 0.071593669 2796243.8913975 2795543.05 0.012970692 2795543.05
0 chipseq 32978181418 0.006602082 11836770.6876628 11627408.4002066 0.00116882 11627408.4002066
0 methylseq_2000.dot 6761426956 1.417810627 14554566.1998235 12197177.9988665 0.811220446999986 25424993.6769808
0 atacseq_20000.dot 3908761308 131.772869447 273975454.665715 99376457.4564055 133.787882099 4453165145.01899
0 atacseq_1000.dot 11187378708 0.487740156 24678226.6275826 7557746.09376626 0.151810004 149517574.920638
0 eager 19100037384 0.006415287 3204640.0125 5859670.3875 0.009218426 5859670.3875
0 chipseq_10000.dot 32978181418 5.696829105 1709013531.57941 684093056.772942 26.5292868199991 5675854489.75318
0 methylseq_2000.dot 110641579976 1.528044567 1076496598.0127 446036804.784303 0.818648806999989 1332771938.44592
0 chipseq_8000.dot 3793245764 22.756401963 134790005.534268 58033375.5350701 14.2284567780001 1919284583.1123
0 eager_25000.dot 19132169434 51.8077051179998 523018954.07435 164130952.258873 1272.29014349596 2754966567.72874
0 eager_4000.dot 19132169434 2.679893193 75281831.6055028 31547025.5980245 6.57805710499986 404983521.635306
0 chipseq_1000.dot 4807293396 0.55524901 15916884.8669874 5775737.00352401 0.173352919999999 235939409.376119
0 eager_15000.dot 19075314980 17.776585253 314164143.601228 100132385.010178 295.385580419999 1723950058.29489
0 methylseq_200.dot 6761426956 0.071976111 2149874.2180794 2148974.675 0.012987675 2148974.675
0 methylseq 17027257018 0.003179189 2175361.36495513 2175361.36458333 0.000466545 2175361.36458333
0 eager_1000.dot 8330435694 0.225293984 5427461.15515934 5551116.21417729 0.347217191999998 36775952.6252137
0 chipseq_4000.dot 3793245764 5.57161683700001 69579586.8110674 29575465.2726104 2.99763503099997 820284962.232023
0 methylseq_200.dot 11897958606 0.070886331 3670646.19301779 3669578.9375 0.012914109 3669578.9375
0 atacseq_1000.dot 3908761308 0.552270712 13026140.1112477 5325602.0795178 0.176364010999999 123372107.400361
0 chipseq_1000.dot 3793245764 0.569184428 16223657.7645661 7626129.86492489 0.173382449999999 212374906.492832
0 atacseq_2000.dot 11809629756 1.298845838 36740701.1987664 13847915.9771508 0.591156625999998 339628521.452572
0 eager_4000.dot 8330435694 2.991160476 37169083.4232108 16591653.4901509 6.5300271079999 266234161.261052
0 methylseq_200.dot 22500260922 0.070046177 5972841.46002626 5775021.008103 0.013016578 5775021.008103
0 eager_4000.dot 14754556884 3.236597784 69591484.2722119 31171086.447347 6.53255190599988 406173900.112458
0 methylseq 6761426956 0.00326079 1080079.26295511 1080079.2625 0.000482463 1080079.2625
0 eager_200.dot 19100037384 0.027310563 10289256.2275828 5859670.3875 0.032004602 5859670.3875
0 methylseq_20000.dot 8885797810 478.047874934998 253514331.476196 156314723.412683 415.641140399991 630172281.159114
0 atacseq_25000.dot 2223941232 199.43202151 221643556.107706 81329730.2886704 488.248896218991 4078292534.28419
0 eager_20000.dot 25705994498 35.2315917830001 542008368.232759 212024664.110917 598.568670337964 2405566604.1559
0 eager_25000.dot 19075314980 50.412242374 492378714.357444 163670494.153007 1296.72761775591 2797432624.04188
0 chipseq_15000.dot 5058052541 45.8253586009999 325629993.561076 98392666.4271778 62.602012955006 4678890718.32492
0 chipseq_1000.dot 5058052541 0.556923542000001 17299063.1265525 7066270.77823261 0.180407316999998 273777786.41932
0 atacseq_15000.dot 11809629756 45.609513232 336953282.086349 95772653.5507013 55.0530872620052 3194015141.49144
0 methylseq_2000.dot 8885797810 1.425039126 22364367.2499322 17534698.6259195 0.75228058899999 37819278.7660332
0 chipseq 41366257414 0.006347225 15295377.083095 15214902.7646195 0.001142593 15214902.7646195
0 methylseq_15000.dot 8885797810 171.39928965 189826223.532184 117447201.477804 229.202780457002 475169026.122278
0 methylseq_30000.dot 17027257018 1368.608267524 1022032561.39358 456794634.755761 1191.68945477501 2216291760.5671
0 eager_2000.dot 19075314980 0.796210406 36685256.29236 16984277.0062134 1.44345208600002 164209238.988352
0 eager_2000.dot 19132169434 0.783298119 37056479.7591091 16972761.8628152 1.45064206900004 159473807.69063
0 chipseq_20000.dot 4605965334 75.633838909 450562737.93231 139545244.10476 134.661408648005 6023648645.09679
0 atacseq_200.dot 11187378708 0.070530878 10472572.0506714 3094286.69720294 0.013897343 3094286.69720294
0 chipseq_15000.dot 3793245764 69.0650117480001 264121468.970641 109771614.692214 64.8961074850046 4325186765.6392
0 atacseq_8000.dot 14091675276 9.84396077599999 294454052.505115 101089069.01025 12.1294108569999 2075949802.90046
0 eager_10000.dot 19132169434 10.678160659 211430171.827581 66947277.8101007 65.4987826370061 1068978832.45908
0 methylseq_8000.dot 11897958606 34.1689339210001 131840813.540815 82566572.6802138 47.6137795859998 278830591.686572
0 eager_15000.dot 25705994498 20.708956263 404984698.181153 163549786.686924 204.840351585008 1810805753.19611
0 eager_1000.dot 19075314980 0.238066527 16462709.3579833 9830336.11976156 0.373527034999998 72612556.0746945
0 eager_30000.dot 25705994498 67.854087821 752776075.222493 307333681.216409 1908.1795778909 3581535448.99
0 eager_10000.dot 25705994498 10.028498805 284756125.285523 104870879.187109 57.3385623640059 1177388602.79579
0 chipseq_20000.dot 3793245764 97.7715616390007 373854002.596003 144751161.888485 190.028461495002 5850271012.23981
0 chipseq 5058052541 0.007493411 2070313.72307246 1992731.60517496 0.001381029 1992731.60517496
0 chipseq_30000.dot 41366257414 33.6386529629998 6433863365.56787 2552319915.74582 667.808136456992 18009935485.807
0 eager_8000.dot 14754556884 6.24266255 123589535.475708 52812557.1236401 35.4754408610029 833843779.410687
0 chipseq_30000.dot 32978181418 24.145530257 5201117088.8901 2098118559.11248 788.11284640801 19246323874.2245
0 methylseq_25000.dot 110641579976 832.138488070003 13016958698.5261 5739830794.89747 854.479562693043 18551272556.2018
0 eager_10000.dot 14754556884 9.384130161 153681956.378005 65172416.85439 66.2161721690083 1006482234.98672
0 eager_30000.dot 14754556884 73.6758415140001 431398933.322309 197035695.530968 2085.27248671323 2970654236.06495
0 methylseq_8000.dot 6761426956 30.415231064 61078485.2062511 46151850.9999997 17.7594164609992 152022729.869148
0 atacseq_10000.dot 11809629756 19.6099199520001 215959229.736291 62178113.8711512 20.0643347000005 2164299615.50958
0 eager_20000.dot 19132169434 31.612958109 412828774.625596 134714805.358342 627.458609380949 2284901428.39399
0 eager_200.dot 19075314980 0.025007763 10273802.0481764 5845557 0.031745535 5845557
0 eager_20000.dot 14754556884 27.595491429 289021322.079576 127548178.735433 701.719084839985 2001148557.43132
0 chipseq 4807293396 0.007489701 1690116.61669844 1630043.46875 0.001383508 1630043.46875
0 eager_15000.dot 8330435694 38.88047611 121960256.2995 54015391.0092158 259.512916896989 1086344160.20206
0 methylseq_10000.dot 6761426956 52.943770289 77368540.0783216 58646153.4757902 28.5189864779987 184978668.601229
0 methylseq_1000.dot 22500260922 0.530733571 31948800.4100596 21216445.1507992 0.191774255999998 65472960.0367189
0 methylseq_8000.dot 22500260922 40.16015494 336837868.299853 166065404.656622 44.0229748260015 738627837.250603
0 methylseq_25000.dot 8885797810 927.581362475003 323025086.33169 197868564.73364 686.028569400999 770270904.013151
0 atacseq_1000.dot 2223941232 0.523952047 8802583.13526501 3462586.30430798 0.167722179999999 67164269.1865361
0 atacseq_4000.dot 3908761308 5.105075208 50199863.6441358 20201138.518638 2.70545896399999 611528340.865259
0 chipseq_10000.dot 3793245764 31.945286477 166675533.500362 72182509.2634735 24.0322270540005 2621486166.31564
0 eager_1000.dot 19132169434 0.240807838 17145174.6494755 9800013.43522018 0.349613517999998 71784187.5715681
0 methylseq_20000.dot 17027257018 474.979079481999 651097546.553137 302879126.717946 440.038364734994 1357860065.10171
0 eager_8000.dot 25705994498 7.34881629499999 248293440.816451 89359537.4525509 33.1613406650004 1008716900.97909
0 methylseq_2000.dot 17027257018 1.37151858 48121282.7172474 31872041.3811094 0.73755111299999 97975084.1949349
0 methylseq_4000.dot 6761426956 5.927021561 30483104.2616821 23606965.9410063 7.00407771000015 83899033.9818301
0 methylseq_20000.dot 6273818718 507.084496634001 153923227.576933 106465171.037298 440.312494163977 412582489.911039
0 eager_4000.dot 19100037384 2.665985256 78228115.1429734 31518776.2759803 6.59845992399987 392461056.420353
0 methylseq_20000.dot 22500260922 476.441250957999 858939318.2282 407134776.429919 430.965626522006 1955885505.76253
0 eager_2000.dot 14754556884 0.788848348 35161153.9604653 17119704.6151078 1.44339790100003 136763798.694723
0 atacseq_20000.dot 11187378708 90.324466379 470813526.905737 140554489.5194 130.762246557 4217389799.7893
0 methylseq_4000.dot 22500260922 6.35367724199998 165103273.576501 81966206.8460227 2.96010390299993 321199470.912829
0 atacseq_15000.dot 2223941232 73.2299241639999 129672679.198093 48845971.954345 62.7555019190046 1985852582.30424
0 atacseq_8000.dot 2223941232 22.1818673200001 58626757.3077299 26379062.4547117 13.4375517409998 1005907519.7221
0 chipseq_200.dot 41366257414 0.064022196 32710631.6107086 28044514.8645833 0.01196745 32379550.4013228
0 eager_200.dot 19132169434 0.024937975 10316313.0842395 5835768.0375 0.031584786 5835768.0375
0 chipseq_25000.dot 4807293396 132.740646977999 493322103.732914 137427291.235835 473.644695375984 7345924818.89012
0 atacseq_4000.dot 2223941232 4.51665643999999 39108388.6140176 13591591.2717404 2.67752414300002 501954004.952689
0 chipseq_10000.dot 41366257414 6.84566405500003 2189163355.00596 832392743.921682 23.6321154799986 5869810913.14135
0 chipseq_4000.dot 4605965334 5.80555640200001 75956981.0808692 28298275.7114494 2.94028029699999 964238543.332489
0 atacseq_10000.dot 2223941232 32.439816115 78106284.6582157 32454466.6330202 23.5580882060001 1127016077.26546
0 chipseq_25000.dot 3793245764 120.063650576 524307197.096341 182025380.934588 474.724875770983 7293720170.55654
0 methylseq_25000.dot 17027257018 825.479623298001 813897229.550077 382786802.54302 733.048017138999 1841175357.18922
0 eager_30000.dot 19132169434 61.241882611 599937552.839009 201378917.38446 1968.78119938894 3320758727.59678
0 eager_2000.dot 8330435694 0.653459719 13682507.8069707 9473086.35972393 1.42545425900001 93621123.2763863
0 chipseq_30000.dot 5058052541 174.238255852 756774035.154649 198656703.515355 827.762117097017 9043013740.79876
0 methylseq_4000.dot 11897958606 8.960738012 57742575.9431033 42012026.4985604 3.64901629399988 119184357.076069
0 chipseq_4000.dot 4807293396 5.86121009099999 72378976.0771753 21702191.6143658 2.72076167999999 961418593.809861
0 eager_200.dot 14754556884 0.027910839 6410002.5669071 5825674.6375 0.032177855 5825674.6375
0 methylseq_15000.dot 22500260922 133.254225378 651794763.551784 302527346.018079 206.513499748005 1424282993.44433
0 chipseq_20000.dot 32978181418 13.7663527150001 3496773956.62097 1384141366.71155 150.423368423004 12332560356.8784
0 methylseq_2000.dot 6273818718 1.421484715 13332138.1830236 11110664.7386941 0.820003215999987 24943704.2530602
0 methylseq_1000.dot 17027257018 0.512345606000001 24776869.7005203 15508486.7413882 0.201575962999998 41852206.2489144
0 eager_25000.dot 19100037384 43.3237716890001 482984538.202486 164908273.27865 1231.44920410699 2725015528.90157
0 atacseq_2000.dot 2223941232 1.440535637 19126456.3494466 6695221.41937726 0.664234350999993 195521880.365925
0 methylseq_200.dot 6273818718 0.07200692 1974293.85027147 1973744.425 0.012983697 1973744.425
0 atacseq_8000.dot 11187378708 11.916271753 161642855.561163 54544378.550404 11.5195308479999 1628891817.14318
0 methylseq 8885797810 0.003247968 1402989.43780563 1402989.4375 0.000474609 1402989.4375
0 methylseq_10000.dot 22500260922 50.637255385 427168822.13739 205672209.184645 26.7142099480004 908882529.540949
0 methylseq_1000.dot 6761426956 0.506822798 7647268.4454249 5817295.225 0.205948240999998 9628098.37080856
0 chipseq_2000.dot 3793245764 1.647131743 34804069.6554816 15219945.4742492 0.693069898999992 461778470.022093
0 methylseq_25000.dot 22500260922 913.197749661001 1093579207.76238 511062208.802 739.790763034997 2405693649.39627
0 chipseq_30000.dot 3793245764 150.197694701999 611112801.219947 218162640.272413 797.035194129945 8744818868.49224
0 methylseq_1000.dot 8885797810 0.517654865 11266410.2773154 8631771.27846465 0.192963114999998 16668656.0586777
0 eager 19132169434 0.006359474 3219205.7625 5835768.0375 0.009255473 5835768.0375
0 methylseq_10000.dot 17027257018 50.7847404029999 313781827.264224 152381269.887757 26.9393204200009 639323669.914224
0 eager_200.dot 8330435694 0.027600115 4086246.79535679 3178859.14583333 0.032055014 3178859.14583333
0 chipseq_10000.dot 4807293396 31.3366816220001 172552964.256204 55456137.222796 22.3006303780003 2748132604.85418
