algo_nr wf_name inp_size dur_alg1 ms_1 dur_alg2 ms_2 dur_alg3 ms_3
2 eager 19075314980 0.003240519 1103643.93439113 0.02411041 1772490.95603364 0.049526607 2182801.49173335
2 eager_1000.dot 25705994498 0.321155232 27976227.1711441 0.887193578 44542510.7481622 2.490809541 312729512.32288
2 methylseq_1000.dot 110641579976 0.01644307 268162250.369946 0.369670027 255795855.34232 1.505552399 1718960063.12543
2 chipseq_200.dot 5058052541 0.000927423 2182838.14685733 0.033262832 3508022.14700189 0.068014134 3676219.79645503
2 methylseq_1000.dot 6273818718 0.018457631 16635726.3464402 0.328154873 16527278.2469522 1.219148214 375384104.365839
2 chipseq_4000.dot 41366257414 0.100143399 654814812.887083 0.936435247 714180454.462179 9.040298943 4121884232.94676
2 atacseq_2000.dot 14091675276 0.030818165 107114539.1129 0.559013523 141994479.982977 2.039665131 1178166420.43176
2 atacseq_1000.dot 11809629756 0.009849165 21778967.3589903 0.270951813 31160325.5475787 0.865352463 398142842.61581
2 methylseq_200.dot 17027257018 0.002052701 17466710.876004 0.041477557 17521101.7155653 0.094168697 101257553.032891
2 methylseq_8000.dot 110641579976 0.47068262 2054341211.75111 14.963620421 2058623624.47921 201.895630618 13780878728.419
2 atacseq_8000.dot 3908761308 0.404449774 135909714.39391 5.586106385 178822552.510129 38.600696722 3183067035.85671
2 methylseq_8000.dot 17027257018 0.601402082 769562724.304316 12.57293458 772611414.938651 141.512239214 5949300893.13046
2 atacseq_10000.dot 14091675276 0.634227421 541878792.584567 6.630049819 733397243.459386 78.112496488 6259346897.77616
2 eager_2000.dot 25705994498 1.285934872 63119733.0198522 2.808496636 96830280.4355176 11.78293482 679622782.772475
2 eager_1000.dot 14754556884 0.314838073 14383444.4922149 0.954911915 16541346.6392528 2.768067016 321151583.93401
2 methylseq_10000.dot 8885797810 0.975824298 496607737.489504 24.423172065 500593312.741599 383.94251626 2968429418.0802
2 atacseq_4000.dot 11809629756 0.109711895 122470793.840369 1.731745039 144900331.319849 13.465871457 2106125971.62149
2 atacseq_1000.dot 14091675276 0.009654079 51219663.1513196 0.258926589 68162028.9133589 0.672250795 556380444.295666
2 methylseq_4000.dot 6273818718 0.166957805 79006089.2142364 3.126263393 78835515.666343 32.042692057 1814179823.43596
2 chipseq_1000.dot 4605965334 0.010445264 24845347.5469388 0.291783312 25296312.5090983 0.855480969 366035028.552097
2 atacseq_200.dot 11809629756 0.001010216 290530.340936934 0.035907297 283345.123412313 0.084175474 32510233.3222256
2 eager_8000.dot 19075314980 19.633150964 173459705.38415 32.666226039 275729942.963864 297.233912851 2181148365.56742
2 methylseq_10000.dot 110641579976 0.692500951 2566055606.19824 30.653377057 2574264363.1105 362.814355933 17234468756.834
2 methylseq_2000.dot 22500260922 0.051746378 42221320.8300664 0.95926117 53313345.1557599 6.449612522 1365326980.74778
2 chipseq_200.dot 32978181418 0.001087456 24909084.063515 0.030965934 35727384.3472386 0.070808854 285020356.049245
2 chipseq_2000.dot 4605965334 0.029058047 55298070.8903177 0.640661371 62311512.0262366 2.978716715 913682805.591485
2 atacseq_8000.dot 11809629756 0.408284273 254264040.190525 5.80728741 299391313.837139 74.018952395 4415297316.17261
2 chipseq_200.dot 4807293396 0.000929809 2064116.14680515 0.033636101 3312155.23828975 0.068539373 2375550.63011461
2 chipseq_200.dot 3793245764 0.000853007 181643.736 0.031839268 701058.703997959 0.068352257 2094007.05895153
2 eager_8000.dot 19132169434 19.690085316 175264659.361557 32.662158817 275747963.319153 233.24948603 2169947116.65197
2 atacseq_10000.dot 11187378708 0.634126913 302582876.113815 8.625442303 351140287.167462 141.710897726 5363016877.05061
2 chipseq_10000.dot 5058052541 0.457499427 345767296.938867 9.421579615 464340525.379953 129.865507433 6242149551.6909
2 atacseq 3908761308 0.000168752 242289.498604589 0.006518384 89365.75 0.014510928 90721.6145
2 atacseq_4000.dot 11187378708 0.111807097 121799520.346605 1.769827885 136151835.09611 13.627259004 2023010739.88219
2 chipseq_4000.dot 32978181418 0.08850484 806543577.000743 1.132125088 884325436.590129 13.102692597 7445345022.65437
2 eager_4000.dot 19075314980 5.072069691 86585833.0603233 9.73284068 132819009.205529 47.759480042 1035586386.85941
2 methylseq_4000.dot 17027257018 0.159657372 383095741.083933 3.895443573 384579648.743818 26.355456172 3455515006.40363
2 chipseq_1000.dot 41366257414 0.012128075 154099484.000839 0.187001512 170978738.007946 0.662605949 1062547978.42997
2 atacseq_10000.dot 3908761308 0.611161311 176709228.427726 7.743109393 223693424.15496 70.944578013 4055464664.64767
2 eager_1000.dot 19100037384 0.323126591 22048050.6555887 0.962685431 24722092.5376073 2.148867548 198983846.133281
2 atacseq 14091675276 0.000166725 880863.113060013 0.005895957 2827824.90151561 0.012465172 4699548.23040301
2 methylseq_1000.dot 11897958606 0.017241259 65817336.3784337 0.352697926 66105089.5015531 1.420201826 404505747.333554
2 atacseq_2000.dot 3908761308 0.03052389 27266208.7752724 0.757790269 38418268.4161385 2.158971022 537295554.408103
2 methylseq 11897958606 0.000102011 56802.8427037122 0.001850584 56763.9726809503 0.003772842 56763.9726809503
2 eager 14754556884 0.003262508 408813.043895637 0.023929523 351015.721433626 0.049931136 5177287.8812625
2 chipseq_2000.dot 32978181418 0.02852714 394529616.715406 0.463235301 438521647.005605 2.890682061 3424577991.05412
2 eager_2000.dot 19100037384 1.278398839 43635652.5737541 2.954698368 61416522.9893237 9.282442105 479928704.244451
2 chipseq_2000.dot 5058052541 0.028593003 65273264.4615055 0.764607713 85927818.3272513 3.300346858 1235952680.49227
2 atacseq_4000.dot 14091675276 0.107837881 226088519.457928 1.409348321 285568115.010002 8.020688529 2437428742.70327
2 eager_200.dot 25705994498 0.015336866 2495450.91251967 0.085458298 3010958.15269191 0.176877462 32314764.5688113
2 methylseq_200.dot 110641579976 0.002148078 57516276.4358048 0.044946668 54496776.7097442 0.111529395 334593236.815664
2 methylseq 6273818718 0.000106247 30540.228812289 0.001882326 30507.4312513904 0.003820984 30507.4312513904
2 eager 25705994498 0.003253353 2184875.45686638 0.02372871 3011009.53386238 0.049010376 6712751.00096072
2 methylseq_4000.dot 8885797810 0.158772463 195100233.462145 3.808687959 195539831.155854 30.90126583 1161850046.23711
2 chipseq_2000.dot 41366257414 0.033411402 322302097.25462 0.418034975 353225425.366518 2.199823984 2028423600.9196
2 chipseq_8000.dot 5058052541 0.30198975 276860227.873181 6.695568645 367959123.176154 73.166628439 4895349879.62804
2 methylseq_8000.dot 8885797810 0.608809765 395502168.698348 12.978800954 398299674.112299 190.259029743 2365627648.87798
2 chipseq_8000.dot 41366257414 0.32967232 1320800125.86834 2.412143247 1476204612.15952 45.690237714 9091780362.76113
2 methylseq_8000.dot 6273818718 0.617029977 162343916.633728 11.083363637 162839827.888403 155.418918669 3012500837.69025
2 chipseq_1000.dot 32978181418 0.010145887 187210026.682228 0.204825963 214453961.362447 0.819172781 1681319418.62295
2 methylseq_10000.dot 6273818718 0.977012591 204320235.950318 19.739394179 205120165.696067 269.681385351 3610621732.55866
2 chipseq_10000.dot 4605965334 0.459025591 300102592.160328 6.95260055 351961849.379063 133.956692004 5493528937.66823
2 methylseq 22500260922 0.000104148 191832.144580262 0.00185999 189766.367672951 0.00380063 189766.367672951
2 methylseq 110641579976 0.000100637 19416833.7674183 0.001841505 19416805.1734871 0.003771203 19416805.2489525
2 chipseq_8000.dot 32978181418 0.30210518 1636365468.13907 2.988545193 1814981157.10786 72.969261013 15005569973.6668
2 chipseq_4000.dot 5058052541 0.088467798 137399923.284025 2.041230291 176007758.176111 13.737028224 2628270028.44879
2 eager 8330435694 0.003243792 176802.823089199 0.024352471 119777.948219839 0.050836922 155651.550217015
2 eager_4000.dot 25705994498 4.950820297 131372798.318833 9.285943986 189751213.403504 63.216510979 1409593032.41888
2 eager_8000.dot 19100037384 19.63854193 173713363.333958 32.790734524 276176821.599662 263.214477274 2187423678.63043
2 methylseq_4000.dot 110641579976 0.130121841 1034633510.05808 4.348220999 1029007016.2376 32.714242934 6886476636.29694
2 chipseq 3793245764 0.00012143 91219.9754183208 0.003563475 90821.868 0.007811052 90821.868
2 atacseq_200.dot 14091675276 0.001009236 863347.027621274 0.037147952 4028029.50469065 0.082143817 101968646.608365
2 eager_10000.dot 19100037384 30.926425558 217389294.939198 51.354945324 346517838.782998 850.704373319 2701047540.3747
2 atacseq_2000.dot 11187378708 0.031894571 53248435.9835612 0.681570531 64587801.198952 3.079200676 862038384.337703
2 methylseq_10000.dot 11897958606 0.96349252 674592493.384824 23.806782238 677878641.654289 307.643723106 4452809283.36748
2 chipseq_200.dot 4605965334 0.000853768 175690.579166667 0.035123556 1984310.30187714 0.071656685 3849697.56699269
2 methylseq_2000.dot 11897958606 0.0490216 133977828.768128 1.036852608 134623725.990562 5.945443454 843112996.638275
2 atacseq_200.dot 3908761308 0.000964542 253563.987857045 0.037226597 89365.75 0.082614774 90721.6145
2 eager_8000.dot 8330435694 19.992227306 149565702.293594 36.205678394 175782352.119728 1120.414768907 1506447633.04664
2 atacseq_200.dot 2223941232 0.000967393 146938.699923105 0.037966529 62820.7524391561 0.084985439 59726.655
2 chipseq_2000.dot 4807293396 0.028539256 56978695.4826233 0.795712726 73980012.9962317 3.788501633 1344438873.37937
2 eager_10000.dot 19075314980 31.239675684 217340611.231965 52.555017347 346337966.396613 886.700113279 2751745778.49361
2 eager_10000.dot 8330435694 31.82387597 194958770.422397 58.568159264 224720644.893113 2048.877375272 1923950066.08813
2 methylseq_200.dot 8885797810 0.002017286 5473631.10475062 0.041477047 3738542.21811268 0.087302719 14698552.5089507
2 chipseq 32978181418 0.000115155 10109663.398534 0.003118641 8805042.78514959 0.006727614 15894805.1630038
2 methylseq_2000.dot 6761426956 0.048130784 72796797.3354243 1.039078095 72244558.2876746 5.699994733 424887524.168856
2 atacseq_1000.dot 11187378708 0.010290656 20176746.7856279 0.280206764 29734158.441019 0.924500705 376845682.459281
2 eager 19100037384 0.00325048 1110069.31537026 0.024178208 1784684.34108424 0.049524947 2211017.64455388
2 chipseq_10000.dot 32978181418 0.458379085 2047440487.01958 4.332983472 2279236070.67136 126.929798308 17683913214.7705
2 methylseq_2000.dot 110641579976 0.042555338 522715852.399626 1.147245883 512787882.333834 6.122158559 3439320959.06818
2 chipseq_8000.dot 3793245764 0.304237497 200738031.472496 4.951512784 242723301.796513 63.068020177 3135369280.21154
2 eager_4000.dot 19132169434 5.071193428 85699807.0982143 9.602011757 132040694.776657 42.806045226 1005940982.29127
2 chipseq_1000.dot 4807293396 0.010166423 22900264.7351741 0.278330082 33825262.7049974 0.945715034 609766229.416772
2 methylseq_200.dot 6761426956 0.002022584 4160237.53614536 0.040785036 2842340.31066346 0.086135056 11172134.2001538
2 methylseq 17027257018 0.000102946 69386.5388071675 0.00185364 69370.2065350361 0.003775632 69370.2065350361
2 eager_1000.dot 8330435694 0.312695449 14323613.0200432 0.936255709 14229130.4257186 1.923059403 82354475.9974639
2 chipseq_4000.dot 3793245764 0.089960327 99693991.0805795 1.665035585 117103582.694969 12.187504679 1479201814.04437
2 methylseq_200.dot 11897958606 0.002092617 12222797.3668499 0.0415585 12269069.4336169 0.094227239 52779348.0007994
2 atacseq_1000.dot 3908761308 0.009508232 8733520.2917322 0.303825343 14925397.5223991 0.678282702 133356935.861361
2 chipseq_1000.dot 3793245764 0.010419006 20061294.9256713 0.290180182 20922110.9516789 0.819178927 275028128.616717
2 atacseq_2000.dot 11809629756 0.031930147 55558993.3301085 0.681831663 68382204.3786041 3.13494559 919928710.343859
2 eager_4000.dot 8330435694 5.082016731 73397606.0866156 10.332595097 83016858.8717405 73.496573154 573279751.14365
2 methylseq_200.dot 22500260922 0.002086055 3733276.51207281 0.04307879 3672635.90400289 0.109087703 118512687.54608
2 eager_4000.dot 14754556884 5.047018726 61949787.7992544 10.402298962 110171613.48894 89.25570018 1471525281.48467
2 methylseq 6761426956 0.000104485 33104.4005407121 0.001854682 33066.0059171532 0.003782019 33066.0059171532
2 eager_200.dot 19100037384 0.015249855 1108889.30067329 0.087440891 1784684.34108424 0.176527785 29257303.7249673
2 chipseq_1000.dot 5058052541 0.010191997 27060498.971987 0.276816989 37369758.4829014 0.900445003 559816441.862558
2 methylseq_2000.dot 8885797810 0.048101679 95796375.4959952 1.038945657 95055395.2294075 5.671485774 559048275.410232
2 chipseq 41366257414 0.000117969 10433005.1871864 0.002982166 7771193.18081492 0.006445758 22100427.2857493
2 eager_2000.dot 19075314980 1.278675383 43433999.1437511 2.889209564 61804077.345715 9.693546188 500245920.544862
2 eager_2000.dot 19132169434 1.279230864 42591642.7331266 2.863714373 60421013.4336225 8.79491297 478864643.693189
2 atacseq_200.dot 11187378708 0.00098275 813372.922709257 0.036023734 208889.327290877 0.083828188 30113241.6369589
2 atacseq_8000.dot 14091675276 0.408129706 440802809.210003 4.507856683 581767063.319174 38.854992177 4943775425.11556
2 eager_10000.dot 19132169434 30.646220757 217519836.124482 50.639369334 348107136.675714 828.308770271 2743386284.55481
2 methylseq_8000.dot 11897958606 0.604207018 538226858.215392 12.571870304 540841317.747136 168.66700109 3529119822.66932
2 eager_1000.dot 19075314980 0.315364865 21538438.345883 0.941984064 23898006.2494174 2.335320034 216816019.387582
2 eager_10000.dot 25705994498 30.265258769 332878912.858662 50.216612112 489802457.629728 1113.127579528 4106446922.94722
2 atacseq 11187378708 0.000169881 807494.921030987 0.006047274 208490.707976231 0.013659766 4955292.99300402
2 chipseq 5058052541 0.000114156 83893.8043947096 0.003390567 82510.1935304919 0.007473097 82627.6645
2 eager_8000.dot 14754556884 19.449307972 127022830.097734 37.146505259 238315967.489832 837.991502677 3123817423.40247
2 eager_10000.dot 14754556884 30.125574746 160323068.877273 55.720199967 282960595.881606 1433.207169863 3814961518.13483
2 methylseq_8000.dot 6761426956 0.610591473 300542811.098492 12.351314602 302715680.816431 169.692100485 1797919508.16324
2 atacseq_10000.dot 11809629756 0.628577574 319337091.255885 8.525646006 366562301.836645 141.420811048 5559543577.95132
2 eager_200.dot 19075314980 0.017531616 1105248.97904687 0.090026898 1772490.95603364 0.179841302 27913977.5110015
2 chipseq 4807293396 0.000113921 69135.2619122822 0.003459649 68097.4020833333 0.007582033 68097.4020833333
2 methylseq_10000.dot 6761426956 0.956212094 377372791.645068 23.788344001 380460691.131893 331.500978521 2256059399.90884
2 methylseq_1000.dot 22500260922 0.018596496 19324987.7197001 0.333620115 24645684.384946 1.509150483 670489362.32712
2 methylseq_8000.dot 22500260922 0.605628014 175994998.844033 12.160515936 223604697.089406 148.279099296 4759901042.57355
2 atacseq_1000.dot 2223941232 0.009750199 581201.427044144 0.298645994 6938437.5636439 0.742497414 86889945.0010061
2 atacseq_4000.dot 3908761308 0.105165518 65184956.1941318 1.868440197 84197291.7496988 7.884813148 1354240007.82435
2 chipseq_10000.dot 3793245764 0.45949431 251567956.183361 7.207071754 303685000.406282 114.109548209 3966436446.67816
2 eager_1000.dot 19132169434 0.315754546 21613796.511591 0.966021948 23990332.2282746 2.422121379 219058668.783005
2 eager_8000.dot 25705994498 19.31363149 264380501.707735 32.569213304 388515002.546285 386.157254977 2915051804.01345
2 methylseq_2000.dot 17027257018 0.048369741 191556888.979653 1.044508262 192310488.307741 5.494115041 1652755376.08169
2 methylseq_4000.dot 6761426956 0.160581953 148257660.341882 3.826242074 148614706.05208 31.108729886 883027419.779904
2 chipseq_8000.dot 4807293396 0.302453834 259456406.628744 7.705222428 328259804.027047 110.085230331 5881897250.3842
2 eager_4000.dot 19100037384 5.068444897 86467084.9523905 9.587745777 133067002.89449 46.65788516 1027045639.54507
2 eager_2000.dot 14754556884 1.290254989 32334114.3257905 2.985870435 43698910.3000533 15.771348876 709437145.603012
2 methylseq_4000.dot 22500260922 0.16917949 86427326.4601354 3.233794163 110219758.74707 26.371301541 2477216205.91261
2 atacseq_8000.dot 2223941232 0.418787571 79591402.3880839 6.533728413 101011465.390657 43.332317834 2413604021.07943
2 chipseq_200.dot 41366257414 0.001105103 23115625.6350388 0.028703457 32030502.4297664 0.063920053 239155550.419187
2 eager_200.dot 19132169434 0.015268191 1117469.15575254 0.090866677 1796820.30753527 0.180986265 28092237.1216049
2 atacseq_4000.dot 2223941232 0.113355096 37395022.4788227 2.314169727 46704256.5097647 8.918017452 934707147.518946
2 chipseq_10000.dot 41366257414 0.491731956 1650747339.02437 3.346064748 1863140169.42152 86.038950509 10050856596.7039
2 chipseq_4000.dot 4605965334 0.08928327 116204729.047309 1.605861953 133689765.324842 13.203714832 2047370231.9224
2 atacseq_10000.dot 2223941232 0.644937893 109643235.843061 9.097578945 128336283.317823 76.64622666 3078893995.86095
2 eager_2000.dot 8330435694 1.268402817 33116319.9752026 2.728977637 35866348.6375566 8.465737123 253919704.165102
2 methylseq_4000.dot 11897958606 0.159614493 267941851.102066 3.828274621 269214736.80129 32.124579498 1727834612.97591
2 chipseq_4000.dot 4807293396 0.08886591 124592811.238916 2.377690344 159945365.604584 18.247288753 2835440871.75901
2 eager_200.dot 14754556884 0.015268849 429989.887820067 0.085567265 351210.628630693 0.179249594 31862779.8421362
2 chipseq 4605965334 0.000113121 88227.9343397807 0.003515774 87845.2895833334 0.007744657 87845.2895833334
2 methylseq_2000.dot 6273818718 0.051844865 38276148.1975596 0.968107821 37246398.021199 5.522561244 852678011.121918
2 atacseq 2223941232 0.000168175 146657.737797931 0.00656201 62820.7524391561 0.014691944 59726.655
2 methylseq_1000.dot 17027257018 0.016953022 94092825.5745808 0.338031405 94428394.6094565 1.387473352 787104701.392291
2 chipseq_8000.dot 4605965334 0.303977926 240957768.71379 4.79165158 279084585.107902 78.144367575 4322030807.74627
2 atacseq_2000.dot 2223941232 0.033269955 14153979.7277897 0.689152407 20124354.0642916 2.251206171 395805080.101941
2 methylseq_200.dot 6273818718 0.0020328 60701.6816508255 0.039836387 60673.163 0.080624171 60673.163
2 atacseq_8000.dot 11187378708 0.408168834 263340526.378966 5.842834702 284961055.551901 76.316043314 4265825499.01618
2 methylseq 8885797810 0.000104089 42813.0833920918 0.001929716 42775.9263211972 0.00392071 42775.9263211972
2 methylseq_10000.dot 22500260922 0.940085224 219850539.109211 20.20207398 280871411.899791 283.936344789 5983124700.09606
2 methylseq_1000.dot 6761426956 0.016911966 34381807.0621359 0.350096164 33384962.3943992 1.33161845 197204674.838022
2 chipseq_2000.dot 3793245764 0.029179495 48905815.5782684 0.688782625 53864133.2119117 2.825139093 687913738.539924
2 methylseq_1000.dot 8885797810 0.017570598 45243591.1004176 0.354513893 43925306.2836773 1.35741673 259472598.4555
2 eager 19132169434 0.003266517 1117198.17168756 0.02418448 1796820.31546587 0.049735639 2228472.87611603
2 methylseq_10000.dot 17027257018 0.952898346 964543716.092834 21.349382194 968375632.216787 231.776515837 7123890111.57146
2 eager_200.dot 8330435694 0.015131266 187323.448510743 0.087059453 119877.082349557 0.178427649 155651.550217015
2 atacseq 11809629756 0.000169794 914649.148856148 0.006276394 279299.534808169 0.01408379 5367609.3324079
2 chipseq_10000.dot 4807293396 0.45764474 327697358.37294 10.803645687 406206458.939093 199.16817206 7552218674.68217
