algo_nr wf_name inp_size dur_alg1 ms_1 ms_perc dur_alg2 ms_2
3 atacseq_30000.dot 14091675276 1913.37675050702 14326746295.1257 2861326296.57649 2919.26467072887 2861326296.57649
3 chipseq_15000.dot 41366257414 359.586428077001 24139808528.4382 13629758035.3587 465.240764380001 13629758035.3587
3 methylseq_15000.dot 6761426956 458.292284117 2943479904.87116 450395630.395302 456.510421931007 450395630.395302
3 atacseq_15000.dot 3908761308 323.408952050998 2232487972.32701 286436307.459377 421.51754731701 286436307.459377
3 eager 19075314980 0.039750551 27218317.5268219 19325561.3245322 0.004961684 19325561.3245322
3 eager_1000.dot 25705994498 1.198434916 322888272.685327 109933957.381926 0.247572366000002 109933957.381926
3 eager_20000.dot 8330435694 848.563330340005 3455230589.33923 462847738.451393 1142.292364213 462847738.451393
3 eager_25000.dot 14754556884 1415.47366062901 4107496870.32646 1762332164.96988 2425.87221941195 1762332164.96988
3 methylseq_1000.dot 110641579976 0.660014007 2691853840.0839 6218071555.57016 0.171321037000004 6218071555.57016
3 chipseq_200.dot 5058052541 0.060899696 26010177.3596133 6835906.95544507 0.00980235300000002 6835906.95544507
3 atacseq_30000.dot 11809629756 1869.058542775 7652236321.04856 3695168139.77758 2845.44728852189 3695168139.77758
3 methylseq_1000.dot 6273818718 0.738812709999999 117492721.625393 29180339.5612347 0.206845797000007 29180339.5612347
3 chipseq_4000.dot 41366257414 7.18099864699997 6303993393.3042 3677437112.59666 5.58609598199999 3677437112.59666
3 atacseq_2000.dot 14091675276 1.675788684 965695297.073863 202013178.495746 0.935769979999998 202013178.495746
3 atacseq_1000.dot 11809629756 0.589958078 194088103.627911 76956102.0393435 0.171059579000005 76956102.0393435
3 methylseq_200.dot 17027257018 0.082415812 109269387.74884 13055994.3684459 0.010443892 13055994.3684459
3 methylseq_30000.dot 110641579976 3342.90425106901 76345846538.0067 162846594921.801 2879.52506297405 162846594921.801
3 methylseq_8000.dot 110641579976 71.25223242 20455239600.0654 55962012505.4319 89.3096360540048 55962012505.4319
3 methylseq_20000.dot 6761426956 883.643956669004 3920953590.1226 600526659.108148 872.81694514903 600526659.108148
3 atacseq_8000.dot 3908761308 43.8393844290002 1169166778.18787 159356204.772349 55.1801430490014 159356204.772349
3 methylseq_8000.dot 17027257018 63.4498495780002 4073886407.40847 482934620.735316 62.071954819995 482934620.735316
3 atacseq_10000.dot 14091675276 98.8669457019995 4764464450.83911 1001598119.70598 133.752673619002 1001598119.70598
3 atacseq_20000.dot 11809629756 693.555887867995 5086209987.41224 2453255388.25753 854.665941136037 2453255388.25753
3 atacseq_30000.dot 3908761308 1877.66196583799 4553566595.27267 587632029.269281 3076.70509025386 587632029.269281
3 eager_2000.dot 25705994498 3.509993242 667002477.565733 237461153.830156 1.30918823199999 237461153.830156
3 eager_1000.dot 14754556884 1.337859827 179510006.917269 61882839.4566719 0.249434626999999 61882839.4566719
3 atacseq_30000.dot 11187378708 1835.92010876902 7369720975.99494 1907043591.9287 2912.80996564292 1907043591.9287
3 methylseq_10000.dot 8885797810 147.012497815 2572277562.10998 390032774.068376 162.006093984 390032774.068376
3 atacseq_4000.dot 11809629756 8.11395094799999 974960549.803999 445179671.273456 5.62624909899993 445179671.273456
3 atacseq_1000.dot 14091675276 0.512961226000001 468401165.376722 86625161.5762095 0.228322076000005 86625161.5762095
3 methylseq_4000.dot 6273818718 9.32365189300005 467685530.127635 116238029.344757 5.92445581200002 116238029.344757
3 chipseq_1000.dot 4605965334 0.659726912 246860138.75452 18598333.3854032 0.170840139000006 18598333.3854032
3 atacseq_200.dot 11809629756 0.073283279 7662589.46344335 9368584.37130868 0.012528323 9368584.37130868
3 eager_8000.dot 19075314980 60.4229066550001 1844525457.74448 1228097406.32826 105.670954851999 1228097406.32826
3 methylseq_10000.dot 110641579976 160.201039651 25552942350.8754 69575738283.2989 187.073574852006 69575738283.2989
3 methylseq_2000.dot 22500260922 2.238504912 299363847.563237 206714985.589259 0.905702308999992 206714985.589259
3 chipseq_200.dot 32978181418 0.056607606 250442585.707249 236857224.900461 0.00841256099999999 236857224.900461
3 chipseq_2000.dot 4605965334 1.74288188299999 517101979.133745 37125260.1458199 0.964444165999995 37125260.1458199
3 methylseq_30000.dot 8885797810 3113.26030230203 7754794365.01025 1168692161.80022 2451.90044737828 1168692161.80022
3 eager_20000.dot 19075314980 821.976641523994 4493008897.71047 3219599506.99252 1100.84458791302 3219599506.99252
3 atacseq_8000.dot 11809629756 56.2946903809998 2036510528.00178 951560752.036464 61.7124761680029 951560752.036464
3 eager_30000.dot 19100037384 2425.168283078 6838227583.5274 8272937485.82732 3750.48831350281 8272937485.82732
3 chipseq_200.dot 4807293396 0.061097654 23918184.1805286 4047736.0631169 0.00979043399999999 4047736.0631169
3 chipseq_200.dot 3793245764 0.070259712 5555582.01036899 5616791.1 0.009956402 5616791.1
3 eager_8000.dot 19132169434 67.0307421380002 1887487030.05386 2095878118.43339 94.1028127809996 2095878118.43339
3 atacseq_10000.dot 11187378708 95.6684810109995 2466189711.70006 608596244.649109 144.525285406002 608596244.649109
3 chipseq_20000.dot 4807293396 713.057766528003 5406397219.60191 475915104.759399 844.621770738053 475915104.759399
3 chipseq_10000.dot 5058052541 82.2723488189998 3009959891.64676 293033542.460888 125.935150139999 293033542.460888
3 atacseq_4000.dot 11187378708 8.23804422399999 957480950.317405 230336367.708021 5.65813637199999 230336367.708021
3 chipseq_4000.dot 32978181418 6.34305973800002 7111469224.39659 3789257161.60043 5.16722001900002 3789257161.60043
3 eager_4000.dot 19075314980 12.284824349 902793274.531007 572465475.479146 7.169840319 572465475.479146
3 methylseq_4000.dot 17027257018 11.155380702 2054379219.84738 241469491.605808 5.96098391399991 241469491.605808
3 chipseq_1000.dot 41366257414 0.482138697 1493304989.21317 1006020043.60855 0.161144466000007 1006020043.60855
3 atacseq_10000.dot 3908761308 83.472418121 1472786608.5853 195620833.292472 138.149105737003 195620833.292472
3 eager_1000.dot 19100037384 1.333825173 248199675.321134 199206477.670346 0.228097556999997 199206477.670346
3 eager_25000.dot 25705994498 1518.75928974299 8429078977.13825 3001308176.07196 2365.18137670095 3001308176.07196
3 chipseq_25000.dot 41366257414 1230.37805180401 40717173419.7037 20768753970.1842 1714.84788647102 20768753970.1842
3 methylseq_15000.dot 11897958606 436.653633730999 5425021012.96549 767507900.689303 449.726877096009 767507900.689303
3 atacseq_30000.dot 2223941232 1841.96244570701 2784027991.27136 902500218.132675 2977.58242979882 902500218.132675
3 methylseq_1000.dot 11897958606 0.660952616 363686168.769578 51537901.2467836 0.179645390000005 51537901.2467836
3 atacseq_2000.dot 3908761308 2.075348217 260246538.776741 39339409.7693945 0.963863834999992 39339409.7693945
3 methylseq 11897958606 0.003315512 1840860.02627885 1843325.45 0.000371389 1843325.45
3 chipseq_25000.dot 5058052541 1219.16982440398 7412398989.53864 732763402.242992 1688.94191105607 732763402.242992
3 methylseq_15000.dot 110641579976 484.930367674001 38220983338.4394 82177996562.5974 484.899867474021 82177996562.5974
3 methylseq_15000.dot 17027257018 446.845142804001 7667495349.56198 907129580.604703 469.777526068005 907129580.604703
3 eager 14754556884 0.038982001 10209221.0637356 6994160.86566337 0.006184435 6994160.86566337
3 chipseq_2000.dot 32978181418 1.614123868 3489216244.35915 2013377892.96024 0.908607316999988 2013377892.96024
3 eager_2000.dot 19100037384 3.788871597 483607520.802107 524009218.085398 1.13442129 524009218.085398
3 atacseq_20000.dot 14091675276 690.617689231004 9511397595.71015 2012706494.70975 814.236611753041 2012706494.70975
3 atacseq_20000.dot 2223941232 720.568338945999 1814165446.42013 613978579.646706 874.015488127046 613978579.646706
3 chipseq_2000.dot 5058052541 1.726151477 566012308.291057 59628674.5554453 1.01034650799999 59628674.5554453
3 methylseq_20000.dot 11897958606 922.900516864999 7221489652.38068 1023342939.05049 890.976668886038 1023342939.05049
3 atacseq_25000.dot 14091675276 1189.95937265099 11897780673.62 2506589966.94883 1577.53897769703 2506589966.94883
3 atacseq_4000.dot 14091675276 6.69902408499998 1951760161.86022 331255612.510042 5.43807975199996 331255612.510042
3 eager_200.dot 25705994498 0.131517122 25609798.8368066 30281820.1262137 0.020936189 30281820.1262137
3 chipseq_15000.dot 4605965334 335.270967533998 4302847821.63933 265441107.749994 415.313310657017 265441107.749994
3 atacseq_15000.dot 14091675276 327.296796205 7149257421.97575 1415215996.2246 405.632942747009 1415215996.2246
3 methylseq_200.dot 110641579976 0.076896416 573660767.420349 1344418091.54457 0.009962147 1344418091.54457
3 methylseq 6273818718 0.00316363 992116.119918884 994094.7125 0.00037602 994094.7125
3 atacseq_15000.dot 11187378708 350.421172250001 3583847438.42302 908154181.754682 429.997204519008 908154181.754682
3 eager 25705994498 0.037332201 25604149.3385752 30281820.1262137 0.0055868 30281820.1262137
3 methylseq_4000.dot 8885797810 10.039438895 1025068202.14678 155733755.328733 5.63545135499998 155733755.328733
3 methylseq_20000.dot 110641579976 967.681927399006 50935635421.2442 116797888470.012 992.833236963012 116797888470.012
3 chipseq_2000.dot 41366257414 1.748882717 3134783253.63269 1872074412.63194 0.894650286999986 1872074412.63194
3 chipseq_15000.dot 32978181418 350.015622612003 28305939461.3323 13474602225.1034 449.377836395014 13474602225.1034
3 chipseq_8000.dot 5058052541 46.2113550040001 2469341041.68538 235604566.555441 58.3607320270057 235604566.555441
3 methylseq_8000.dot 8885797810 58.9452398700002 2049696012.08775 311465587.902614 63.7664492600045 311465587.902614
3 chipseq_8000.dot 41366257414 52.5689264299998 13084566549.2252 7063630459.7479 69.6824393790031 7063630459.7479
3 methylseq_8000.dot 6273818718 57.0899521549999 952135083.451188 232460004.352996 60.5414193450046 232460004.352996
3 eager_15000.dot 19100037384 432.081628311999 3455097017.31434 4113165085.75232 554.227033745016 4113165085.75232
3 chipseq_30000.dot 4807293396 1906.71953096799 8126914202.90939 713106456.146465 3103.45302046989 713106456.146465
3 methylseq_30000.dot 6761426956 3117.705540191 5892905093.51088 899708893.253054 2745.78474289791 899708893.253054
3 chipseq_1000.dot 32978181418 0.45534476 1682161400.73576 947616870.571318 0.159421110000006 947616870.571318
3 chipseq_30000.dot 4605965334 1954.56064557802 8811553956.18918 530831794.208355 2925.19499206205 530831794.208355
3 methylseq_10000.dot 6273818718 133.117123127 1187088366.74812 291066929.561235 147.614690684002 291066929.561235
3 methylseq_25000.dot 6761426956 1562.12368959601 4910720455.07466 750657687.82098 1786.21412724304 750657687.82098
3 chipseq_10000.dot 4605965334 91.1671299730001 2873264328.44655 177832745.260402 129.466108077002 177832745.260402
3 methylseq 22500260922 0.003585047 3882492.42736769 3882956.87387624 0.000380799 3882956.87387624
3 methylseq 110641579976 0.0032126 204408706.440384 204410296.919888 0.000356453 204410296.919888
3 eager_25000.dot 8330435694 1468.770497185 4455073234.553 578866479.355055 2348.00722793096 578866479.355055
3 chipseq_20000.dot 41366257414 736.582762779996 31966503194.2152 16661538939.2735 914.708582032026 16661538939.2735
3 chipseq_20000.dot 5058052541 729.131297809004 6062945276.10569 585621113.792978 847.03039714499 585621113.792978
3 chipseq_8000.dot 32978181418 41.2525612929997 14762161203.8538 7580455020.43322 62.3321552290008 7580455020.43322
3 atacseq_25000.dot 11187378708 1210.661010649 6139672715.22032 1559019432.66095 1649.20921320306 1559019432.66095
3 atacseq_25000.dot 3908761308 1213.83878196401 3759688088.18842 466916326.327272 1673.90355811407 466916326.327272
3 chipseq_4000.dot 5058052541 7.24310720300002 1186895692.0627 116847780.242944 5.54910093199998 116847780.242944
3 eager 8330435694 0.039268609 3289058.75380586 3276789.96875 0.006104245 3276789.96875
3 eager_15000.dot 14754556884 438.290505093999 2494869488.63768 1060387253.66764 563.20129199701 1060387253.66764
3 chipseq_15000.dot 4807293396 347.156301298001 4028664463.90508 356547689.615196 431.099611682018 356547689.615196
3 eager_4000.dot 25705994498 12.985064321 1439053867.96391 479563627.919821 7.96835346799998 479563627.919821
3 eager_8000.dot 19100037384 71.6288740989999 1850401017.11875 1999400705.1913 102.708387591 1999400705.1913
3 methylseq_4000.dot 110641579976 13.015011076 10327965426.0379 26048747912.8259 6.50629880000009 26048747912.8259
3 atacseq_200.dot 14091675276 0.069901548 22643290.0303831 24581222.0050736 0.013006098 24581222.0050736
3 chipseq_25000.dot 32978181418 1207.04195431699 47817601350.8232 28035487094.1975 1750.63693201502 28035487094.1975
3 eager_10000.dot 19100037384 130.238860616 2343343176.71991 2598173840.3233 205.544833287004 2598173840.3233
3 methylseq_30000.dot 11897958606 3161.796157133 10831962777.8786 1533172760.47859 2792.21325963697 1533172760.47859
3 atacseq_25000.dot 11809629756 1229.26496670502 6360447970.36451 3071929886.53079 1717.14773811411 3071929886.53079
3 eager_30000.dot 19075314980 2460.18457497797 6844943211.65424 4676029406.53442 3831.39343221184 4676029406.53442
3 methylseq_25000.dot 11897958606 1543.364258717 9034579872.66603 1279177977.4117 1801.74320496101 1279177977.4117
3 eager_15000.dot 19132169434 435.944072083999 3519136964.76297 3952276137.93312 605.400062276004 3952276137.93312
3 methylseq_30000.dot 22500260922 3367.566638452 4494703618.01827 2914771748.5519 3048.5028928589 2914771748.5519
3 atacseq_2000.dot 11187378708 2.275799266 461955775.974008 104459572.520859 0.946386362999992 104459572.520859
3 methylseq_10000.dot 11897958606 154.387017007 3610800496.49524 511672862.328116 160.157988696003 511672862.328116
3 chipseq_25000.dot 4605965334 1214.692554838 7287147568.08082 443202446.385429 1633.74112669102 443202446.385429
3 methylseq_30000.dot 6273818718 2861.01225795403 3624750161.41531 872455159.361232 2935.10305114413 872455159.361232
3 eager_30000.dot 8330435694 2549.59757789501 5370171010.84012 718377090.510897 3560.86265682589 718377090.510897
3 chipseq_200.dot 4605965334 0.070120295 5344411.94304218 5307813.72916667 0.009723518 5307813.72916667
3 methylseq_15000.dot 6273818718 409.610098260998 1794191306.07261 436731544.552996 429.638483714005 436731544.552996
3 methylseq_2000.dot 11897958606 2.652737138 726354180.810119 103073016.887892 1.07172917799999 103073016.887892
3 atacseq_200.dot 3908761308 0.083847212 6610076.78018327 4722177.17073361 0.01288518 4722177.17073361
3 eager_8000.dot 8330435694 68.7587528140001 1344342482.43779 197066778.246242 99.712142953999 197066778.246242
3 atacseq_200.dot 2223941232 0.08422044 3518928.67010645 8583080.84757057 0.012538645 8583080.84757057
3 chipseq_2000.dot 4807293396 2.054181601 472646967.242526 48330107.5110337 0.977910024999993 48330107.5110337
3 eager_20000.dot 19100037384 831.080795661995 4560571630.56778 5467332975.90949 1185.48265464003 5467332975.90949
3 eager_10000.dot 19075314980 152.342406249001 2372625241.25256 1593595798.95073 209.975870114002 1593595798.95073
3 methylseq_25000.dot 6273818718 1476.816648604 3008964017.27531 728059504.114413 1691.33487235307 728059504.114413
3 eager_10000.dot 8330435694 131.261421779001 1724920362.94553 241481320.157698 205.284120384 241481320.157698
3 methylseq_200.dot 8885797810 0.079735143 38656815.1914545 8419634.78823783 0.00990205 8419634.78823783
3 chipseq 32978181418 0.006351247 91500356.4236956 90197827.2263673 0.00072683 90197827.2263673
3 methylseq_2000.dot 6761426956 2.79991714299999 383077765.249974 60486987.4791845 0.888969157999996 60486987.4791845
3 atacseq_20000.dot 3908761308 697.931182954993 3009881456.78549 386779778.021021 832.535044429047 386779778.021021
3 atacseq_1000.dot 11187378708 0.633547682999999 187840516.465191 37498784.5461367 0.170929610000006 37498784.5461367
3 eager 19100037384 0.039999455 27298619.2046763 19405643.574563 0.00503676 19405643.574563
3 chipseq_10000.dot 32978181418 87.6995392720004 18637376934.803 11131357671.6372 146.796248407007 11131357671.6372
3 methylseq_2000.dot 110641579976 2.65724942000001 5215133867.44607 13948363361.2973 0.91282403299999 13948363361.2973
3 chipseq_8000.dot 3793245764 42.9617862710003 1814573125.79901 151653359.7 54.8996969230013 151653359.7
3 eager_25000.dot 19132169434 1381.084707057 5707004629.88249 6589519331.46618 2239.94617070199 6589519331.46618
3 eager_4000.dot 19132169434 11.912387157 920058811.792241 1034529933.63775 7.78996055499999 1034529933.63775
3 chipseq_1000.dot 4807293396 0.596707117 203131766.697825 23418600.34375 0.165544592000006 23418600.34375
3 eager_15000.dot 19075314980 437.688476461999 3394020397.66854 2316638001.39335 579.165985299005 2316638001.39335
3 methylseq_200.dot 6761426956 0.082338992 29401971.2201185 6483020.31628952 0.010245078 6483020.31628952
3 methylseq 17027257018 0.003542345 2178649.50221552 2179186.75 0.000370993 2179186.75
3 eager_1000.dot 8330435694 1.252976568 129667679.00079 23153162.6731761 0.243242698999998 23153162.6731761
3 chipseq_4000.dot 3793245764 6.74191059099999 900460477.03078 75826679.8500005 5.34357344000006 75826679.8500005
3 methylseq_200.dot 11897958606 0.07842208 77152947.0510208 11046024.6716266 0.01047093 11046024.6716266
3 atacseq_1000.dot 3908761308 0.641874912 93815942.7904866 20504539.3883144 0.171348419000006 20504539.3883144
3 chipseq_1000.dot 3793245764 0.64777829 204887184.178344 19658768.85 0.175230009000006 19658768.85
3 atacseq_2000.dot 11809629756 2.153199013 487735049.649279 194016720.237959 0.918032813999992 194016720.237959
3 eager_4000.dot 8330435694 12.890072188 616330545.253986 96764706.6445977 7.23940580000003 96764706.6445977
3 methylseq_200.dot 22500260922 0.081796675 39251694.9882963 18460741.3710229 0.010153353 18460741.3710229
3 eager_4000.dot 14754556884 12.919205331 678802735.379364 278899451.867587 7.44924065900001 278899451.867587
3 methylseq 6761426956 0.003145937 1080370.93131591 1082623.6 0.000371002 1082623.6
3 eager_200.dot 19100037384 0.142387348 27302913.8326704 35815137.8384142 0.017689101 35815137.8384142
3 methylseq_20000.dot 8885797810 915.020422871003 5164008642.33631 780063850.244371 873.763079293039 780063850.244371
3 atacseq_25000.dot 2223941232 1199.007567907 2314640842.34801 732280949.062497 1648.03885471607 732280949.062497
3 eager_20000.dot 25705994498 921.848798601001 7065383523.5027 2404998915.35016 1207.40426672702 2404998915.35016
3 eager_25000.dot 19075314980 1411.48565781601 5658485867.72282 4077522359.14106 2470.92305137493 4077522359.14106
3 chipseq_15000.dot 5058052541 345.401483776002 4412752029.1777 440413352.010907 425.006073345017 440413352.010907
3 chipseq_1000.dot 5058052541 0.617247053 256207933.484077 28859834.2429451 0.173980068000005 28859834.2429451
3 atacseq_15000.dot 11809629756 328.420691258999 3754376296.7738 1830017135.01076 425.044512746014 1830017135.01076
3 methylseq_2000.dot 8885797810 2.953324121 503834268.942803 78569108.920616 0.94145134299999 78569108.920616
3 chipseq 41366257414 0.005642191 88272179.5783277 88716806.9769542 0.000712486 88716806.9769542
3 methylseq_15000.dot 8885797810 438.374457111001 3872586142.08383 585048312.15638 450.315990524004 585048312.15638
3 methylseq_30000.dot 17027257018 2841.19235886499 15303050417.0497 1812080511.70943 2328.01707219396 1812080511.70943
3 eager_2000.dot 19075314980 3.895259489 491225102.521432 298338916.703638 1.14832296700001 298338916.703638
3 eager_2000.dot 19132169434 3.633966991 468524753.509353 504380188.81776 1.159022669 504380188.81776
3 chipseq_20000.dot 4605965334 730.239509149995 5594405211.05431 355623519.85417 830.666893901067 355623519.85417
3 atacseq_200.dot 11187378708 0.072540862 7267199.96808135 8453407.8910133 0.012661704 8453407.8910133
3 chipseq_15000.dot 3793245764 347.947615209 3419797213.63258 280901786.637493 416.314943588007 280901786.637493
3 atacseq_8000.dot 14091675276 42.2363411029999 3860691195.31896 801976554.802016 53.0990306920011 801976554.802016
3 eager_10000.dot 19132169434 139.679856695999 2370943448.04826 2626027863.25337 205.941247536 2626027863.25337
3 methylseq_8000.dot 11897958606 65.8373345059999 2882587240.30489 408602915.595899 61.820339634997 408602915.595899
3 eager_15000.dot 25705994498 470.858577977 5375422153.11473 1796057597.1065 579.82951781 1796057597.1065
3 eager_1000.dot 19075314980 1.32774372 253316156.300858 136256236.452732 0.224860322 136256236.452732
3 eager_30000.dot 25705994498 2758.53079009902 10305903615.2034 3606057564.68522 3664.58576016582 3606057564.68522
3 eager_10000.dot 25705994498 161.259499348 3428582390.89043 1204113470.8008 214.672304958 1204113470.8008
3 chipseq_20000.dot 3793245764 732.552308024002 4582102315.1051 376325003.699989 875.987261073064 376325003.699989
3 chipseq 5058052541 0.006342041 2491596.0380438 2464160.5375 0.000906382 2464160.5375
3 chipseq_30000.dot 41366257414 2023.47218349802 48974894366.443 25959582791.4573 3005.23867449617 25959582791.4573
3 eager_8000.dot 14754556884 73.8121118989999 1376068021.41874 557744495.137021 100.972993461001 557744495.137021
3 chipseq_30000.dot 32978181418 1864.77219722 57410213232.1328 26623128733.1353 2988.93849745413 26623128733.1353
3 methylseq_25000.dot 110641579976 1674.53385771799 63640743017.3443 118475306748.699 2005.27598010999 118475306748.699
3 eager_10000.dot 14754556884 130.592541255999 1721158633.29093 707495018.003246 208.413898768001 707495018.003246
3 eager_30000.dot 14754556884 2389.03855562503 4945768882.31638 2121187602.04681 3606.39511431086 2121187602.04681
3 methylseq_8000.dot 6761426956 63.724613841 1557961745.53882 239780414.522499 70.5044260530058 239780414.522499
3 atacseq_10000.dot 11809629756 83.9006273809998 2516166759.53251 1206778881.76398 139.664468337003 1206778881.76398
3 eager_20000.dot 19132169434 839.320225247004 4499017751.07406 5263271056.7863 1150.38863786004 5263271056.7863
3 eager_200.dot 19075314980 0.139600942 27222513.2298708 35710491.4477206 0.018383886 35710491.4477206
3 eager_20000.dot 14754556884 848.087754352002 3363154730.06482 1416056436.21995 1137.002944366 1416056436.21995
3 chipseq 4807293396 0.006374195 2039847.52406673 2019466.88541667 0.000902826 2019466.88541667
3 eager_15000.dot 8330435694 454.982865509002 2672851928.48394 360100218.888572 573.740908662013 360100218.888572
3 methylseq_10000.dot 6761426956 138.001155251 1954240161.45976 300264601.682445 157.136221312 300264601.682445
3 methylseq_1000.dot 22500260922 0.680682764 139801686.756915 106990018.260457 0.173793773000008 106990018.260457
3 methylseq_8000.dot 22500260922 70.8100846460003 1193356394.08368 774164563.860779 85.6923806440049 774164563.860779
3 methylseq_25000.dot 8885797810 1542.44165965 6460792529.62172 975079388.332362 1818.47898427901 975079388.332362
3 atacseq_1000.dot 2223941232 0.657374772000001 21156466.1996158 33876594.0080974 0.235547468000004 33876594.0080974
3 atacseq_4000.dot 3908761308 8.20211856600001 576910638.748497 78657037.7176513 5.91435796000006 78657037.7176513
3 chipseq_10000.dot 3793245764 83.1989497139994 2290823299.21731 188184795.508035 138.709736322002 188184795.508035
3 eager_1000.dot 19132169434 1.311487972 252106230.223383 239130533.881795 0.225936221999998 239130533.881795
3 methylseq_20000.dot 17027257018 934.953539751 10205621372.033 1209504832.3975 947.88178402604 1209504832.3975
3 eager_8000.dot 25705994498 71.0991067750002 2782167767.61302 960927729.557205 98.435857684 960927729.557205
3 methylseq_2000.dot 17027257018 2.247762973 1026774278.95098 121824070.552905 0.960995553999995 121824070.552905
3 methylseq_4000.dot 6761426956 10.127071415 779051578.929016 119891607.420869 6.03528231599995 119891607.420869
3 chipseq_8000.dot 4807293396 47.4531878790003 2133243237.0725 190858469.177702 64.3773378730032 190858469.177702
3 methylseq_20000.dot 6273818718 862.702166808001 2395589502.19936 582396159.544757 882.785544661029 582396159.544757
3 eager_4000.dot 19100037384 12.589717033 900916004.693974 934050553.153165 7.60732444499996 934050553.153165
3 methylseq_20000.dot 22500260922 954.449386455994 3015318156.24409 2034536081.96646 1001.65555807002 2034536081.96646
3 eager_2000.dot 14754556884 4.369044 388716188.062819 134965089.475906 1.35301070099999 134965089.475906
3 atacseq_20000.dot 11187378708 680.383534222999 4910051129.03538 1237998575.03296 842.06671688504 1237998575.03296
3 methylseq_4000.dot 22500260922 10.336466007 607605602.078687 402322226.828984 5.75561723100004 402322226.828984
3 atacseq_15000.dot 2223941232 333.889019961002 1344824159.69272 460117865.218489 431.755125243016 460117865.218489
3 atacseq_8000.dot 2223941232 45.6948608250001 705088273.58961 247077804.214098 57.3194881870027 247077804.214098
3 chipseq_200.dot 41366257414 0.052043429 289769163.561154 279500263.871531 0.00848961100000001 279500263.871531
3 eager_200.dot 19132169434 0.139327107 27394858.5572789 36424112.0602865 0.018509592 36424112.0602865
3 chipseq_25000.dot 4807293396 1226.12487690199 6848496107.33104 593520970.094355 1724.86183535103 593520970.094355
3 atacseq_4000.dot 2223941232 8.58323810399997 325233518.408941 111219994.156344 5.76676496500007 111219994.156344
3 chipseq_10000.dot 41366257414 107.113940281 16135723124.4256 8301535832.69806 135.360908201 8301535832.69806
3 chipseq_4000.dot 4605965334 6.64573604099998 1065853202.83095 71676470.6770696 5.25617858499998 71676470.6770696
3 atacseq_10000.dot 2223941232 95.2141550879997 879518981.345805 306998751.053717 143.697526807005 306998751.053717
3 chipseq_25000.dot 3793245764 1222.220268094 5750597605.10444 469024350.508023 1643.416413972 469024350.508023
3 methylseq_25000.dot 17027257018 1580.245995861 12769131514.0255 1511880084.19031 1643.22408362704 1511880084.19031
3 eager_30000.dot 19132169434 2470.734926616 6754355192.39697 7915418041.09414 3871.35831847896 7915418041.09414
3 eager_2000.dot 8330435694 3.902029947 285816322.892478 48732497.3985836 1.18152173500001 48732497.3985836
3 chipseq_30000.dot 5058052541 1890.15935506201 8941412158.64785 880116271.005507 2983.08122500609 880116271.005507
3 methylseq_4000.dot 11897958606 10.104676485 1453451543.78549 204302992.875787 5.80557123799996 204302992.875787
3 chipseq_4000.dot 4807293396 6.95883937099999 1030031425.67971 94671704.2610332 5.34008542299997 94671704.2610332
3 eager_200.dot 14754556884 0.135856205 10812400.9857264 13441298.8210609 0.021679593 13441298.8210609
3 methylseq_15000.dot 22500260922 454.999704857001 2237022293.76075 1507691718.50975 492.029950922997 1507691718.50975
3 chipseq_20000.dot 32978181418 715.954589213004 38204724967.5417 21553072769.7556 858.961536000067 21553072769.7556
3 methylseq_2000.dot 6273818718 2.221313743 230494154.501449 58622979.5447568 0.880389349999996 58622979.5447568
3 methylseq_1000.dot 17027257018 0.672638845 513966892.294165 60913947.8896078 0.171090755000002 60913947.8896078
3 eager_25000.dot 19100037384 1436.98544640501 5683966840.56073 6741756538.50615 2355.63674721894 6741756538.50615
3 chipseq_8000.dot 4605965334 39.9669913059999 2177059353.1096 143281534.729154 48.8769987859974 143281534.729154
3 atacseq_2000.dot 2223941232 2.34058782800001 136975323.02952 59730218.3702344 0.927589949999991 59730218.3702344
3 methylseq_200.dot 6273818718 0.084840144 14809778.3167396 6245661.54475681 0.00999501899999998 6245661.54475681
3 atacseq_8000.dot 11187378708 52.8127587030003 1958299398.92388 492975216.641351 61.7785905190025 492975216.641351
3 methylseq 8885797810 0.003171567 1403249.64354571 1404687.375 0.000372662 1404687.375
3 methylseq_10000.dot 22500260922 146.333771126 1480037185.37533 962408645.176673 172.180701314008 962408645.176673
3 methylseq_1000.dot 6761426956 0.811446466 185300048.733255 30244765.8679634 0.176575092000006 30244765.8679634
3 chipseq_2000.dot 3793245764 1.93553925200001 460047039.586304 39277599.7205376 0.958470488999993 39277599.7205376
3 methylseq_25000.dot 22500260922 1736.738038161 3723990093.81056 2546617924.96786 1954.10655369704 2546617924.96786
3 chipseq_30000.dot 3793245764 1974.51375045601 6904133161.49332 561741341.637489 3031.38973844382 561741341.637489
3 methylseq_1000.dot 8885797810 0.812090969000001 243697946.842048 39285403.4064842 0.163616115000007 39285403.4064842
3 eager 19132169434 0.039830583 27390403.62926 19489217.5246003 0.004981465 19489217.5246003
3 methylseq_10000.dot 17027257018 133.152052655 5101491348.30486 604754328.811911 145.493083570998 604754328.811911
3 eager_200.dot 8330435694 0.138382463 4773990.09324215 6107811.60011789 0.021870528 6107811.60011789
3 chipseq_10000.dot 4807293396 88.5274345510002 2665954194.17792 237406972.167905 133.320714818998 237406972.167905
