algo_nr wf_name inp_size dur_alg1 ms_1 ms_perc dur_alg2 ms_2
0 atacseq_30000.dot 14091675276 47.6365647860003 14356893239.2394 1115893423.05358 465.898102968999 30034811687.8346
0 chipseq_15000.dot 41366257414 15.6608326019999 24202918861.3091 2139415153.88143 78.8200995450078 44785593900.8477
0 methylseq_15000.dot 6761426956 121.331834016 2946493909.20014 240634230.97596 121.29009882901 5364374713.36747
0 atacseq_15000.dot 3908761308 12.7688859530001 2232620259.3951 194185974.404653 75.9444015200077 8064643380.88363
0 eager 19075314980 0.039683673 34510909.1373662 6180168.3584802 0.008797247 30851929.2449672
0 eager_1000.dot 25705994498 1.051486033 346677531.865993 23858063.4942464 0.454950288999996 474009305.851328
0 eager_20000.dot 8330435694 86.9916332289993 3401658534.67312 172021962.903523 581.816188659026 6873466064.564
0 eager_25000.dot 14754556884 102.153083689001 4142622453.59472 434175491.82708 1655.62636448001 12444690302.1193
0 methylseq_1000.dot 110641579976 0.510569239999999 2515568078.21895 223531369.090594 0.242711286999996 3008209776.74921
0 chipseq_200.dot 5058052541 0.05748307 25342162.6579338 4502214.4625 0.011301018 23468558.0327032
0 atacseq_30000.dot 11809629756 58.0259839819996 7657706310.51749 580339599.811779 347.882064121045 18457936213.8294
0 methylseq_1000.dot 6273818718 0.558727036 115387716.169615 11795977.1228345 0.226534172999997 163885202.455312
0 chipseq_4000.dot 41366257414 1.906702445 6348965360.28265 539530680.397978 2.86597930599995 11714448600.0216
0 atacseq_2000.dot 14091675276 0.766907102 992451053.259306 57922650.2408176 0.718164904999991 1862954853.60119
0 atacseq_1000.dot 11809629756 0.441868008 201847660.099166 14108926.123649 0.196575007999998 401324965.196029
0 methylseq_200.dot 17027257018 0.077220649 117435479.380192 6494049.08333333 0.014347573 138529377.447669
0 methylseq_30000.dot 110641579976 598.220495951 76507652955.7421 6747785286.36064 1406.225857889 88842614504.1722
0 methylseq_8000.dot 110641579976 26.270105295 20433614904.04 1775549013.97529 18.754445124001 23433344993.339
0 methylseq_20000.dot 6761426956 189.145781227 3923597551.7454 313944899.476101 260.819893713001 6955011161.97892
0 atacseq_8000.dot 3908761308 5.393625921 1161037254.53894 105826006.608483 18.2974249160007 4059829540.20797
0 methylseq_8000.dot 17027257018 21.0878502279999 4075673468.46056 250032684.853948 22.7212305019992 6863540069.09601
0 atacseq_10000.dot 14091675276 6.74738525100002 4766299825.85556 389275313.684128 23.0094945549996 9652526571.48236
0 atacseq_20000.dot 11809629756 41.9817570459999 5092643758.67053 382389711.789274 129.681155874 12232325688.2824
0 atacseq_30000.dot 3908761308 36.5167674000001 4509236065.03985 381002062.259481 482.126047842998 15816120485.5692
0 eager_2000.dot 25705994498 2.339044587 700174285.791075 56765648.0602599 1.91445540600002 1191176097.02378
0 eager_1000.dot 14754556884 1.108301443 178155703.509521 15751034.608569 0.461995282999999 240487234.362456
0 atacseq_30000.dot 11187378708 61.8744927040002 7461930004.26595 634201540.27216 353.413169150025 17846304848.5353
0 methylseq_10000.dot 8885797810 37.464626964 2572324448.27927 200149317.964163 40.0431819650011 4234338533.71552
0 atacseq_4000.dot 11809629756 2.98891946599999 1008745054.32062 77830111.2694954 2.71180186999998 2396421439.04064
0 atacseq_1000.dot 14091675276 0.3665358 486056598.957049 31235465.7601737 0.184271276999999 940822748.839317
0 methylseq_4000.dot 6273818718 4.67455748699999 470597675.750062 51293822.1611621 3.89385681499993 982377526.794502
0 chipseq_1000.dot 4605965334 0.522444895 228535532.071118 17451141.662693 0.251904802999997 534485280.242508
0 atacseq_200.dot 11809629756 0.063286797 6788724.14725701 2969685.31121578 0.011558087 5671894.56336237
0 eager_8000.dot 19075314980 18.329232595 1853524085.19462 129118067.68331 48.993500013003 4597965601.69829
0 methylseq_10000.dot 110641579976 47.8743104920001 25586749331.6082 2218902341.24419 33.9814658429989 29755187708.6312
0 methylseq_2000.dot 22500260922 1.432535221 289621954.070016 73457550.0101193 0.887722826999989 822250241.772214
0 chipseq_200.dot 32978181418 0.051928802 229684627.423377 24701429.1458333 0.010337776 513945380.313704
0 chipseq_2000.dot 4605965334 0.913171749999998 523343581.397641 33785017.1341508 1.01637507299999 1273397224.04137
0 methylseq_30000.dot 8885797810 493.630427147999 7750644851.45831 608539700.328229 1513.68350351995 13957458011.8472
0 eager_20000.dot 19075314980 71.3986049799998 4578437790.49173 344936020.227932 564.677017472026 12290911432.2372
0 atacseq_8000.dot 11809629756 11.376042182 2044639936.3635 148213173.638321 12.307891621 4936590168.91378
0 eager_30000.dot 19100037384 137.986596298 6904549601.66561 500922587.03617 3132.28950495235 17888392801.8903
0 chipseq_200.dot 4807293396 0.057943915 23501597.0643605 3661916.94791667 0.011078763 20616213.2459328
0 chipseq_200.dot 3793245764 0.067243886 6885202.05816943 5364183.59448032 0.012795086 24034789.1050309
0 eager_8000.dot 19132169434 17.740416225 1895468988.80471 131005044.500964 49.5335859260034 4556538815.04806
0 atacseq_10000.dot 11187378708 12.37674205 2467014167.03656 195817113.119514 19.4517789390005 5707663867.46669
0 chipseq_20000.dot 4807293396 22.2901055580001 5389925349.39544 278580572.528724 171.298500522999 16898142264.897
0 chipseq_10000.dot 5058052541 7.155058504 3049377331.59537 185231684.866533 35.873670794 8732183239.27503
0 atacseq_4000.dot 11187378708 3.404311655 978222776.54559 86627966.0328363 2.64814897799994 2103258588.52294
0 chipseq_4000.dot 32978181418 1.745406052 7180313259.38784 389530700.24297 3.63886553299992 11485211965.2676
0 eager_4000.dot 19075314980 6.759247854 900213403.478497 66989052.8076518 8.79155651099999 2122380222.02155
0 methylseq_4000.dot 17027257018 4.713475004 2055260451.1409 123665446.770824 4.07990176099997 3169779107.86493
0 chipseq_1000.dot 41366257414 0.335398231 1490222006.573 123460057.449275 0.153144827 2722965825.24014
0 atacseq_10000.dot 3908761308 7.31334436299997 1464888232.39413 127517289.750925 29.7857147489994 5178355616.91335
0 eager_1000.dot 19100037384 1.057344771 231446149.75975 16928470.3426701 0.460283994999998 351254539.32065
0 eager_25000.dot 25705994498 250.557694360002 9331390425.85896 644015039.91234 1670.01412420336 17688632067.109
0 chipseq_25000.dot 41366257414 39.765280898 40497634369.3327 3583368097.52795 315.245232016011 75525080105.0381
0 methylseq_15000.dot 11897958606 96.7299559530001 5426074488.75412 409465861.881423 111.524468291011 9313481917.64159
0 atacseq_30000.dot 2223941232 51.0114219659998 2806047465.91929 225325763.118354 375.356525033013 11405274855.3788
0 methylseq_1000.dot 11897958606 0.605350681 376101941.306499 25625449.5625 0.250904067999997 444015416.716902
0 atacseq_2000.dot 3908761308 1.175091146 261798255.001106 21723908.7823754 0.899779355999989 661426838.323642
0 methylseq 11897958606 0.003068583 1167540.32740684 1840539.7875 0.00046954 1167880.52096983
0 chipseq_25000.dot 5058052541 25.559188916 7687288165.52866 446073776.29768 367.875352795026 23339165442.464
0 methylseq_15000.dot 110641579976 123.414508623 38218555924.9472 3367607266.20529 100.864212052009 43684174412.1773
0 methylseq_15000.dot 17027257018 93.5305547680004 7670535494.01126 476100078.931998 111.748294835013 13088716962.7328
0 eager 14754556884 0.037033624 10986551.0451718 6385053.99772278 0.008830576 11673249.2479563
0 chipseq_2000.dot 32978181418 0.713610028000001 3479100313.83041 190436990.405138 0.752390251999991 6026046427.18638
0 eager_2000.dot 19100037384 2.790424869 480911924.005322 34904629.9638141 1.92927641900002 901196943.173323
0 atacseq_20000.dot 14091675276 20.185445721 9576291712.44625 746105876.551054 150.688499684006 20051469507.9728
0 atacseq_20000.dot 2223941232 28.2252152480002 1833125746.61645 146800402.173353 129.82100255301 7421488834.58864
0 chipseq_2000.dot 5058052541 0.919713775 574981256.309478 30741257.8683771 0.972746984999987 1469154923.56017
0 methylseq_20000.dot 11897958606 196.616593657 7221593796.38922 551632695.814077 255.520026807013 11851775764.216
0 atacseq_25000.dot 14091675276 32.1634942570001 12019159128.859 932754875.702298 277.946519161996 24639726121.648
0 atacseq_4000.dot 14091675276 1.908546399 1940860051.16755 122679364.811303 2.48470855499999 3884274614.28024
0 eager_200.dot 25705994498 0.125499163 27044498.7627732 8362390.95724123 0.030327257 74736038.1657878
0 chipseq_15000.dot 4605965334 10.210882694 4290449704.5735 321717574.980041 98.9158012740088 12167494130.0081
0 atacseq_15000.dot 14091675276 12.470070067 7151467880.96082 552290447.712588 68.7645079610046 14712095223.6713
0 methylseq_200.dot 110641579976 0.07445616 695430682.626737 49318276.7957298 0.014804086 606448668.488681
0 methylseq 6273818718 0.003169726 1381741.95613501 991875.3625 0.000470772 1381495.66677064
0 atacseq_15000.dot 11187378708 27.044782407 3691411940.19651 307705421.955758 54.2981989210036 8255355160.71904
0 eager 25705994498 0.037769956 25292475.2692912 8004106.34485963 0.008511944 74296842.1228782
0 methylseq_4000.dot 8885797810 5.117545299 1025450300.96369 80083218.6841476 4.15378995999996 1537345007.95281
0 methylseq_20000.dot 110641579976 221.260603729999 50975370104.0229 4511998355.12115 209.572827045015 58848493210.9512
0 chipseq_2000.dot 41366257414 0.782433635999999 3107128899.76706 256371281.994416 0.650502701999992 5600252083.38671
0 chipseq_15000.dot 32978181418 11.319913488 27961330743.6236 1541757322.78536 83.9215378520066 44201933321.7855
0 chipseq_8000.dot 5058052541 5.570389793 2415167179.37159 147277756.540166 20.8310582780008 6987832892.75063
0 methylseq_8000.dot 8885797810 26.239407521 2051345068.4313 159558382.343009 23.065952191 3342423434.42972
0 chipseq_8000.dot 41366257414 5.63501285000001 12842657578.8676 1074891574.44511 14.8604592719998 23982146965.9236
0 methylseq_8000.dot 6273818718 21.150881517 957757006.191042 99827984.6371036 19.1308679429988 2151794564.63355
0 eager_15000.dot 19100037384 51.1229894770001 3490613108.66542 255634031.488633 289.144662394004 9019549679.88082
0 chipseq_30000.dot 4807293396 42.4010254559999 8139664705.61116 429081796.485244 518.292056573048 26466391981.412
0 methylseq_30000.dot 6761426956 500.493048132001 5892810892.95221 466005244.59207 1558.66523528322 10856019128.5668
0 chipseq_1000.dot 32978181418 0.315836165 1697887662.11144 87054348.3402194 0.187976044999999 2509813475.55825
0 chipseq_30000.dot 4605965334 26.275260215 9240623363.41039 614198769.473049 623.437283955002 24527831271.5886
0 methylseq_10000.dot 6273818718 37.357498433 1197025427.7271 128926471.579195 35.794784330001 2500964269.78036
0 methylseq_25000.dot 6761426956 324.732850392 4913519454.27457 394021829.584874 739.827351385985 9271981839.37942
0 chipseq_10000.dot 4605965334 5.56056302200001 2742331889.52836 197727415.974412 34.9744742300023 8051703020.04792
0 methylseq 22500260922 0.003582272 2443291.63527755 2897379.09375 0.000470513 3063300.51566964
0 methylseq 110641579976 0.003125928 3320080.43561049 15084215.225 0.000459907 192644419.908527
0 eager_25000.dot 8330435694 129.195870058 4340969046.54301 216630311.341796 1737.92437752521 8567118472.85954
0 chipseq_20000.dot 41366257414 25.3939172850001 32436533568.6697 2878082108.29617 173.184557231001 60420321454.765
0 chipseq_20000.dot 5058052541 17.4612909109999 5902080208.95998 370933183.326711 203.198697345006 17547342352.3359
0 chipseq_8000.dot 32978181418 4.625911194 14710570836.0452 795291561.986174 17.0410457959999 23413884971.1705
0 atacseq_25000.dot 11187378708 45.8843811600002 6221662400.126 546079245.769107 211.818814929003 14766355512.2762
0 atacseq_25000.dot 3908761308 26.315003896 3728006077.30285 317994710.623511 286.696874402015 13116376658.8852
0 chipseq_4000.dot 5058052541 2.14411466 1165546349.79921 65049837.6197958 4.31459846999994 3451555854.17273
0 eager 8330435694 0.040005651 4551520.03347928 3387619.98513362 0.009104531 3907174.13054811
0 eager_15000.dot 14754556884 55.2595691859999 2556017866.97461 251475768.659375 276.721467785009 7357364832.87138
0 chipseq_15000.dot 4807293396 14.092402139 4056397696.49363 206640815.100139 81.0301831390096 12496059501.6278
0 eager_4000.dot 25705994498 6.24551830100001 1401707394.8475 96769150.7652121 8.59490003099993 2443459605.71491
0 eager_8000.dot 19100037384 16.116064611 1841443586.03489 130280408.014335 49.0540073390029 4502984127.85312
0 methylseq_4000.dot 110641579976 6.189177633 10187056668.2732 893352673.955623 3.64033290099992 11808964624.8861
0 atacseq_200.dot 14091675276 0.058804156 39019953.5167578 6889764.87154826 0.012849782 35287104.9925017
0 chipseq_25000.dot 32978181418 33.0742586170001 47008441527.4099 2601506108.10308 327.631685304022 74898239631.2995
0 eager_10000.dot 19100037384 25.4135658420001 2341460243.73592 171415424.575376 92.7285571850047 5785997771.5286
0 methylseq_30000.dot 11897958606 517.543099579006 10834067635.0019 791992425.897101 1570.98829114297 18460789857.7549
0 atacseq_25000.dot 11809629756 41.996577121 6361268146.14288 489584092.509456 216.720181255021 15300506950.6323
0 eager_30000.dot 19075314980 148.737682414 6819548948.95392 492492810.245471 3004.92939011752 17750746397.1486
0 methylseq_25000.dot 11897958606 326.786905809 9039133065.68778 670445827.949168 731.943825839046 15803531796.348
0 eager_15000.dot 19132169434 55.5936936230001 3466151849.40788 246542609.372367 280.264843040004 8785236674.80472
0 methylseq_30000.dot 22500260922 594.171304051999 4484682346.06681 1137262268.57124 1372.36387100598 14627027738.8072
0 atacseq_2000.dot 11187378708 1.343653302 462221376.970461 45852881.559864 0.67677825799999 1018536802.23628
0 methylseq_10000.dot 11897958606 39.0856964499999 3611013282.72817 262267269.039256 38.4695616780008 5614930097.75917
0 chipseq_25000.dot 4605965334 24.022463853 7506905827.99941 493134158.322753 374.945302596031 20320900423.7323
0 methylseq_30000.dot 6273818718 375.390827109999 3631018018.0912 384737543.236634 1103.06085820695 8603805971.66525
0 eager_30000.dot 8330435694 237.584581665999 5346258721.45534 265854444.215018 3341.64540499998 10222164902.8009
0 chipseq_200.dot 4605965334 0.065779285 5843915.76305975 5156549.85416667 0.012514315 50857856.4208617
0 methylseq_15000.dot 6273818718 86.0468536529998 1806520639.04905 189824318.238727 107.233316277011 3898922633.67815
0 methylseq_2000.dot 11897958606 1.573529321 727075931.749246 51240539.2124998 1.04367241200001 892126746.678056
0 atacseq_200.dot 3908761308 0.072304799 6119349.55153982 2567367.37453712 0.01281959 3054188.45289057
0 eager_8000.dot 8330435694 20.812448608 1305924005.72296 73630328.7486726 55.5352573010026 2639960205.95746
0 atacseq_200.dot 2223941232 0.075898636 3501889.7047515 1591901.05744462 0.012452634 1889433.51654122
0 chipseq_2000.dot 4807293396 1.092052218 482799749.314142 24489510.5510955 0.910716604999987 1388418128.89776
0 eager_20000.dot 19100037384 74.0163239140002 4571888463.92242 340893859.85689 549.99323797402 12324336813.9987
0 eager_10000.dot 19075314980 31.5328322389998 2382845360.81343 168249477.005396 93.1604795530074 5676763465.14564
0 methylseq_25000.dot 6273818718 250.154149554999 3021982848.79824 316053906.480738 533.355355244019 6609434362.74384
0 eager_10000.dot 8330435694 31.088909808 1693212910.59104 93023406.5840277 102.852633127004 3317632802.78752
0 methylseq_200.dot 8885797810 0.081677867 44974408.3426747 4188096.6625 0.014027212 34936050.6724908
0 chipseq 32978181418 0.006416974 127777007.674333 12821832.7291667 0.000994054 185094773.031574
0 methylseq_2000.dot 6761426956 2.049976688 383706809.053477 29954341.9280355 1.062125578 404832345.600035
0 atacseq_20000.dot 3908761308 18.122066677 2963697062.70585 265511274.010512 150.908463429008 10328249054.8565
0 atacseq_1000.dot 11187378708 0.488651978 178400651.407759 15310652.0698836 0.189675573999998 402959555.596525
0 eager 19100037384 0.039159708 27299393.2406989 6188239.19062296 0.00878099 29470925.9487889
0 chipseq_10000.dot 32978181418 6.28548416400001 18470028210.6746 1013373192.32387 29.3704815220016 29728112374.2857
0 methylseq_2000.dot 110641579976 1.285173826 5366310340.32593 457458521.494194 0.865298601999988 5746035268.43441
0 chipseq_8000.dot 3793245764 4.151043742 1815265224.68876 164237819.874528 20.3618668610004 6019989957.65516
0 eager_25000.dot 19132169434 92.1271018490001 5701506561.55134 406749120.782989 1539.5182525091 14647248070.4731
0 eager_4000.dot 19132169434 6.41246318200002 908525484.80788 66188951.0577478 8.72102259800002 2126925010.79014
0 chipseq_1000.dot 4807293396 0.439245417999999 192390087.197432 12784860.7284455 0.224934619999997 551229403.813448
0 eager_15000.dot 19075314980 60.0582219060003 3563123703.97704 254207717.734181 271.362676882996 9106551701.35273
0 methylseq_200.dot 6761426956 0.077319546 37970638.3141063 3218254.05527595 0.014221281 23193650.4181969
0 methylseq 17027257018 0.00387103 1281701.02872785 2178112.25 0.00047053 1282087.39720832
0 eager_1000.dot 8330435694 1.157279043 138648094.760416 11611141.7075235 0.491657845999997 179192891.691622
0 chipseq_4000.dot 3793245764 1.97142676999999 912270539.47244 76646738.8139733 4.37163743999994 2768027110.43412
0 methylseq_200.dot 11897958606 0.074260406 91736953.9491852 5500687.87612111 0.014074198 66284520.4167458
0 atacseq_1000.dot 3908761308 0.478367673 100959878.591486 11595581.3959739 0.226003790999997 221888196.192995
0 chipseq_1000.dot 3793245764 0.526335932999999 186622794.54312 17851656.264916 0.246876647999996 390968194.422813
0 atacseq_2000.dot 11809629756 1.333607578 491159881.589147 44817579.593076 0.696239161999997 1061858220.91256
0 eager_4000.dot 8330435694 7.91781728500001 631416573.894756 37178974.5901564 9.61235162500021 1143138382.74597
0 methylseq_200.dot 22500260922 0.078249769 39042588.7484771 8656633.07291667 0.014413285 37823821.0077535
0 eager_4000.dot 14754556884 8.39346716900001 703826932.245465 79573118.9675758 9.23493072000012 1841723431.21906
0 methylseq 6761426956 0.003162688 1352861.41162966 1080079.2625 0.000464936 1355246.30043507
0 eager_200.dot 19100037384 0.125853026 43260380.6926896 6187523.47012759 0.030499968 28045618.263951
0 methylseq_20000.dot 8885797810 188.132363775 5160160620.61275 405874275.303591 285.255007052016 9664742654.76476
0 atacseq_25000.dot 2223941232 37.9598202659999 2305300375.93375 183124936.098047 237.572578351984 9609769082.95821
0 eager_20000.dot 25705994498 139.327614201 6856079988.28113 507493488.980404 560.675070338014 13890170001.62
0 eager_25000.dot 19075314980 111.314110844 5733982283.39931 396312220.063492 1630.65154118901 14595725559.123
0 chipseq_15000.dot 5058052541 12.123058433 4587038150.84882 272690587.19027 99.3423005380072 13287623785.7705
0 chipseq_1000.dot 5058052541 0.456456698 266148671.286482 15615637.6841125 0.227596166999996 623347335.815752
0 atacseq_15000.dot 11809629756 26.3414336330002 3856727049.93758 295471864.812122 56.0641643940039 8630677556.94297
0 methylseq_2000.dot 8885797810 1.917275765 505273609.556487 39013784.2577145 1.047922388 829101336.962003
0 chipseq 41366257414 0.005603417 122962832.428705 15948068.1770833 0.000883262 152295794.455163
0 methylseq_15000.dot 8885797810 93.0450308659997 3873229842.65187 314010077.698929 116.62948233301 6936296098.19396
0 methylseq_30000.dot 17027257018 404.155925576001 15312509716.3788 946784482.16528 1471.17188338903 26401079930.9617
0 eager_2000.dot 19075314980 2.727542364 458697235.027978 34632605.7155192 1.92828962900003 883555591.634586
0 eager_2000.dot 19132169434 2.758558244 473619549.157981 34588032.3218015 1.95082591500001 895104629.755805
0 chipseq_20000.dot 4605965334 15.923790586 5805982270.86612 400212504.083227 211.606868912011 16330949652.3168
0 atacseq_200.dot 11187378708 0.0612426 5550578.14151821 3296460.2875 0.011664714 4645611.29649622
0 chipseq_15000.dot 3793245764 10.090628607 3497395502.96986 309296876.589966 100.91240178601 11171028504.3527
0 atacseq_8000.dot 14091675276 4.880300022 3882124949.73195 279452451.486237 12.7199558650003 7669031630.32513
0 eager_10000.dot 19132169434 28.052080711 2362596100.40766 171446561.944452 94.0476629210071 5837354221.54509
0 methylseq_8000.dot 11897958606 22.893050902 2884447443.90197 211572223.617183 21.9033154140006 4069878512.57872
0 eager_15000.dot 25705994498 100.315302062 5434295293.89807 392148192.210276 263.998320272008 10701929438.288
0 eager_1000.dot 19075314980 1.158978378 231614772.071236 16905697.2568826 0.459593029999998 372887374.872835
0 eager_30000.dot 25705994498 252.918882198999 10272281397.6621 746660955.050177 3111.4348936106 21175766095.005
0 eager_10000.dot 25705994498 36.1355411830001 3518621295.35764 252584794.839357 90.8065690520037 6833453409.33525
0 chipseq_20000.dot 3793245764 14.902340357 4653404606.3717 423588572.632656 215.071693872995 15662815093.8453
0 chipseq 5058052541 0.006573163 2223315.94114498 2410278.9625 0.001127694 2250866.42682786
0 chipseq_30000.dot 41366257414 57.416386238 48786230768.5433 4347985610.74706 508.962174164023 93621122935.2847
0 eager_8000.dot 14754556884 22.187258076 1400610783.73552 135895012.236536 51.2553261540026 3753369203.69793
0 chipseq_30000.dot 32978181418 37.8694107850001 56621587916.2801 3139578393.83902 523.720436444028 89853336086.0203
0 methylseq_25000.dot 110641579976 385.591755154999 63697824361.2968 5600260055.73521 666.299038094987 73992704625.5811
0 eager_10000.dot 14754556884 30.102586336 1775871162.92013 175274882.516904 91.5066937820067 4821974462.3253
0 eager_30000.dot 14754556884 125.002244020999 4914568372.56132 504486571.259269 2930.361219232 14644952130.5371
0 methylseq_8000.dot 6761426956 25.667171028 1559028773.19896 123118426.727515 22.1335546220008 2446688258.53731
0 atacseq_10000.dot 11809629756 14.768124154 2563981918.95462 182680958.884238 19.7308148010006 5566086004.41958
0 eager_20000.dot 19132169434 64.2634605389998 4545877104.2384 335768303.748811 566.941950450045 12268110614.9331
0 eager_200.dot 19075314980 0.128703282 33466370.8101034 6181566.92551968 0.030414532 28673760.692074
0 eager_20000.dot 14754556884 63.815821905 3321369102.12888 360133545.393547 580.329271326013 9690017904.01253
0 chipseq 4807293396 0.006910767 1998353.82583631 1979708.46875 0.001138238 1842964.2389428
0 eager_15000.dot 8330435694 71.1471222899998 2652239599.00793 134552382.767035 286.452541911017 5128099061.94636
0 methylseq_10000.dot 6761426956 40.4462477469999 1954608205.59264 150695816.885542 39.8902111100003 3175139905.19045
0 methylseq_1000.dot 22500260922 0.536512025 156550170.369344 38005083.1265692 0.228899908999997 386687279.081568
0 methylseq_8000.dot 22500260922 28.4508348179999 1193157299.25908 293302175.029287 18.4810208720007 3558618818.47584
0 methylseq_25000.dot 8885797810 324.852584374999 6465102172.05786 510960542.48496 727.400949542971 12316805618.3237
0 atacseq_1000.dot 2223941232 0.520552950000001 16014666.4781568 7240751.15346379 0.220520228999997 175436108.43026
0 atacseq_4000.dot 3908761308 3.076313049 568332681.259322 51241445.6738367 3.93416455099996 1863900085.13546
0 chipseq_10000.dot 3793245764 5.66882926699999 2300400639.40384 207372713.137675 35.34027713 7394881163.71972
0 eager_1000.dot 19132169434 1.141665569 248830485.816829 16897169.9366317 0.458882734999996 375047325.013373
0 methylseq_20000.dot 17027257018 182.964227323 10206237214.7831 629930404.997262 259.435664176012 19118796780.8322
0 eager_8000.dot 25705994498 21.613836457 2815866290.52694 203254762.43755 49.7244147270028 5782175366.0167
0 methylseq_2000.dot 17027257018 1.431953705 1027137362.43645 60469490.4511468 1.06812514600001 1800354685.66132
0 methylseq_4000.dot 6761426956 7.095966905 779286241.867923 61483797.5215209 4.09048311999992 872393516.872133
0 chipseq_8000.dot 4807293396 5.23071043599999 2109661182.58266 105302267.122447 16.5095792820006 6503464377.88687
0 methylseq_20000.dot 6273818718 146.016564213 2412591758.06687 251413570.479932 216.301733013995 5412146712.62082
0 eager_4000.dot 19100037384 7.02551989100002 941104075.362555 66558210.0952604 8.82559012799999 2127395947.92736
0 methylseq_20000.dot 22500260922 227.056434965 2981407717.31057 757276599.781633 221.096336740995 9739119872.27715
0 eager_2000.dot 14754556884 2.923925413 359125147.043149 44560066.0154452 1.98378141099999 712739398.144548
0 atacseq_20000.dot 11187378708 39.1753392549999 4956428179.02783 414477397.377903 123.668498059005 10954331193.1733
0 methylseq_4000.dot 22500260922 6.00245763800001 597570644.447059 148464293.86633 3.61748522399992 1770471451.06306
0 atacseq_15000.dot 2223941232 19.841198197 1345396365.34932 113286540.052524 64.6530122460052 5398402224.07145
0 atacseq_8000.dot 2223941232 8.40857991700003 702906349.894174 55994344.2327096 13.8878641409998 2579156956.52062
0 chipseq_200.dot 41366257414 0.046593332 233990291.758815 31611967.0208333 0.00913267699999999 538431956.242809
0 eager_200.dot 19132169434 0.135186247 29337165.1567065 6207177.59632859 0.031263153 28898270.299111
0 chipseq_25000.dot 4807293396 34.0054694380001 6824117772.63607 352193774.943936 319.373220888008 21254849600.313
0 atacseq_4000.dot 2223941232 3.65126768500001 341710414.180789 28187394.3877331 3.19865392199994 937317903.530986
0 chipseq_10000.dot 41366257414 7.79738815399999 16006926299.4592 1394507762.4864 26.8044038709986 29564232653.2853
0 chipseq_4000.dot 4605965334 1.937853103 1067918018.59293 71845793.3466845 4.17357098899992 3021209436.38281
0 atacseq_10000.dot 2223941232 11.142242905 878864094.496675 71671338.2925458 23.1266732869994 3346323968.09391
0 chipseq_25000.dot 3793245764 18.2058606659999 5761191673.6566 528668767.400286 376.412134095007 18693835446.0518
0 methylseq_25000.dot 17027257018 312.090275880998 12776009936.5464 776127039.84353 635.147482115 23401103400.3156
0 eager_30000.dot 19132169434 136.243039217 6770882747.21565 490760902.240438 3052.7088941959 18028723939.6487
0 eager_2000.dot 8330435694 2.512590745 299764367.930028 21559597.0715637 2.12554022399997 501187577.485516
0 chipseq_30000.dot 5058052541 36.3863165450002 9473036011.73172 561976522.053228 594.974646114985 28290297663.2168
0 methylseq_4000.dot 11897958606 4.99721107900001 1454798776.25354 107276582.976667 4.10657953099989 1564997937.88627
0 chipseq_4000.dot 4807293396 2.456799406 1051332056.90157 49047771.1809111 3.74049571399995 3370797093.55168
0 eager_200.dot 14754556884 0.132363691 18209049.713486 6798400.83985769 0.030798345 13369660.0428871
0 methylseq_15000.dot 22500260922 119.556381869 2226290437.82764 572108991.80828 95.2010499230096 7107479541.80975
0 chipseq_20000.dot 32978181418 18.960284352 37420084699.8703 2084150227.21383 175.830543373008 58479704107.2837
0 methylseq_2000.dot 6273818718 1.537579201 232625290.428099 23584671.2370336 0.89152222799999 532644492.023534
0 methylseq_1000.dot 17027257018 0.58630653 536871572.04966 30242265.7880006 0.251452127999996 758608246.179108
0 eager_25000.dot 19100037384 91.9236186649995 5655568974.03212 395432466.902146 1619.46378371325 14725897656.026
0 chipseq_8000.dot 4605965334 4.219428218 2195809529.5258 163478329.608906 20.4502175410007 6375524988.49118
0 atacseq_2000.dot 2223941232 1.458890439 139633969.935729 12193733.1645687 0.81939938999999 364423622.237507
0 methylseq_200.dot 6273818718 0.082525142 3228506.5290427 2955613.4875 0.014511013 3596383.07214784
0 atacseq_8000.dot 11187378708 9.43458750399994 1973262363.95773 158842659.296144 11.9683049570002 4363141367.47192
0 methylseq 8885797810 0.003326773 1582828.58042752 1402989.4375 0.000459947 1585736.03153466
0 methylseq_10000.dot 22500260922 43.7708236230001 1490273268.22801 379595112.716091 35.7299483099991 4691683795.27161
0 methylseq_1000.dot 6761426956 0.647116485000001 185503238.776271 14982048.994245 0.249933492999997 189969370.150627
0 chipseq_2000.dot 3793245764 0.917256703 460763672.955009 40410654.7020121 1.00313089799999 1136749333.98842
0 methylseq_25000.dot 22500260922 430.580252458997 3741068951.40075 934944011.443751 635.13262697599 12236762196.2527
0 chipseq_30000.dot 3793245764 24.2842541880001 6996373294.88978 630609599.449849 618.070047298987 22848414655.5805
0 methylseq_1000.dot 8885797810 0.666078977 253088007.858212 19510767.7882731 0.245453275999997 431162760.176317
0 eager 19132169434 0.040299446 34863723.1235496 6207920.03347761 0.008835971 30120947.689816
0 methylseq_10000.dot 17027257018 37.2971622340001 5102106336.57229 309213541.067726 37.9716248789993 9000739763.70864
0 eager_200.dot 8330435694 0.136078528 5325334.17901378 3635674.04088078 0.031195314 4699180.80838063
0 chipseq_10000.dot 4807293396 7.52740863300001 2679570050.39389 136657047.234851 29.707212197 8397821477.22491
