algo_nr wf_name inp_size dur_alg1 ms_1 ms_perc dur_alg2 ms_2
0 atacseq_30000.dot 14091675276 54.6716534699998 14311980453.425 1115893423.05358 802.496679842994 29755283207.8296
0 chipseq_15000.dot 41366257414 15.406148446 24076130677.662 2139415153.88143 78.8396999510071 44889551151.7749
0 methylseq_15000.dot 6761426956 169.187158793 2943479613.20809 240634230.97596 315.315611456994 5140751300.77752
0 atacseq_15000.dot 3908761308 12.196010266 2245540315.63919 194185974.404653 76.3263771030025 7946193514.3104
0 eager 19075314980 0.040554082 27218317.5268219 6180168.3584802 0.008722882 28665711.8040438
0 eager_1000.dot 25705994498 1.03338276 331404909.834358 23858063.4942464 0.452268874999999 437123979.957876
0 eager_20000.dot 8330435694 100.059540371 3484928048.94824 172021962.903523 1251.83575045298 6678514293.42551
0 eager_25000.dot 14754556884 93.4145742760004 4122171111.88502 434175491.82708 2209.50610155087 12105134260.3431
0 methylseq_1000.dot 110641579976 0.493240301 2691853813.04462 223531369.090594 0.245609302999996 3014471325.35751
0 chipseq_200.dot 5058052541 0.058343129 25849979.7846133 4502214.4625 0.01146258 32690659.2025503
0 atacseq_30000.dot 11809629756 51.5282028419998 7633434579.6848 580339599.811779 541.107780515001 18530246179.5255
0 methylseq_1000.dot 6273818718 0.537308451 117492721.615743 11795977.1228345 0.247053210999997 210389698.257612
0 chipseq_4000.dot 41366257414 1.93853669199999 6309736293.33035 539530680.397978 2.88026630999993 11835090221.8738
0 atacseq_2000.dot 14091675276 0.789748642 963957443.290235 57922650.2408176 0.714521626999995 1791934367.40459
0 atacseq_1000.dot 11809629756 0.453814258 196911290.744241 14108926.123649 0.195934086999998 431913068.648111
0 methylseq_200.dot 17027257018 0.074209033 109269464.02862 6494049.08333333 0.014067097 106715113.355058
0 methylseq_30000.dot 110641579976 1301.61381628801 76345846510.9675 6747785286.36064 1415.10815310898 88786570407.0011
0 methylseq_8000.dot 110641579976 22.949198213 20455239573.0261 1775549013.97529 19.0281193189994 23431892391.2113
0 methylseq_20000.dot 6761426956 304.685950583001 3920956245.13957 313944899.476101 606.185168773001 7085996172.77159
0 atacseq_8000.dot 3908761308 5.76963801200001 1146805833.94304 105826006.608483 18.0463019339997 3886110082.47667
0 methylseq_8000.dot 17027257018 22.679228554 4073885870.15847 250032684.853948 33.4654181159998 6729090881.66275
0 atacseq_10000.dot 14091675276 5.75842800800002 4764833414.15466 389275313.684128 22.9932594500001 9554786018.27349
0 atacseq_20000.dot 11809629756 52.0264681759999 5096162465.184 382389711.789274 126.733916356006 12224280169.1006
0 atacseq_30000.dot 3908761308 33.60795142 4555918337.78789 381002062.259481 776.239869473965 15854874259.3584
0 eager_2000.dot 25705994498 2.319793551 680636515.026149 56765648.0602599 1.88711607500001 1141021771.93491
0 eager_1000.dot 14754556884 1.168664685 178381219.900717 15751034.608569 0.459974420999998 245229437.560871
0 atacseq_30000.dot 11187378708 59.3373631609999 7396878417.8088 634201540.27216 553.992910752992 17690318327.5442
0 methylseq_10000.dot 8885797810 37.8624191880001 2572277301.90797 200149317.964163 39.3722161540011 4284568838.83844
0 atacseq_4000.dot 11809629756 3.056162558 977973908.624521 77830111.2694954 2.70650059299996 2303859012.18294
0 atacseq_1000.dot 14091675276 0.358860111 483198529.638179 31235465.7601737 0.183602195999999 932446908.027282
0 methylseq_4000.dot 6273818718 4.625574963 467685530.091612 51293822.1611621 3.90792814699993 968306019.973589
0 chipseq_1000.dot 4605965334 0.518580817 227729287.716445 17451141.662693 0.250572462999997 478196604.335859
0 atacseq_200.dot 11809629756 0.065095826 6620611.83008642 2969685.31121578 0.011505126 5533256.92800721
0 eager_8000.dot 19075314980 18.248678336 1866304941.39467 129118067.68331 48.4414929410032 4464209420.78347
0 methylseq_10000.dot 110641579976 46.366821733 25552942323.8361 2218902341.24419 33.6887900569994 29692223532.4964
0 methylseq_2000.dot 22500260922 1.242261971 299363383.115321 73457550.0101193 0.888627335999984 799481381.511082
0 chipseq_200.dot 32978181418 0.052026616 289937656.433206 24701429.1458333 0.010291711 518854719.531361
0 chipseq_2000.dot 4605965334 0.917075054999999 531657809.26188 33785017.1341508 1.01164661699999 1286166734.49436
0 methylseq_30000.dot 8885797810 1288.64952376501 7754794104.8065 608539700.328229 1703.71353955404 14224959439.7524
0 eager_20000.dot 19075314980 69.2264676590002 4605651396.48004 344936020.227932 1161.20269944399 12284856548.8249
0 atacseq_8000.dot 11809629756 11.224822075 2047628898.91289 148213173.638321 12.1915284980002 4923696318.61505
0 eager_30000.dot 19100037384 152.886700398999 6830273069.64378 500922587.03617 3711.12020475973 17753376249.718
0 chipseq_200.dot 4807293396 0.059557705 23918184.1805286 3661916.94791667 0.011082625 30623823.8996278
0 chipseq_200.dot 3793245764 0.065810191 5910210.21829863 5364183.59448032 0.012742065 23345123.3340547
0 eager_8000.dot 19132169434 19.1979755820001 1884786862.79152 131005044.500964 49.8517950420039 4418291695.74695
0 atacseq_10000.dot 11187378708 12.496332288 2466596308.5432 195817113.119514 19.5782860670007 5583328872.65459
0 chipseq_20000.dot 4807293396 23.6767898160001 5457525680.379 278580572.528724 172.323538572001 16623113061.6672
0 chipseq_10000.dot 5058052541 6.822406509 2977321331.48107 185231684.866533 35.9521371740016 8535392631.73532
0 atacseq_4000.dot 11187378708 2.845834509 966410204.044321 86627966.0328363 2.66492552499993 2130743792.24127
0 chipseq_4000.dot 32978181418 1.72720252 7114798863.06894 389530700.24297 3.62152096599993 11449426204.0429
0 eager_4000.dot 19075314980 6.76793977 920896180.065431 66989052.8076518 8.77886370199996 2077651285.83897
0 methylseq_4000.dot 17027257018 5.293863112 2054378682.59813 123665446.770824 4.0758125979999 3189985922.63882
0 chipseq_1000.dot 41366257414 0.334251842 1500287140.05967 123460057.449275 0.152445277 2639599757.37917
0 atacseq_10000.dot 3908761308 7.24028330499998 1473581099.73042 127517289.750925 29.0636286000008 5069154543.33831
0 eager_1000.dot 19100037384 1.146756106 255492448.206322 16928470.3426701 0.456620761999998 353750634.317454
0 eager_25000.dot 25705994498 313.737797479001 8961184128.71668 644015039.91234 2235.76196136711 17282863565.1022
0 chipseq_25000.dot 41366257414 33.0017959090001 40609379302.5293 3583368097.52795 508.013748087989 75618202091.5967
0 methylseq_15000.dot 11897958606 103.404422395 5425020692.73015 409465861.881423 254.378360724003 9087011962.33412
0 atacseq_30000.dot 2223941232 52.9116899450001 2778832941.21288 225325763.118354 499.923001914973 11315788087.0712
0 methylseq_1000.dot 11897958606 0.510106181 363685848.534241 25625449.5625 0.267379440999998 377240699.915017
0 atacseq_2000.dot 3908761308 1.191682941 264642314.941887 21723908.7823754 0.899852543999991 646522724.200359
0 methylseq 11897958606 0.003158399 1840539.79031881 1840539.7875 0.000467037 1840539.7875
0 chipseq_25000.dot 5058052541 26.9259533799999 7608501476.83888 446073776.29768 635.72973379201 23011376514.7721
0 methylseq_15000.dot 110641579976 125.261567202 38220983311.4001 3367607266.20529 261.279035436001 43657124774.252
0 methylseq_15000.dot 17027257018 110.948961552 7667494812.31198 476100078.931998 289.138833875995 12679791039.519
0 eager 14754556884 0.037328809 10456938.7931481 6385053.99772278 0.00875817899999999 11445612.7266545
0 chipseq_2000.dot 32978181418 0.739657042 3518445720.25853 190436990.405138 0.760207637999989 5859442438.70878
0 eager_2000.dot 19100037384 2.603910334 467599594.512076 34904629.9638141 1.94252416600001 868516857.870176
0 atacseq_20000.dot 14091675276 22.000418683 9518282133.18323 746105876.551054 149.512475841009 19495410655.011
0 atacseq_20000.dot 2223941232 29.5098358880001 1826690114.84301 146800402.173353 126.464070890016 7302703725.93261
0 chipseq_2000.dot 5058052541 0.925467981 571256429.009912 30741257.8683771 0.974193176999986 1437622125.75049
0 methylseq_20000.dot 11897958606 315.150766554 7221489367.80303 551632695.814077 613.550097001984 11932908827.7421
0 atacseq_25000.dot 14091675276 38.5280516200001 11909658182.0349 932754875.702298 354.731953194016 24345480590.3362
0 atacseq_4000.dot 14091675276 1.87262068 1950318432.09 122679364.811303 2.49118491399998 3685399105.1054
0 eager_200.dot 25705994498 0.122715292 25609798.8368066 8362390.95724123 0.029522616 74516530.1998861
0 chipseq_15000.dot 4605965334 12.679242991 4474089176.93742 321717574.980041 99.6534420480087 12051731686.3526
0 atacseq_15000.dot 14091675276 12.251083662 7138859115.73085 552290447.712588 67.3547940210035 14460249882
0 methylseq_200.dot 110641579976 0.06977929 573660740.38107 49318276.7957298 0.014772071 608946756.567731
0 methylseq 6273818718 0.003144552 991875.366416112 991875.3625 0.000462378 991875.3625
0 atacseq_15000.dot 11187378708 24.648575367 3614653305.43468 307705421.955758 54.8346771869996 8141858478.69622
0 eager 25705994498 0.037937391 26571038.0243425 8004106.34485963 0.008591702 74516530.1998861
0 methylseq_4000.dot 8885797810 4.970033013 1025067941.94303 80083218.6841476 4.11959049599995 1533332514.7765
0 methylseq_20000.dot 110641579976 402.857688566001 50935635394.2049 4511998355.12115 501.096494232943 59018641099.2352
0 chipseq_2000.dot 41366257414 0.798929802 3143190325.69679 256371281.994416 0.665196398999992 5528311451.91807
0 chipseq_15000.dot 32978181418 11.539509255 28085445765.3734 1541757322.78536 85.2611634170051 43869591803.5452
0 chipseq_8000.dot 5058052541 5.263834136 2415347747.1091 147277756.540166 20.7576001300007 6788294360.22147
0 methylseq_8000.dot 8885797810 21.531447001 2049695751.88575 159558382.343009 26.8742168709988 3226632348.97213
0 chipseq_8000.dot 41366257414 5.588160414 13077944776.9349 1074891574.44511 15.0019705210002 23655783613.2725
0 methylseq_8000.dot 6273818718 18.5905566179999 952135083.415165 99827984.6371036 18.6234779719999 2066478107.37764
0 eager_15000.dot 19100037384 52.6520544660001 3478872902.06587 255634031.488633 530.691591278969 8979752022.45745
0 chipseq_30000.dot 4807293396 43.999007709 8152840539.40838 429081796.485244 870.840683400987 26191271376.1573
0 methylseq_30000.dot 6761426956 1457.928839433 5892904801.84548 466005244.59207 1772.611619835 10898867560.963
0 chipseq_1000.dot 32978181418 0.31633419 1683348804.35426 87054348.3402194 0.188220730999999 2460228075.66792
0 chipseq_30000.dot 4605965334 27.369176957 9503591119.88625 614198769.473049 1191.96339820698 24226460545.0522
0 methylseq_10000.dot 6273818718 32.6614706109999 1187088366.7121 128926471.579195 35.0033931970017 2567174498.67601
0 methylseq_25000.dot 6761426956 823.753367684001 4910720163.41158 394021829.584874 1028.77981994201 8980080813.31165
0 chipseq_10000.dot 4605965334 5.76320730399999 2790782053.50157 197727415.974412 35.0458365330001 8066371761.74893
0 methylseq 22500260922 0.003375037 3882027.97945102 2897379.09375 0.000475129 3882027.9780429
0 methylseq 110641579976 0.003105907 204408679.401105 15084215.225 0.000458193 204408680.15575
0 eager_25000.dot 8330435694 197.080170474002 4490618218.16402 216630311.341796 2346.25413594143 8342308954.28725
0 chipseq_20000.dot 41366257414 21.7793488520001 32100384139.93 2878082108.29617 166.629710400996 60507831259.2148
0 chipseq_20000.dot 5058052541 18.7852394269999 5883047595.77837 370933183.326711 281.411869580996 17326581523.1417
0 chipseq_8000.dot 32978181418 4.611245101 14721719666.8169 795291561.986174 17.1377793330009 23268974572.5933
0 atacseq_25000.dot 11187378708 46.0891536339999 6129767104.53355 546079245.769107 212.04828851401 14603465506.6256
0 atacseq_25000.dot 3908761308 26.59872744 3796994880.35635 317994710.623511 384.701790164002 12957800327.4247
0 chipseq_4000.dot 5058052541 2.152820972 1193694035.90973 65049837.6197958 4.3108354689999 3335370333.78709
0 eager 8330435694 0.040555734 3760085.23116141 3387619.98513362 0.009127937 3538943.41940375
0 eager_15000.dot 14754556884 42.8460382619998 2543231323.59654 251475768.659375 405.980870059993 7199303309.99471
0 chipseq_15000.dot 4807293396 13.659198794 4016804403.16946 206640815.100139 80.1579721440046 12301938593.6723
0 eager_4000.dot 25705994498 7.18117228500001 1418047104.86622 96769150.7652121 8.66717039099996 2437417274.69179
0 eager_8000.dot 19100037384 21.48107295 1931765880.336 130280408.014335 49.7964612240022 4472292516.63327
0 methylseq_4000.dot 110641579976 7.37791677600001 10327965398.9986 893352673.955623 3.63281967899992 11852068221.1115
0 atacseq_200.dot 14091675276 0.057758939 43513221.727341 6889764.87154826 0.012625679 34334870.1189193
0 chipseq_25000.dot 32978181418 28.317924962 45362099409.7611 2601506108.10308 546.923839563008 74392804794.4986
0 eager_10000.dot 19100037384 25.55000943 2322757479.44581 171415424.575376 90.8556252550082 5723359319.52482
0 methylseq_30000.dot 11897958606 1449.438633103 10831962457.6419 791992425.897101 1723.82029654598 18401368579.7278
0 atacseq_25000.dot 11809629756 40.2041386230001 6363653374.1303 489584092.509456 208.984900302017 15340769849.3096
0 eager_30000.dot 19075314980 209.281571367 6830000916.68018 492492810.245471 3712.56994444571 17580181437.6733
0 methylseq_25000.dot 11897958606 706.122109206001 9034579552.43069 670445827.949168 1092.79269664798 15852336696.1265
0 eager_15000.dot 19132169434 56.0969387179999 3460588474.14953 246542609.372367 571.989455859993 8572542095.80823
0 methylseq_30000.dot 22500260922 1357.315793498 4494837519.66283 1137262268.57124 1416.28283505899 14479623990.1359
0 atacseq_2000.dot 11187378708 1.412328896 470945328.372519 45852881.559864 0.67434849999999 958765285.652974
0 methylseq_10000.dot 11897958606 46.2030925990001 3610800176.2599 262267269.039256 38.6619715340019 5664403732.48583
0 chipseq_25000.dot 4605965334 29.3570140909999 7374257307.97691 493134158.322753 630.105090545015 20042701032.5331
0 methylseq_30000.dot 6273818718 990.113085177999 3624750161.40566 384737543.236634 1452.732271528 8443899651.998
0 eager_30000.dot 8330435694 222.036208884 5372723831.97145 265854444.215018 3904.32595317938 9947919548.08256
0 chipseq_200.dot 4605965334 0.065193609 5775292.19842536 5156549.85416667 0.012457736 50148519.2642023
0 methylseq_15000.dot 6273818718 80.0196166490001 1794191065.32059 189824318.238727 233.423706703999 3972075799.17368
0 methylseq_2000.dot 11897958606 1.383173907 726356916.299729 51240539.2124998 1.050961943 794334693.43818
0 atacseq_200.dot 3908761308 0.073966692 6126566.71068214 2567367.37453712 0.012781849 2567367.37453712
0 eager_8000.dot 8330435694 22.408919731 1400504941.88033 73630328.7486726 53.9482845300031 2489380203.21357
0 atacseq_200.dot 2223941232 0.074965247 4211941.41524038 1591901.05744462 0.012363575 1591901.05744462
0 chipseq_2000.dot 4807293396 1.093866348 480885876.079378 24489510.5510955 0.904239506999985 1377751924.77036
0 eager_20000.dot 19100037384 88.799998854 4573912330.82992 340893859.85689 1185.52923125101 12157311437.2106
0 eager_10000.dot 19075314980 26.040731561 2374079101.42887 168249477.005396 89.0746385200029 5781299823.98074
0 methylseq_25000.dot 6273818718 596.993363578998 3008964017.26566 316053906.480738 942.945475460985 6501240814.22772
0 eager_10000.dot 8330435694 33.580310073 1750402541.89736 93023406.5840277 102.837274625009 3266737409.28479
0 methylseq_200.dot 8885797810 0.074611388 38656815.1914545 4188096.6625 0.014117651 36392061.9429928
0 chipseq 32978181418 0.006163629 95786576.2839986 12821832.7291667 0.000988074 184323840.867955
0 methylseq_2000.dot 6761426956 1.957842804 383077765.249974 29954341.9280355 1.035087263 389801670.796283
0 atacseq_20000.dot 3908761308 18.046663912 2968012918.19123 265511274.010512 149.594146110008 10159756694.8619
0 atacseq_1000.dot 11187378708 0.459783826 203470998.256689 15310652.0698836 0.189832537999998 412456054.757236
0 eager 19100037384 0.04043873 27298619.2046763 6188239.19062296 0.008780138 28505690.8083427
0 chipseq_10000.dot 32978181418 5.96892230399999 18051323918.1335 1013373192.32387 29.0588832839991 29224724835.8385
0 methylseq_2000.dot 110641579976 1.569720308 5215133840.40679 457458521.494194 0.85854458899999 5735416174.75328
0 chipseq_8000.dot 3793245764 4.17058871 1815100250.56046 164237819.874528 20.2758620690006 5861719562.13706
0 eager_25000.dot 19132169434 111.544105302 5757725291.11717 406749120.782989 2237.54527458873 14531437837.2178
0 eager_4000.dot 19132169434 6.834464104 904601380.573176 66188951.0577478 8.78124961500004 2098763837.81216
0 chipseq_1000.dot 4807293396 0.436724423999999 213994327.123646 12784860.7284455 0.223767771999997 534235798.16885
0 eager_15000.dot 19075314980 57.5750226159999 3462194345.41023 254207717.734181 529.826711123995 8958047426.99649
0 methylseq_200.dot 6761426956 0.075259175 29401971.2201185 3218254.05527595 0.014196219 17068998.4084405
0 methylseq 17027257018 0.00335469 2178112.25221552 2178112.25 0.000468005 2178112.25
0 eager_1000.dot 8330435694 1.117160149 125265540.333108 11611141.7075235 0.516571119999997 158195084.216123
0 chipseq_4000.dot 3793245764 1.91202554900001 893165322.442013 76646738.8139733 4.35640933599996 2799380443.58501
0 methylseq_200.dot 11897958606 0.074592248 77155682.5406312 5500687.87612111 0.014060735 57543440.085631
0 atacseq_1000.dot 3908761308 0.473925726 98279115.8173884 11595581.3959739 0.226442827999997 225373857.847185
0 chipseq_1000.dot 3793245764 0.529226517 204061866.063981 17851656.264916 0.247230119999997 389579009.626961
0 atacseq_2000.dot 11809629756 1.322012122 490983528.277412 44817579.593076 0.691556368999992 1028021784.0934
0 eager_4000.dot 8330435694 7.68797543899999 631597486.211472 37178974.5901564 9.75065112000007 1097682518.80855
0 methylseq_200.dot 22500260922 0.07748955 39251230.5403797 8656633.07291667 0.014340055 34580177.2830575
0 eager_4000.dot 14754556884 7.20065768100001 684395396.842834 79573118.9675758 9.27695246900013 1784727292.41487
0 methylseq 6761426956 0.003121515 1080079.26705111 1080079.2625 0.000459984 1080079.2625
0 eager_200.dot 19100037384 0.135001682 27302913.8326704 6187523.47012759 0.0484376450000003 28505690.8083427
0 methylseq_20000.dot 8885797810 340.209656979999 5164008382.13332 405874275.303591 651.756429494927 9206362884.31683
0 atacseq_25000.dot 2223941232 33.6201932350001 2294012478.53762 183124936.098047 233.222469733997 9424334821.25482
0 eager_20000.dot 25705994498 158.235442962 7337422597.38072 507493488.980404 1271.20875258915 13564594319.1391
0 eager_25000.dot 19075314980 93.5823370889995 5709368494.48012 396312220.063492 2177.52590988792 14473139852.6666
0 chipseq_15000.dot 5058052541 13.180846462 4514260616.42834 272690587.19027 96.1453149500073 12957455465.8877
0 chipseq_1000.dot 5058052541 0.484614104000001 264789399.595122 15615637.6841125 0.223305375999996 575868796.93052
0 atacseq_15000.dot 11809629756 20.741543461 3773260117.92803 295471864.812122 55.3298491530053 8455270540.82335
0 methylseq_2000.dot 8885797810 1.956013762 503834268.942803 39013784.2577145 1.041627011 835001490.766424
0 chipseq 41366257414 0.005426618 87830196.7956155 15948068.1770833 0.000877377 151141788.372296
0 methylseq_15000.dot 8885797810 140.598465661 3872585881.88182 314010077.698929 304.748945729993 6799031645.13048
0 methylseq_30000.dot 17027257018 826.121138095998 15303049879.8005 946784482.16528 1716.22759791995 25776393659.0321
0 eager_2000.dot 19075314980 2.868733602 487961355.581832 34632605.7155192 1.91989584300003 870723154.046661
0 eager_2000.dot 19132169434 2.606418069 458083869.814418 34588032.3218015 1.92161658700003 874549999.159678
0 chipseq_20000.dot 4605965334 14.109887831 5737737796.54003 400212504.083227 291.771685793001 16129073388.8418
0 atacseq_200.dot 11187378708 0.064850644 5119233.45346988 3296460.2875 0.011587654 4602944.74986721
0 chipseq_15000.dot 3793245764 10.2031859149999 3487853072.82656 309296876.589966 98.0826592320036 10980167284.6345
0 atacseq_8000.dot 14091675276 4.975699611 3858583540.34378 279452451.486237 12.6399506580001 7587318359.50791
0 eager_10000.dot 19132169434 29.2477796060001 2381913617.87302 171446561.944452 90.2761332780087 5846836225.64604
0 methylseq_8000.dot 11897958606 22.526707806 2882586920.06956 211572223.617183 21.9232661880002 4126725723.73117
0 eager_15000.dot 25705994498 94.9679371950001 5187926077.1531 392148192.210276 575.310693274991 10523293400.395
0 eager_1000.dot 19075314980 1.120395518 251504765.979901 16905697.2568826 0.464502457999998 354606215.023318
0 eager_30000.dot 25705994498 421.933932703002 10433218645.8406 746660955.050177 3486.72956583751 20562453040.725
0 eager_10000.dot 25705994498 32.8144866840001 3399702551.43137 252584794.839357 88.2991700010065 6771508147.26908
0 chipseq_20000.dot 3793245764 14.697069688 4648635479.03447 423588572.632656 214.183464765013 15500541482.4336
0 chipseq 5058052541 0.006772349 2410779.60447033 2410278.9625 0.001132627 2410278.9625
0 chipseq_30000.dot 41366257414 44.3346438009998 48955477113.0251 4347985610.74706 990.047252535015 93516210502.8766
0 eager_8000.dot 14754556884 22.306038823 1374163913.82284 135895012.236536 50.8797742280037 3671403441.71228
0 chipseq_30000.dot 32978181418 36.7617098940002 56645561932.7845 3139578393.83902 1054.66863158698 89496837404.5062
0 methylseq_25000.dot 110641579976 906.712948752 63640742990.305 5600260055.73521 910.93593751301 73945330380.1053
0 eager_10000.dot 14754556884 29.7030740590001 1775765262.88006 175274882.516904 90.8420540820032 4683612310.19278
0 eager_30000.dot 14754556884 119.083637042 4849853126.91537 504486571.259269 3817.04769629681 14538810558.3479
0 methylseq_8000.dot 6761426956 37.2512373880001 1557961453.87575 123118426.727515 66.3421379090007 2342231876.24209
0 atacseq_10000.dot 11809629756 13.682852111 2542026642.23701 182680958.884238 19.9228509060007 5593871198.16752
0 eager_20000.dot 19132169434 80.4077197249996 4614021457.25246 335768303.748811 1034.58821240194 12030875717.8313
0 eager_200.dot 19075314980 0.131403963 27222513.2298708 6181566.92551968 0.030208423 28667809.6040438
0 eager_20000.dot 14754556884 76.645306262 3400215747.21877 360133545.393547 1172.06101523999 9661086000.00957
0 chipseq 4807293396 0.006597536 2000092.79639916 1979708.46875 0.001137385 1979708.46875
0 eager_15000.dot 8330435694 67.896766352 2633849894.68666 134552382.767035 580.709158198985 4904321432.58478
0 methylseq_10000.dot 6761426956 36.8815650349998 1954239869.79669 150695816.885542 39.0361420890021 3173490150.68723
0 methylseq_1000.dot 22500260922 0.520121453999999 139801222.308443 38005083.1265692 0.244021504999997 388080534.695975
0 methylseq_8000.dot 22500260922 59.3883800400001 1193355929.63632 293302175.029287 54.3154902790002 3522181527.42618
0 methylseq_25000.dot 8885797810 756.785169266001 6460792269.41972 510960542.48496 1066.15896139203 11907654075.9235
0 atacseq_1000.dot 2223941232 0.502208957 18823257.5506327 7240751.15346379 0.220001446999997 175579285.775788
0 atacseq_4000.dot 3908761308 2.93435783 586053614.09459 51241445.6738367 3.91247463199993 1781453283.07706
0 chipseq_10000.dot 3793245764 5.57317740399999 2298768708.37299 207372713.137675 35.7315236900005 7240558844.15005
0 eager_1000.dot 19132169434 1.107279178 253940580.739638 16897169.9366317 0.456662439999998 356143596.029479
0 methylseq_20000.dot 17027257018 338.963042898 10205620834.7837 629930404.997262 622.437982520009 18817791794.6256
0 eager_8000.dot 25705994498 23.645035403 2851038902.3274 203254762.43755 49.2649551640027 5606077786.76551
0 methylseq_2000.dot 17027257018 1.41875711 1026774355.23076 60469490.4511468 1.056228768 1748744014.60108
0 methylseq_4000.dot 6761426956 5.013911694 779051287.263613 61483797.5215209 4.02260279799993 900073170.870187
0 chipseq_8000.dot 4807293396 5.39618646100001 2127721890.20751 105302267.122447 16.4963786840013 6447152212.25789
0 methylseq_20000.dot 6273818718 225.902533130999 2395589502.16333 251413570.479932 500.423685783978 5232522465.71051
0 eager_4000.dot 19100037384 6.75851452199999 926944150.218493 66558210.0952604 9.22686263599993 2072686271.98121
0 methylseq_20000.dot 22500260922 410.887765994 3015317691.79673 757276599.781633 522.867374213994 9557815693.9174
0 eager_2000.dot 14754556884 3.161763284 378257348.236899 44560066.0154452 1.97224702600002 726537872.179765
0 atacseq_20000.dot 11187378708 36.3069775909998 4917505514.94836 414477397.377903 122.721137813007 10998827499.3274
0 methylseq_4000.dot 22500260922 4.78930176300001 607605137.630213 148464293.86633 3.60385180099993 1752055693.61726
0 atacseq_15000.dot 2223941232 18.115077017 1342641679.18517 113286540.052524 62.8731260910047 5343341434.05166
0 atacseq_8000.dot 2223941232 7.56181985 711593835.23911 55994344.2327096 13.9074159310004 2544267913.47568
0 chipseq_200.dot 41366257414 0.047505757 279641323.446553 31611967.0208333 0.00912948199999999 541296475.065165
0 eager_200.dot 19132169434 0.131941725 27394858.5572789 6207177.59632859 0.029911046 29135542.8170868
0 chipseq_25000.dot 4807293396 34.6966476229999 6819723437.38253 352193774.943936 545.938537546964 20840963556.7674
0 atacseq_4000.dot 2223941232 3.719464027 331479825.538325 28187394.3877331 3.18368395299994 915365570.072511
0 chipseq_10000.dot 41366257414 8.08905293999998 16159374419.7928 1394507762.4864 26.8796979780008 29454213911.455
0 chipseq_4000.dot 4605965334 1.9225201 1062773592.42835 71845793.3466845 4.22185953699992 2999007066.33434
0 atacseq_10000.dot 2223941232 10.425390749 886314520.907239 71671338.2925458 23.1750706179999 3326137488.64768
0 chipseq_25000.dot 3793245764 19.7475104440001 5761173372.13181 528668767.400286 660.168229023975 18722181365.4477
0 methylseq_25000.dot 17027257018 693.783362688002 12769130976.7755 776127039.84353 1070.19436800106 23064642524.3955
0 eager_30000.dot 19132169434 138.087657446 6892803527.31438 490760902.240438 3505.10150114512 17810440658.0549
0 eager_2000.dot 8330435694 2.658907435 287742134.198178 21559597.0715637 2.13532867799998 477343573.524339
0 chipseq_30000.dot 5058052541 38.4948902300001 9110453966.30386 561976522.053228 1165.05948670406 27845575573.6857
0 methylseq_4000.dot 11897958606 5.17113252 1453451223.54883 107276582.976667 4.0865915439999 1552165061.88743
0 chipseq_4000.dot 4807293396 2.44981122 1041944254.36046 49047771.1809111 3.8336732509999 3198559854.4833
0 eager_200.dot 14754556884 0.13162187 12922762.4392015 6798400.83985769 0.030905838 11445612.7266545
0 methylseq_15000.dot 22500260922 104.7764965 2236976958.55877 572108991.80828 208.821287669006 7183379189.66564
0 chipseq_20000.dot 32978181418 20.1852619939998 37531597921.7205 2084150227.21383 175.043298988998 58595606196.0535
0 methylseq_2000.dot 6273818718 1.39228209 230494154.440931 23584671.2370336 0.884115668999989 519525068.046712
0 methylseq_1000.dot 17027257018 0.523773362999999 513966355.044165 30242265.7880006 0.251497307999997 792016786.545827
0 eager_25000.dot 19100037384 88.5973611280002 5750839146.19395 395432466.902146 2122.07548231327 14606270971.6755
0 chipseq_8000.dot 4605965334 4.32963680100001 2206746496.06176 163478329.608906 20.3252678459986 6379276107.917
0 atacseq_2000.dot 2223941232 1.48706738 145000024.451707 12193733.1645687 0.815289490999995 345913761.452226
0 methylseq_200.dot 6273818718 0.078358041 2973456.16492862 2955613.4875 0.014116966 2955613.4875
0 atacseq_8000.dot 11187378708 10.698198873 1969111047.39327 158842659.296144 11.9338190490001 4402082493.7505
0 methylseq 8885797810 0.003127116 1402989.44055632 1402989.4375 0.00045889 1402989.4375
0 methylseq_10000.dot 22500260922 42.119688436 1480037181.02988 379595112.716091 34.9370758740005 4680411443.75772
0 methylseq_1000.dot 6761426956 0.654764365 185300048.733255 14982048.994245 0.249988046999997 180741395.381637
0 chipseq_2000.dot 3793245764 0.991354505 453754763.098278 40410654.7020121 1.00074442399999 1104829970.86562
0 methylseq_25000.dot 22500260922 951.189152524999 3723759131.97262 934944011.443751 890.729607974013 12137447538.5053
0 chipseq_30000.dot 3793245764 24.8738825530001 6930966645.77722 630609599.449849 1131.937054039 22738440766.3612
0 methylseq_1000.dot 8885797810 0.646903082 243697946.842048 19510767.7882731 0.260189602999997 363575385.023347
0 eager 19132169434 0.040650549 27390403.62926 6207920.03347761 0.008750101 29135542.8170868
0 methylseq_10000.dot 17027257018 44.3655808520001 5101490811.05486 309213541.067726 38.6116805830009 9021573704.46067
0 eager_200.dot 8330435694 0.138810157 7312301.66581251 3635674.04088078 0.031148995 3765548.10888438
0 chipseq_10000.dot 4807293396 7.26799298199999 2704919649.92035 136657047.234851 29.4886972529998 8242628551.64195
