algo_nr wf_name inp_size dur_alg1 ms_1 ms_perc dur_alg2 ms_2
3 atacseq_30000.dot 14091675276 2121.19187073298 2211349360.0863 2372926020.77589 3142.148857244 2372926020.77589
3 chipseq_15000.dot 41366257414 370.835681873002 3608028524.96677 4893512049.39453 458.953718772001 4893512049.39453
3 methylseq_15000.dot 6761426956 471.494728852 570148624.68431 450395600.159533 493.459405953 450395600.159533
3 atacseq_15000.dot 3908761308 373.708884959997 330540128.268712 376012908.639524 477.846921090005 376012908.639524
3 eager 19075314980 0.037548176 7604206.28970202 6628000.57758513 0.00572888 6628000.57758513
3 eager_1000.dot 25705994498 1.135847085 51793989.3802215 60765324.8166252 0.255202633000001 60765324.8166252
3 eager_20000.dot 8330435694 931.120295752999 480427625.151003 482985191.43404 1245.79073686497 482985191.43404
3 eager_25000.dot 14754556884 1545.20824895501 689766726.96126 1198197569.97878 2481.49995555503 1198197569.97878
3 methylseq_1000.dot 110641579976 0.684013704 454341868.230456 1124031701.43701 0.177773480999999 1124031701.43701
3 chipseq_200.dot 5058052541 0.063262598 5059411.29884379 8406517.0818942 0.00951445199999999 8406517.0818942
3 atacseq_30000.dot 11809629756 2164.16219846101 1159791118.87394 1041814406.26843 3057.41983360798 1041814406.26843
3 methylseq_1000.dot 6273818718 0.631762019000001 23240315.3997576 29171229.2799691 0.173770459999999 29171229.2799691
3 chipseq_4000.dot 41366257414 6.36511676999999 948118656.362775 1314131372.62826 5.420511337 1314131372.62826
3 atacseq_2000.dot 14091675276 1.555512097 142142277.364586 159989497.84946 0.908452251999997 159989497.84946
3 atacseq_1000.dot 11809629756 0.600200201999999 32220954.4421773 34316634.5146853 0.259483532 34316634.5146853
3 methylseq_200.dot 17027257018 0.081439599 21808692.1051986 13055993.6524696 0.010191326 13055993.6524696
3 methylseq_30000.dot 110641579976 3272.55871426401 13249633645.5787 28163024992.0331 3174.35462713516 28163024992.0331
3 methylseq_8000.dot 110641579976 73.0041071549999 3539469085.92333 9599661252.55878 83.4220747460016 9599661252.55878
3 methylseq_20000.dot 6761426956 961.311845211005 760926508.549605 600526618.769569 1075.70945420509 600526618.769569
3 atacseq_8000.dot 3908761308 47.780089317 174634549.810337 203005877.363238 68.988160009 203005877.363238
3 methylseq_8000.dot 17027257018 72.0703113990001 911762652.76361 482934589.089163 63.5091561339995 482934589.089163
3 atacseq_10000.dot 14091675276 104.692571674 730696782.446067 790269087.314837 150.851791806001 790269087.314837
3 atacseq_20000.dot 11809629756 770.645110070994 767985941.74526 695032834.347696 941.34554858201 695032834.347696
3 atacseq_30000.dot 3908761308 2138.952912057 645185189.887506 758745982.79962 3370.83568675606 758745982.79962
3 eager_2000.dot 25705994498 3.206760466 97175165.7988351 124983013.945 1.20771169 124983013.945
3 eager_1000.dot 14754556884 1.488217958 38215909.2978312 42115168.7329143 0.235140817 42115168.7329143
3 atacseq_30000.dot 11187378708 2118.39301849202 1151294499.00418 1094330108.71452 3177.60372936601 1094330108.71452
3 methylseq_10000.dot 8885797810 152.768055538 499996066.707686 390032762.81309 174.526416163001 390032762.81309
3 atacseq_4000.dot 11809629756 8.034815764 150094264.186025 123839993.986187 5.45732323000003 123839993.986187
3 atacseq_1000.dot 14091675276 0.564309093999999 70906647.553234 79686230.0920308 0.169309551999999 79686230.0920308
3 methylseq_4000.dot 6273818718 10.085768723 99641255.8548245 116210273.545821 5.73317028000001 116210273.545821
3 chipseq_1000.dot 4605965334 0.633105616 33535751.9573395 31033242.6631787 0.168761983999999 31033242.6631787
3 atacseq_200.dot 11809629756 0.069665903 3274294.15241465 8232542.87728202 0.011917339 8232542.87728202
3 eager_8000.dot 19075314980 69.7478645220001 278560114.711273 319870234.641705 105.265727387001 319870234.641705
3 methylseq_10000.dot 110641579976 146.780204902 4425861535.02049 12456124247.5696 176.189139749002 12456124247.5696
3 methylseq_2000.dot 22500260922 2.329259949 95558646.5481176 141574359.775838 0.913260258000001 141574359.775838
3 chipseq_200.dot 32978181418 0.054469245 43277095.5475938 83109059.3906078 0.00876813700000001 83109059.3906078
3 chipseq_2000.dot 4605965334 1.753126868 73634970.5423339 63892886.5695122 0.870855532000002 63892886.5695122
3 methylseq_30000.dot 8885797810 3031.17649697302 1503134640.42563 1168692127.99375 2823.66525775109 1168692127.99375
3 eager_20000.dot 19075314980 914.765506388994 701621856.677773 792864545.868852 1232.390791153 792864545.868852
3 atacseq_8000.dot 11809629756 51.719244134 306924398.25205 271594663.781841 69.6233556250009 271594663.781841
3 eager_30000.dot 19100037384 2745.85158224502 1057024614.47296 1196518543.62265 3773.49848405411 1196518543.62265
3 chipseq_200.dot 4807293396 0.064224143 4839879.20158037 6880576.83767135 0.009479856 6880576.83767135
3 chipseq_200.dot 3793245764 0.067471397 3857683.43057029 7707062.81678792 0.00954514299999999 7707062.81678792
3 eager_8000.dot 19132169434 69.078709375 278601283.695847 321250137.931766 103.133180933 321250137.931766
3 atacseq_10000.dot 11187378708 106.19372408 379571579.864505 364233378.419409 164.356511767 364233378.419409
3 chipseq_20000.dot 4807293396 724.051221985999 777797660.477817 653468032.329423 906.147561063023 653468032.329423
3 chipseq_10000.dot 5058052541 104.542752039001 438068523.173204 403425723.455887 136.409631634001 403425723.455887
3 atacseq 3908761308 0.012022133 2479757.21405738 2030562.97364364 0.001567527 2030562.97364364
3 atacseq_4000.dot 11187378708 8.13245967799999 147364609.906214 142978384.556679 5.995932029 142978384.556679
3 chipseq_4000.dot 32978181418 6.53827059499999 1021000943.61857 1690419820.19803 5.70335267900002 1690419820.19803
3 eager_4000.dot 19075314980 11.558947419 141309937.365261 160802209.071255 7.592761486 160802209.071255
3 methylseq_4000.dot 17027257018 10.72466229 455592240.571016 241469475.854331 5.57863972700003 241469475.854331
3 chipseq_1000.dot 41366257414 0.473415081999999 227544291.612891 317681038.799492 0.213926772999999 317681038.799492
3 atacseq_10000.dot 3908761308 100.134105975 215015538.689942 253178076.691382 154.311512613002 253178076.691382
3 eager_1000.dot 19100037384 1.384358419 45632660.6079592 40988140.0424979 0.242434994 40988140.0424979
3 eager_25000.dot 25705994498 1553.70592916499 1272972418.88026 1568329309.56997 2436.17284505505 1568329309.56997
3 chipseq_25000.dot 41366257414 1191.63776140898 6027062520.79457 7879754775.49376 1784.20768254503 7879754775.49376
3 atacseq 14091675276 0.010815655 6796472.31928283 6117524.87588642 0.001489981 6117524.87588642
3 methylseq_15000.dot 11897958606 451.999631951002 1227898874.57058 767507879.41392 463.259720055999 767507879.41392
3 atacseq_30000.dot 2223941232 2164.59141851705 391492374.474937 360650477.555448 3116.73624119309 360650477.555448
3 methylseq_1000.dot 11897958606 0.658670478000001 81683243.9720678 51537899.8659282 0.171767558999999 51537899.8659282
3 atacseq_2000.dot 3908761308 1.97319289 40576806.8926065 51054193.7076837 0.892102852999999 51054193.7076837
3 methylseq 11897958606 0.003157777 1841313.22040544 1843325.45 0.000388498 1843325.45
3 chipseq_25000.dot 5058052541 1275.90915387401 1119521335.80592 1008367431.01799 1803.65213485402 1008367431.01799
3 methylseq_15000.dot 110641579976 488.611153488003 6633743771.10296 14854064977.737 499.699512626001 14854064977.737
3 methylseq_15000.dot 17027257018 465.484474936001 1713238589.42594 907129521.035452 448.177553580993 907129521.035452
3 eager 14754556884 0.037283812 6749313.0751564 5850111.59097304 0.005611294 5850111.59097304
3 chipseq_2000.dot 32978181418 1.741790792 498381251.683251 845387544.605188 0.906677725000006 845387544.605188
3 eager_2000.dot 19100037384 3.533310502 74197147.6306453 81392673.5363443 1.26922806900001 81392673.5363443
3 atacseq_20000.dot 14091675276 762.114808775004 1467094548.34102 1577788543.42427 932.714618566996 1577788543.42427
3 atacseq_20000.dot 2223941232 808.325834508999 257222943.307707 240270157.972578 975.123006269009 240270157.972578
3 chipseq_2000.dot 5058052541 1.773949819 84726254.4686528 80955977.2939338 0.906650962 80955977.2939338
3 methylseq_20000.dot 11897958606 936.473076408002 1637257256.26512 1023342910.66627 981.346270470003 1023342910.66627
3 atacseq_25000.dot 14091675276 1333.04737798601 1833778043.6276 1975790302.29923 1816.91975265906 1975790302.29923
3 atacseq_4000.dot 14091675276 6.75544673600002 291281469.134949 313571754.529476 5.72332881799996 313571754.529476
3 eager_200.dot 25705994498 0.134473676 13417102.937937 14505960.5871882 0.01954928 14505960.5871882
3 chipseq_15000.dot 4605965334 368.226054554998 574258670.409189 488253361.376989 461.15116617201 488253361.376989
3 atacseq_15000.dot 14091675276 367.194825956 1096725886.19776 1183887459.98034 459.803205243009 1183887459.98034
3 methylseq_200.dot 110641579976 0.079230098 101888196.88376 243004076.324457 0.010057285 243004076.324457
3 methylseq 6273818718 0.003162609 992206.513341115 994094.7125 0.000392739 994094.7125
3 atacseq_15000.dot 11187378708 377.471144140998 574188143.135391 544517899.657869 471.659964556003 544517899.657869
3 eager 25705994498 0.036411171 9418352.80828121 9072263.06491788 0.005227188 9072263.06491788
3 methylseq_4000.dot 8885797810 10.703568206 199594985.653964 155733750.859123 6.10041255399999 155733750.859123
3 methylseq_20000.dot 110641579976 1005.69708171799 8839231459.01204 21112589473.9284 1077.88068592303 21112589473.9284
3 chipseq_2000.dot 41366257414 1.550054947 472168286.594212 658621681.208652 0.856690739000001 658621681.208652
3 chipseq_15000.dot 32978181418 367.064118706996 3922894852.34586 6349566247.1732 469.936875868006 6349566247.1732
3 chipseq_8000.dot 5058052541 46.1778805860001 351696898.177913 322950989.640976 63.3354287189997 322950989.640976
3 methylseq_8000.dot 8885797810 66.1552717330001 398890722.77903 311465578.922764 61.8258531180002 311465578.922764
3 chipseq_8000.dot 41366257414 44.8935872790002 1920464569.99351 2529641185.86643 63.9727331470004 2529641185.86643
3 methylseq_8000.dot 6273818718 67.4189745609999 200496040.484832 232408118.912895 74.6281478119994 232408118.912895
3 eager_15000.dot 19100037384 495.713289489 557177168.849653 599299120.873258 616.330178573007 599299120.873258
3 chipseq_30000.dot 4807293396 2089.75059495201 1171034135.58492 981856570.749209 3104.23143764105 981856570.749209
3 methylseq_30000.dot 6761426956 3014.02763984998 1142255065.06153 899708832.781555 2759.83942124608 899708832.781555
3 chipseq_1000.dot 32978181418 0.460072125 241129801.865988 420320457.537625 0.196353587999999 420320457.537625
3 chipseq_30000.dot 4605965334 2150.92794367002 1148216310.57652 965254580.213078 3034.43858314499 965254580.213078
3 methylseq_10000.dot 6273818718 146.253676062 251386677.702894 291002979.279969 178.373683180006 291002979.279969
3 methylseq_25000.dot 6761426956 1686.65396529699 951554599.540529 750657637.3796 1928.87914471404 750657637.3796
3 chipseq_10000.dot 4605965334 96.2732585160002 384121032.728058 324398539.854666 135.852384620002 324398539.854666
3 methylseq 22500260922 0.003169019 2995978.9703697 2996772.87801262 0.000391522 2996772.87801262
3 methylseq 110641579976 0.003160948 34016663.6727109 34018273.3844888 0.000361688 34018273.3844888
3 eager_25000.dot 8330435694 1617.20431164101 625039855.439456 615266019.147992 2525.41625366704 615266019.147992
3 chipseq_20000.dot 41366257414 758.617415934 4818022099.51234 6249466082.06085 909.809001343007 6249466082.06085
3 chipseq_20000.dot 5058052541 731.072190133996 888803481.604793 806347080.343204 900.456612370011 806347080.343204
3 chipseq_8000.dot 32978181418 47.3872135709998 2070677700.14831 3384745157.12489 60.7728866470002 3384745157.12489
3 atacseq_25000.dot 11187378708 1328.885988259 958235582.806421 913343509.387868 1866.36188700804 913343509.387868
3 atacseq_25000.dot 3908761308 1348.23050157001 542991905.190243 627525518.723335 1918.840734841 627525518.723335
3 chipseq_4000.dot 5058052541 6.90053781200001 170162519.829751 162046113.473419 5.648254598 162046113.473419
3 eager 8330435694 0.038089407 4951405.87090015 3180873.58333333 0.005809746 3180873.58333333
3 eager_15000.dot 14754556884 485.521773855001 419867007.865312 717906870.37043 586.381851140015 717906870.37043
3 chipseq_15000.dot 4807293396 346.953255138999 587112681.919621 481860776.392403 450.179895984005 481860776.392403
3 eager_4000.dot 25705994498 12.083834876 198343070.617149 250813203.820002 7.75324869300005 250813203.820002
3 eager_8000.dot 19100037384 87.7128739879999 278195360.493298 320669238.432787 112.261361512 320669238.432787
3 methylseq_4000.dot 110641579976 10.719017698 1779884855.5763 4708851213.32765 6.38029065099995 4708851213.32765
3 chipseq 3793245764 0.007006142 2310608.71709462 2375879.82669644 0.000856196 2375879.82669644
3 atacseq_200.dot 14091675276 0.06687416 7999544.10952604 18917331.9096882 0.011578061 18917331.9096882
3 chipseq_25000.dot 32978181418 1280.35251927001 6544927574.5389 10573638675.6866 1818.03930430005 10573638675.6866
3 eager_10000.dot 19100037384 144.744804288001 351872026.242487 400152134.463074 227.617164182003 400152134.463074
3 methylseq_30000.dot 11897958606 2981.80556748597 2455281422.13691 1533172717.92779 2765.68367803195 1533172717.92779
3 atacseq_25000.dot 11809629756 1362.69738753799 956752452.092896 876527590.644718 1876.16889140502 876527590.644718
3 eager_30000.dot 19075314980 2687.18834769501 1082727106.95294 1191913006.7397 3823.4857289041 1191913006.7397
3 methylseq_25000.dot 11897958606 1577.60855387 2047420285.40968 1279177941.91862 1855.09196778703 1279177941.91862
3 eager_15000.dot 19132169434 467.698588667 546399531.315785 601937627.182017 601.532404351017 601937627.182017
3 methylseq_30000.dot 22500260922 3206.09154491398 1424755440.82094 2236795662.8739 2909.91659677105 2236795662.8739
3 atacseq_2000.dot 11187378708 2.023192857 71445280.8588902 73789415.493277 0.900459164999999 73789415.493277
3 methylseq_10000.dot 11897958606 160.084696043 818662929.978457 511672848.161568 167.588477074002 511672848.161568
3 chipseq_25000.dot 4605965334 1201.223780898 956459552.405867 805493022.146096 1725.20008907203 805493022.146096
3 methylseq_30000.dot 6273818718 2756.11371989898 754945566.847669 872269464.279969 2893.47572058894 872269464.279969
3 eager_30000.dot 8330435694 2723.0754778 746330803.121385 741662131.513536 3279.11884034701 741662131.513536
3 chipseq_200.dot 4605965334 0.068785631 4413587.8299958 7709689.02040478 0.009482455 7709689.02040478
3 methylseq_15000.dot 6273818718 439.352842491002 377117358.709841 436636883.912895 470.190220586001 436636883.912895
3 methylseq_2000.dot 11897958606 2.28260766 163297884.252345 103073014.075039 0.898981968000005 103073014.075039
3 atacseq_200.dot 3908761308 0.073510002 4262029.22196273 5916001.74205331 0.012111509 5916001.74205331
3 eager_8000.dot 8330435694 66.7350746899997 179918815.461294 198368781.678442 97.9655769950007 198368781.678442
3 atacseq_200.dot 2223941232 0.077253324 3064129.25900044 3913798.48473706 0.011985189 3913798.48473706
3 chipseq_2000.dot 4807293396 1.877329115 71276118.9496995 63220972.0264715 0.894558865 63220972.0264715
3 eager_20000.dot 19100037384 916.928742760002 700022048.867633 796344195.304683 1216.50879319001 796344195.304683
3 eager_10000.dot 19075314980 146.134567309 361347894.655189 399072150.393741 221.953952047 399072150.393741
3 methylseq_25000.dot 6273818718 1589.29833557699 629822169.703715 727904787.999722 2059.52023040799 727904787.999722
3 eager_10000.dot 8330435694 147.040770687 236300182.84223 241313611.689272 217.69542236 241313611.689272
3 methylseq_200.dot 8885797810 0.07710505 9220677.93257369 8419634.58507379 0.010412707 8419634.58507379
3 chipseq 32978181418 0.005967418 18677325.8194742 19863500.601088 0.000729801 19863500.601088
3 methylseq_2000.dot 6761426956 2.4411632 74944539.3837424 60486983.4816685 0.930809471999999 60486983.4816685
3 atacseq_20000.dot 3908761308 788.779346393998 435671484.381233 503384149.49347 952.714184489012 503384149.49347
3 atacseq_1000.dot 11187378708 0.639685280000001 30970150.2268376 37848717.701602 0.170289252999998 37848717.701602
3 eager 19100037384 0.038114059 7619012.90180323 6642025.28602769 0.005767395 6642025.28602769
3 chipseq_10000.dot 32978181418 111.253619183 2601226632.22162 4229110910.92953 146.119288683003 4229110910.92953
3 methylseq_2000.dot 110641579976 2.465216353 896192129.50353 2521192983.28224 0.884206734999998 2521192983.28224
3 chipseq_8000.dot 3793245764 45.2021429020002 251046783.826989 282428387.065751 64.0527976779993 282428387.065751
3 eager_25000.dot 19132169434 1514.033086773 893509768.467672 997501922.583595 2381.67430111207 997501922.583595
3 eager_4000.dot 19132169434 11.770291568 143596812.232315 162230084.679353 7.957491868 162230084.679353
3 chipseq_1000.dot 4807293396 0.589396721000001 31476419.3329634 30455791.5096207 0.168930112999999 30455791.5096207
3 eager_15000.dot 19075314980 471.134883946999 529500290.036404 596997071.664465 614.410834343004 596997071.664465
3 methylseq_200.dot 6761426956 0.07776052 7024508.8577857 6483019.95287895 0.010265714 6483019.95287895
3 methylseq 17027257018 0.003152646 2178149.99525382 2179186.75 0.000382019 2179186.75
3 eager_1000.dot 8330435694 1.183343397 27001691.7224062 24035022.5187046 0.246425135 24035022.5187046
3 chipseq_4000.dot 3793245764 6.76594718899999 123487393.304168 140633869.776578 5.50212105300005 140633869.776578
3 methylseq_200.dot 11897958606 0.079272957 15901947.0509962 11046024.4159127 0.010251192 11046024.4159127
3 atacseq_1000.dot 3908761308 0.658339288999999 17451255.8286485 25880645.4967715 0.169087837 25880645.4967715
3 chipseq_1000.dot 3793245764 0.705033235000001 29168297.9285846 35315468.599559 0.171713738999999 35315468.599559
3 atacseq_2000.dot 11809629756 2.216778462 73019327.998198 70346274.2174734 1.019232877 70346274.2174734
3 eager_4000.dot 8330435694 11.926546858 90086627.437702 99271639.6422058 7.28714277700004 99271639.6422058
3 methylseq_200.dot 22500260922 0.07704108 11222666.1562254 16483501.7992405 0.010363804 16483501.7992405
3 eager_4000.dot 14754556884 13.138586419 115711643.95865 187349478.453782 8.54496240699998 187349478.453782
3 methylseq 6761426956 0.003168166 1080709.94343691 1082623.6 0.000393978 1082623.6
3 eager_200.dot 19100037384 0.139373084 7623307.43076758 11290031.0216524 0.02064766 11290031.0216524
3 methylseq_20000.dot 8885797810 964.856078953007 1001317825.10172 780063827.693181 1034.83263255499 780063827.693181
3 atacseq_25000.dot 2223941232 1367.19804420901 324156885.460127 300035701.673107 1916.87406421704 300035701.673107
3 eager_20000.dot 25705994498 936.782596150999 1004101804.16032 1252451240.69163 1224.20860250898 1252451240.69163
3 eager_25000.dot 19075314980 1542.419363126 893730763.100274 991423732.054089 2465.26355573707 991423732.054089
3 chipseq_15000.dot 5058052541 341.592371981 669118188.266258 605542365.163217 431.03307274 605542365.163217
3 chipseq_1000.dot 5058052541 0.59248091 37046214.9201839 40675738.351398 0.167456706999998 40675738.351398
3 atacseq_15000.dot 11809629756 368.728329776002 570674034.021454 501516085.711941 472.338775058001 501516085.711941
3 methylseq_2000.dot 8885797810 2.394879907 98589532.3235638 78569106.6858115 0.873086871000002 78569106.6858115
3 chipseq 41366257414 0.005132372 19893375.3798256 22503568.9115015 0.000689823 22503568.9115015
3 methylseq_15000.dot 8885797810 471.256880499999 750262749.123063 585048295.253138 501.071819170005 585048295.253138
3 methylseq_30000.dot 17027257018 2856.690255267 3438816104.03649 1812080392.57098 3203.45278758106 1812080392.57098
3 eager_2000.dot 19075314980 3.735968784 76200623.6540105 81485644.3299359 1.195002568 81485644.3299359
3 eager_2000.dot 19132169434 3.992202325 78351858.9609253 83604358.7904459 1.208089704 83604358.7904459
3 chipseq_20000.dot 4605965334 743.040480449003 765180733.906529 668245015.670723 896.013966100011 668245015.670723
3 atacseq_200.dot 11187378708 0.072206276 3503602.42603994 8993641.62975515 0.01178003 8993641.62975515
3 chipseq_15000.dot 3793245764 364.186346453996 489895455.08653 526377181.487284 445.228882937995 526377181.487284
3 atacseq_8000.dot 14091675276 44.8512140710001 585923658.866865 634543692.830319 63.8034754520013 634543692.830319
3 eager_10000.dot 19132169434 145.756077248999 365836036.162664 402315926.881902 207.444342241002 402315926.881902
3 methylseq_8000.dot 11897958606 72.1914957310003 653700357.186613 408602904.293345 74.6028377069995 408602904.293345
3 eager_15000.dot 25705994498 483.181419379002 741438746.968605 941576653.941639 597.832093121002 941576653.941639
3 eager_1000.dot 19075314980 1.402384109 43571238.710694 40886378.2915965 0.240221939 40886378.2915965
3 eager_30000.dot 25705994498 2826.94581844001 1522703322.06151 1881602190.06657 3328.27444227515 1881602190.06657
3 eager_10000.dot 25705994498 159.036500147001 493536661.121476 628303773.445 219.845787294997 628303773.445
3 chipseq_20000.dot 3793245764 743.649039097005 656993793.993653 698919432.40014 902.930830733003 698919432.40014
3 atacseq 11187378708 0.011058448 3390854.60866327 2964048.39082512 0.001490842 2964048.39082512
3 chipseq 5058052541 0.007045468 2097254.51057255 2338331.75806325 0.000854538 2338331.75806325
3 chipseq_30000.dot 41366257414 2169.87677875099 7244624206.52479 9704593958.32037 3115.38273109308 9704593958.32037
3 eager_8000.dot 14754556884 66.6712545459998 219592749.924112 381697212.113977 101.526650698001 381697212.113977
3 chipseq_30000.dot 32978181418 1940.63807813001 7862214216.07426 12698117615.003 2816.22661535803 12698117615.003
3 methylseq_25000.dot 110641579976 1788.19609596301 11050073636.046 21413197571.6273 2064.14129070708 21413197571.6273
3 eager_10000.dot 14754556884 162.006624432 276741582.842007 476974493.923857 224.385097461004 476974493.923857
3 eager_30000.dot 14754556884 2685.21857039798 833419546.03253 1439129946.42529 3779.86934906509 1439129946.42529
3 methylseq_8000.dot 6761426956 67.84052678 303146494.661412 239780398.459749 64.2513581279989 239780398.459749
3 atacseq_10000.dot 11809629756 107.542138464 381458856.185255 351120929.253503 169.793194591001 351120929.253503
3 eager_20000.dot 19132169434 938.565024446004 716383784.424613 798709121.432946 1251.60264064298 798709121.432946
3 eager_200.dot 19075314980 0.135101073 7608401.89366848 11106796.7116396 0.020371161 11106796.7116396
3 eager_20000.dot 14754556884 897.698098654002 547765795.963704 956421588.11287 1261.87414596302 956421588.11287
3 chipseq 4807293396 0.007074748 1709995.82503186 1923547.97403275 0.000871169 1923547.97403275
3 eager_15000.dot 8330435694 480.679199926001 348005277.752936 372899755.896762 597.284409464015 372899755.896762
3 methylseq_10000.dot 6761426956 154.240634737 379976219.145488 300264581.549494 176.389582996001 300264581.549494
3 methylseq_1000.dot 22500260922 0.623062587 48556040.4635539 79028930.7875395 0.186610461999998 79028930.7875395
3 methylseq_8000.dot 22500260922 69.090167799 379832313.335078 601057961.269369 84.0069890530009 601057961.269369
3 methylseq_25000.dot 8885797810 1802.57747916801 1252179679.90772 975079360.133223 2025.53703820001 975079360.133223
3 atacseq_1000.dot 2223941232 0.762574493999999 7671453.60620781 13459388.5394236 0.214614889 13459388.5394236
3 atacseq_4000.dot 3908761308 8.11371125200002 85917889.3082846 100519518.740276 6.07982553299999 100519518.740276
3 chipseq_10000.dot 3793245764 99.0450534630002 320764095.607757 348827763.938109 155.878941084999 348827763.938109
3 eager_1000.dot 19132169434 1.407566784 45300944.9748554 41091167.2962632 0.236010808000001 41091167.2962632
3 methylseq_20000.dot 17027257018 899.922704117004 2284607418.24535 1209504752.92411 880.517620403018 1209504752.92411
3 eager_8000.dot 25705994498 77.6126303120001 399410363.688453 502473583.569996 107.127500545 502473583.569996
3 methylseq_2000.dot 17027257018 2.254041737 227517667.208847 121824062.677166 0.883995533000002 121824062.677166
3 methylseq_4000.dot 6761426956 9.908656909 151697101.586027 119891599.425836 5.87070406499997 119891599.425836
3 chipseq_8000.dot 4807293396 44.7672051350002 311837631.397509 260640464.54414 59.0597961670013 260640464.54414
3 methylseq_20000.dot 6273818718 908.322452768003 503199096.759001 582270788.545821 939.675925893006 582270788.545821
3 eager_4000.dot 19100037384 11.477298222 140196254.681009 161225251.408224 7.45728204900002 161225251.408224
3 methylseq_20000.dot 22500260922 973.782506734005 949541057.865803 1494942357.88865 1075.98426035701 1494942357.88865
3 eager_2000.dot 14754556884 4.20418606599999 67211768.9619753 90807806.7912829 1.222002811 90807806.7912829
3 atacseq_20000.dot 11187378708 780.368392524 760002732.831468 727179689.525596 932.983958842033 727179689.525596
3 methylseq_4000.dot 22500260922 10.136383486 191169130.648764 304192475.145416 6.11923493300001 304192475.145416
3 atacseq_15000.dot 2223941232 377.156263877 192325662.911366 180378685.932252 484.578822675003 180378685.932252
3 atacseq_8000.dot 2223941232 51.5503295870002 100873472.668764 97457232.6562036 68.2490837410008 97457232.6562036
3 chipseq_200.dot 41366257414 0.053811819 43223946.0504394 66708664.8823746 0.008421644 66708664.8823746
3 eager_200.dot 19132169434 0.131080027 7612116.25147731 11454105.0082956 0.020506908 11454105.0082956
3 chipseq_25000.dot 4807293396 1248.08847572601 988016570.710649 814322888.159186 1698.67332344103 814322888.159186
3 atacseq_4000.dot 2223941232 8.33561114699998 49340450.2155436 48757128.3576299 5.65327888999999 48757128.3576299
3 chipseq_10000.dot 41366257414 101.4087506 2418803339.4459 3070008446.066 141.800645216 3070008446.066
3 chipseq_4000.dot 4605965334 7.11585578699998 149205792.279272 130667223.260447 5.82162880500002 130667223.260447
3 atacseq_10000.dot 2223941232 104.869235487 128714395.349995 120840300.890642 152.324237512999 120840300.890642
3 chipseq_25000.dot 3793245764 1199.955429648 814733131.434844 874768229.401027 1735.89835252702 874768229.401027
3 methylseq_25000.dot 17027257018 1575.011834189 2856980491.00225 1511879984.81279 1722.02453599503 1511879984.81279
3 eager_30000.dot 19132169434 2715.95484033201 1058330766.66786 1199283883.55726 3770.21423052611 1199283883.55726
3 eager_2000.dot 8330435694 3.75846348 51198143.4513451 49157108.685695 1.192822942 49157108.685695
3 chipseq_30000.dot 5058052541 2052.85616539199 1346563466.25857 1210373411.4957 3028.74314324706 1210373411.4957
3 methylseq_4000.dot 11897958606 9.93093064900001 326884088.950457 204302987.25008 5.71182313199999 204302987.25008
3 chipseq_4000.dot 4807293396 6.907091807 153713747.387354 130282491.358616 5.42896292200001 130282491.358616
3 eager_200.dot 14754556884 0.145012026 6845775.29385545 9416196.77234195 0.020234485 9416196.77234195
3 chipseq 4605965334 0.007122898 2250600.33296256 2339455.27544359 0.000874084 2339455.27544359
3 methylseq_15000.dot 22500260922 453.898302115999 712266319.690405 1120178278.88847 505.089179200001 1120178278.88847
3 chipseq_20000.dot 32978181418 749.584358990994 5248351771.20954 8459682103.33956 908.554346923996 8459682103.33956
3 methylseq_2000.dot 6273818718 2.283937619 48624184.1517622 58607288.5458213 0.867603431 58607288.5458213
3 atacseq 2223941232 0.012267869 1648363.13569011 1325596.73404344 0.001584647 1325596.73404344
3 methylseq_1000.dot 17027257018 0.656352677000001 113469747.792473 60913944.0233357 0.170956630999999 60913944.0233357
3 eager_25000.dot 19100037384 1538.192410575 886299960.953282 994047394.130168 2560.20291482505 994047394.130168
3 chipseq_8000.dot 4605965334 43.9073431560001 300998423.22863 263372383.609307 56.7551245889999 263372383.609307
3 atacseq_2000.dot 2223941232 2.133411086 19616687.734357 25620183.8883276 0.924803077999999 25620183.8883276
3 methylseq_200.dot 6273818718 0.086109623 2973456.07274286 6240938.54582128 0.00998669999999999 6240938.54582128
3 atacseq_8000.dot 11187378708 46.9149971339999 303382327.986199 291469694.289483 62.1169981309999 291469694.289483
3 methylseq 8885797810 0.003133076 1403452.70656316 1404687.375 0.000381763 1404687.375
3 methylseq_10000.dot 22500260922 171.068772925001 475365081.191649 751166990.841286 192.361791782003 751166990.841286
3 methylseq_1000.dot 6761426956 0.654666116 36985234.5625563 30244763.9055464 0.173060119999999 30244763.9055464
3 chipseq_2000.dot 3793245764 1.749862643 61800575.7474363 71085111.1407385 0.886216907999996 71085111.1407385
3 methylseq_25000.dot 22500260922 1639.744322945 1187247320.16774 1864475626.833 2014.97333369402 1864475626.833
3 chipseq_30000.dot 3793245764 2092.03089303199 983467763.479006 1044157376.97578 2961.5247335521 1044157376.97578
3 methylseq_1000.dot 8885797810 0.655654915 48631920.3185991 39285402.3093984 0.181637423999998 39285402.3093984
3 eager 19132169434 0.037199349 7607661.25859742 6631370.47303754 0.00567895 6631370.47303754
3 methylseq_10000.dot 17027257018 163.589509779002 1142014623.31073 604754289.14682 156.373419962002 604754289.14682
3 eager_200.dot 8330435694 0.142098959 5166300.45067769 4914918.3477336 0.020730751 4914918.3477336
3 atacseq 11809629756 0.010785313 3137488.27289915 2775181.54895901 0.001478687 2775181.54895901
3 chipseq_10000.dot 4807293396 100.748532888 385305481.439301 322359723.704771 154.844411491 322359723.704771
