algo_nr wf_name inp_size dur_alg1 ms_1 ms_perc dur_alg2 ms_2
0 atacseq_30000.dot 14091675276 28.640294463 2208627964.92116 757461342.761644 741.971540798001 4914243276.90945
0 chipseq_15000.dot 41366257414 10.213277005 3608377536.27017 1280104647.47908 80.7156886400003 6244074075.29853
0 methylseq_15000.dot 6761426956 139.456782119 570148884.296911 223072987.210304 274.937843701001 794888564.635219
0 atacseq_15000.dot 3908761308 13.438645697 332304390.255515 103011809.465495 61.0230434220005 862836691.393554
0 eager 19075314980 0.034516071 7610497.28520574 5660097.175 0.008613615 7309765.55648612
0 eager_1000.dot 25705994498 0.944430512 51088155.0542528 18231135.9709328 0.456011659 89840478.3013566
0 eager_20000.dot 8330435694 114.709832939 491397135.271869 89332584.6342657 903.086313775014 899865622.302476
0 eager_25000.dot 14754556884 103.522573685001 681454096.70758 269037441.963197 2179.93221410905 1717847929.0829
0 methylseq_1000.dot 110641579976 0.526316749 454341868.54166 211064079.3 0.298776347 502051012.105964
0 chipseq_200.dot 5058052541 0.054199338 4967494.16117859 3739327.1625 0.011481547 9430034.25912076
0 atacseq_30000.dot 11809629756 46.7649927729998 1161537959.84381 339667107.877686 688.507832481996 2788161056.42838
0 methylseq_1000.dot 6273818718 0.488634889 23240524.5542931 11793463.3 0.235094277 44234765.2732428
0 chipseq_4000.dot 41366257414 1.634283474 949728960.739172 339327410.479165 3.25443417600001 1685062899.13895
0 atacseq_2000.dot 14091675276 0.734378848999999 143024637.050041 45991137.9318276 0.614641644 271264507.422484
0 atacseq_1000.dot 11809629756 0.442176004 32346382.5267262 11370107.6838157 0.167854357 76780366.805479
0 methylseq_200.dot 17027257018 0.071920204 21809234.9186196 6491298.19791667 0.014397041 26567935.607799
0 methylseq_30000.dot 110641579976 1286.880919345 13249633647.8181 6280476490.58072 2245.12171364503 14832152300.447
0 methylseq_8000.dot 110641579976 55.3574848850001 3539469086.23454 1673433368.875 67.6069853509999 3949239398.82189
0 methylseq_20000.dot 6761426956 381.123613053 760926769.810577 297359803.9582 568.751913357008 1059887038.47257
0 atacseq_8000.dot 3908761308 5.85197611399999 173786769.740544 61432903.412849 13.9292320750001 451159854.300578
0 methylseq_8000.dot 17027257018 18.685239229 911763193.815773 239674544.989583 21.8077514370001 1362086540.60679
0 atacseq_10000.dot 14091675276 5.78394259199998 730794846.679174 246265088.886097 23.70403675 1597840793.78047
0 atacseq_20000.dot 11809629756 27.2160381279999 768998460.359678 221369212.187414 142.106366776002 1639377429.48223
0 atacseq_30000.dot 3908761308 40.5093161380001 646131881.536818 240246613.7323 687.845571270998 2126329355.10411
0 eager_2000.dot 25705994498 2.147695901 97899218.1781054 34248635.1366462 1.911352149 163975528.865627
0 eager_1000.dot 14754556884 1.189746417 37456753.6507635 12687356.0384678 0.405198812 60332620.2187494
0 atacseq_30000.dot 11187378708 47.8096465539996 1145869132.41636 373962931.000161 711.835651544006 2604334183.51669
0 methylseq_10000.dot 8885797810 40.3629405849999 499996295.09856 193656676.139618 38.1512147310001 700155054.019802
0 atacseq_4000.dot 11809629756 2.826201808 148992320.905869 40282413.4048647 2.575551249 312880592.834944
0 atacseq_1000.dot 14091675276 0.34283227 70457091.6927914 26018737.845321 0.172904331 152876490.790277
0 methylseq_4000.dot 6273818718 4.938814486 99641259.2530479 46466800.3689659 3.703097409 164668244.234648
0 chipseq_1000.dot 4605965334 0.463565713 33459971.2687317 11145381.1278633 0.207470892 78070714.5243285
0 atacseq_200.dot 11809629756 0.063199068 3315585.61344062 2684422.27083333 0.012710044 3291679.79617185
0 eager_8000.dot 19075314980 16.667513875 271915304.609197 92910678.6681178 41.584183405 632849607.295974
0 methylseq_10000.dot 110641579976 45.268115178 4425861537.25995 2095552728.73392 51.29698735 4950999790.51296
0 methylseq_2000.dot 22500260922 1.432449427 95557948.2158839 67668190.7796182 1.081803196 167261712.622264
0 chipseq_200.dot 32978181418 0.047310744 41561976.4600602 19750499.8740079 0.010498594 82129939.5269335
0 chipseq_2000.dot 4605965334 0.901731245 73014172.1787956 22615177.2814529 0.907865513000002 191021568.924067
0 methylseq_30000.dot 8885797810 1039.757433067 1503134635.00882 580371844.61677 2070.570367616 2082109158.54788
0 eager_20000.dot 19075314980 83.3868001850005 712467784.596832 228374764.656635 1022.940103061 1677779450.09327
0 atacseq_8000.dot 11809629756 7.25105821399999 304679914.506548 88609130.3637628 13.021653566 660810131.453434
0 eager_30000.dot 19100037384 250.444562830999 1063218793.95421 343040382.605137 3063.12466392402 2504335559.80116
0 chipseq_200.dot 4807293396 0.053420033 4470557.98906028 3098571.96875 0.011722139 8772879.42160521
0 chipseq_200.dot 3793245764 0.057978087 4238116.21252864 3800677.2875 0.011584245 6517316.28630991
0 eager_8000.dot 19132169434 16.115452604 282905987.795253 92937223.6483061 42.1161128250002 608080305.57056
0 atacseq_10000.dot 11187378708 9.95199143400002 378128961.992705 124516377.285653 22.405197528 792187856.460931
0 chipseq_20000.dot 4807293396 24.796277478 794786079.786555 206516994.887787 193.184211081002 2129452275.07721
0 chipseq_10000.dot 5058052541 7.44896670000001 440917658.453552 121678125.704551 29.324643903 1155400841.43014
0 atacseq 3908761308 0.010051663 2195290.74690812 2078089.0812999 0.002262318 2440365.33408993
0 atacseq_4000.dot 11187378708 2.805979978 147460613.787499 44796598.6183354 2.652114234 306947682.538187
0 chipseq_4000.dot 32978181418 1.642930354 1014678882.21256 279595541.762134 3.199471667 1607570272.01761
0 eager_4000.dot 19075314980 5.70437666700001 140479328.920133 50031229.2458753 8.26391185900002 350990579.381589
0 methylseq_4000.dot 17027257018 3.781789086 455592781.623254 120060633.75 6.08888125800002 672757183.391766
0 chipseq_1000.dot 41366257414 0.328781995 227405088.787849 84043838.1054213 0.180115965 418808909.186844
0 atacseq_10000.dot 3908761308 7.825427011 215859658.781354 77907892.7389654 24.077166065 605605043.212932
0 eager_1000.dot 19100037384 1.145738171 44539467.103006 12876096.2313828 0.405201700000001 74316290.3327882
0 eager_25000.dot 25705994498 188.895778069 1267441226.6972 393999691.566127 2590.24168345004 2539936609.3457
0 chipseq_25000.dot 41366257414 24.4857335340001 6027124065.46847 2125679981.39634 509.723464407 10534645039.4792
0 atacseq 14091675276 0.010202032 6796481.03787636 6014014.14384737 0.00184905 10703995.5288828
0 methylseq_15000.dot 11897958606 144.381694945 1227899162.68212 381634066.397005 271.059263843002 1471867977.6509
0 atacseq_30000.dot 2223941232 48.3514272890001 389164274.949074 138606204.075776 749.395303518003 1400047367.66235
0 methylseq_1000.dot 11897958606 0.521985838 81683137.0342124 25620045.1877727 0.257195682 93479128.3222996
0 atacseq_2000.dot 3908761308 1.062112177 40539192.1631729 15403805.5153315 0.680757146999999 104433633.086332
0 methylseq 11897958606 0.003000825 1841601.33194251 1840539.7875 0.00048246 1840539.78832756
0 chipseq_25000.dot 5058052541 29.3113419629999 1126173279.21861 313812527.684164 492.197898651004 2880167358.39296
0 methylseq_15000.dot 110641579976 215.065195135 6633743773.81931 3141973964.41682 375.138577039002 7434826357.37277
0 methylseq_15000.dot 17027257018 74.2863281460002 1713239130.4781 450370494.67999 259.154806997999 2601665632.2612
0 eager 14754556884 0.03509537 6755264.70921621 5674952.4125 0.00875827 6363415.53569637
0 chipseq_2000.dot 32978181418 0.685714887000001 495842583.589983 143135575.136423 0.891356225999999 839451410.308086
0 eager_2000.dot 19100037384 2.572537015 78467048.7488387 25422928.8664811 1.708769913 136808000.483206
0 atacseq_20000.dot 14091675276 15.9050558360001 1465244977.14571 500625345.12656 147.44372829 3208211124.5181
0 atacseq_20000.dot 2223941232 24.554686899 255901658.896092 89874635.7088793 142.044288883001 817716046.427454
0 chipseq_2000.dot 5058052541 0.869987133 83049700.4227166 24139378.3725506 0.955471238999999 210315606.083519
0 methylseq_20000.dot 11897958606 328.593719559 1637257546.02598 508635873.936155 538.498419874001 1970157145.22722
0 atacseq_25000.dot 14091675276 21.772431417 1832708378.15864 626593907.598201 277.452822966004 4005092791.6667
0 atacseq_4000.dot 14091675276 1.726567934 291642024.681292 89739238.5946268 2.692676884 591129987.482059
0 eager_200.dot 25705994498 0.125373805 12961002.0938556 7396128.70833333 0.028900564 12838732.829868
0 chipseq_15000.dot 4605965334 9.706039339 571221999.191684 186516427.605896 109.796055579001 1822090049.57678
0 atacseq_15000.dot 14091675276 11.036380341 1096680142.02346 334313908.122021 55.4723711630001 2287031043.25571
0 methylseq_200.dot 110641579976 0.072175273 101888199.587688 42534973.25 0.014868814 110531230.637305
0 methylseq 6273818718 0.003026127 992415.667876624 991875.3625 0.000490206 991875.363773514
0 atacseq_15000.dot 11187378708 18.624140416 569369649.889593 167645891.067514 59.5796770980002 1217696552.32925
0 eager 25705994498 0.034537036 9426823.43206269 7396128.70833333 0.008470174 10032166.5691682
0 methylseq_4000.dot 8885797810 4.89289197499999 199594980.237155 77415094.1438076 6.00669380000001 275530892.035599
0 methylseq_20000.dot 110641579976 473.990347398001 8839231461.25149 4188402126.70764 837.247189872003 9898300624.48498
0 chipseq_2000.dot 41366257414 0.710493542000001 469741932.245466 170646669.424042 0.765811675 853654194.032502
0 chipseq_15000.dot 32978181418 9.18477581400004 3909673403.1655 1115567055.58738 98.9081373189996 6693078256.02022
0 chipseq_8000.dot 5058052541 5.44154607299999 351477455.895965 103543217.707152 19.3000135029999 910545611.723115
0 methylseq_8000.dot 8885797810 52.0967624810001 398890951.169904 154653324.050003 66.0611203890003 548249392.499525
0 chipseq_8000.dot 41366257414 4.042782889 1917831737.80213 682222106.489991 16.5804983 3402791408.88353
0 methylseq_8000.dot 6273818718 53.2519199730001 200496246.138337 91953813.7884369 63.1279821740003 325443016.717226
0 eager_15000.dot 19100037384 47.730056274 524485566.281681 172665757.765146 469.099296531004 1251762138.90707
0 chipseq_30000.dot 4807293396 46.2010430489997 1188326989.90334 306649249.610874 1017.73206878199 3410578952.6688
0 methylseq_30000.dot 6761426956 1026.709146692 1142255059.60754 445610276.856474 2206.68315584197 1585959126.89742
0 chipseq_1000.dot 32978181418 0.319647609 242127360.94874 69213975.7830742 0.196418186 374695243.66998
0 chipseq_30000.dot 4605965334 24.2688862020002 1139899104.32015 381302466.572465 1353.82070985501 3607293385.94494
0 methylseq_10000.dot 6273818718 32.887467749 251386634.347435 115821899.314084 32.0306890120003 415364980.278256
0 methylseq_25000.dot 6761426956 770.753180237 951554859.15313 371754043.381471 938.861275209998 1325951651.55363
0 chipseq_10000.dot 4605965334 5.61658570999999 378620834.990607 115595317.132527 31.617830448 1156208751.64693
0 methylseq 22500260922 0.003108277 2996447.15515921 2895226.88541667 0.000481124 2993691.77446831
0 methylseq 110641579976 0.002978353 34016666.3766384 15084215.225 0.000477987 34016661.7180765
0 eager_25000.dot 8330435694 200.779924217 621109579.458643 113294101.769265 1684.83410598299 1212965457.47718
0 chipseq_20000.dot 41366257414 16.042826972 4815810637.61469 1704032259.75809 177.555233770001 8356222053.20127
0 chipseq_20000.dot 5058052541 20.698871023 895595834.361816 263207346.246891 238.870446948 2375136275.77631
0 chipseq_8000.dot 32978181418 3.78554657900001 2072686803.68913 594180208.3192 19.1629239 3537565552.65969
0 atacseq_25000.dot 11187378708 38.3737805960003 955793223.584293 311401602.282203 269.568295367 2089834389.61578
0 atacseq_25000.dot 3908761308 27.7825380440001 530782163.780426 180338963.958661 336.758461861003 1708593172.08435
0 chipseq_4000.dot 5058052541 2.054559133 169902764.43466 47822570.5278145 3.537074473 401324858.186224
0 eager 8330435694 0.03561984 4954424.24646371 3178859.14583333 0.00892793799999999 3600201.39084582
0 eager_15000.dot 14754556884 48.6668786719998 403090234.236791 167889644.259944 473.261844542001 1066460520.49121
0 chipseq_15000.dot 4807293396 12.5262552479999 589985618.588864 153337900.988141 79.135452861001 1622680816.81861
0 eager_4000.dot 25705994498 6.56103583499997 200560573.031011 66535103.1754024 9.13847348599997 374551562.847839
0 eager_8000.dot 19100037384 17.799089525 280568295.264248 93063361.1660355 41.1715566989997 633618137.302333
0 methylseq_4000.dot 110641579976 5.77646158799999 1779884855.88751 838061411.955669 6.02803392599997 1983702300.3046
0 chipseq 3793245764 0.006128584 2372840.35459462 1987581.2875 0.001088902 2124340.0551743
0 atacseq_200.dot 14091675276 0.059779232 7133114.76700023 6054272.76177325 0.0114051 11176876.0153747
0 chipseq_25000.dot 32978181418 21.238837608 6572003839.1218 1835543168.21511 658.208889627007 11111830508.9755
0 eager_10000.dot 19100037384 25.8674189799999 355308220.230198 116766866.854327 87.5631293360005 923169934.950548
0 methylseq_30000.dot 11897958606 1175.136053403 2455281706.6883 762259539.499531 2157.41276612202 2961816561.66362
0 atacseq_25000.dot 11809629756 34.902100905 960371147.571099 279066051.187213 324.964792796001 2176499253.14534
0 eager_30000.dot 19075314980 168.661463410999 1054506880.68395 339860712.725484 3238.64977441996 2464601379.1913
0 methylseq_25000.dot 11897958606 687.795907084001 2047420573.52122 635978219.80705 926.977800020011 2468185420.78866
0 eager_15000.dot 19132169434 55.4470862679997 536912827.15287 173711666.167184 360.499162675002 1288659253.48319
0 methylseq_30000.dot 22500260922 1246.971020247 1424691709.99083 1011113806.72407 1848.67465333901 2457742972.64597
0 atacseq_2000.dot 11187378708 1.161578087 71307625.5264644 24309229.5510448 0.667747777999998 154897483.057565
0 methylseq_10000.dot 11897958606 38.8642260140002 818662823.040602 254346429.693357 35.2843909119997 982243904.857559
0 chipseq_25000.dot 4605965334 17.914354017 945868077.981052 295634678.496207 537.679296369 2890239854.22593
0 methylseq_30000.dot 6273818718 847.950386994003 754945776.001349 344917085.48748 1266.57786963501 1244501446.60233
0 eager_30000.dot 8330435694 320.875831208003 733481721.936517 137740277.863985 3192.14188418804 1549074030.49343
0 chipseq_200.dot 4605965334 0.057760838 4094267.90774544 3885858 0.0116101 9159288.58207215
0 methylseq_15000.dot 6273818718 118.105058387 377117528.118073 172934652.632464 235.342654916 618090492.14853
0 methylseq_2000.dot 11897958606 1.451665458 163298174.013211 51230930.5684558 0.96308357 194619282.567884
0 atacseq_200.dot 3908761308 0.066141314 4349065.57021287 2113956.5125 0.013467737 2894764.63836195
0 eager_8000.dot 8330435694 22.2849256299999 188051495.838113 37912732.6410806 38.9683164700003 377783979.694871
0 atacseq_200.dot 2223941232 0.068240565 3051209.37804379 1387575.625 0.01318173 1970274.17779153
0 chipseq_2000.dot 4807293396 1.039113244 70505277.0637297 18935043.2211253 0.743134383000002 179237014.237984
0 eager_20000.dot 19100037384 84.0339732580007 717618099.31049 228950358.947026 1023.45697867802 1670450397.63548
0 eager_10000.dot 19075314980 22.589775758 355435031.316742 116390955.86155 88.0965303250004 927980735.78673
0 methylseq_25000.dot 6273818718 597.037322769999 629822378.857395 288144289.787076 855.139038429003 1035777057.09029
0 eager_10000.dot 8330435694 26.3801046320001 221182139.917912 47542334.1470782 81.9075336310008 478538926.950162
0 methylseq_200.dot 8885797810 0.070494532 9220906.32249863 4188096.6625 0.014328075 7799009.83557692
0 chipseq 32978181418 0.005203306 19603480.8850445 10334451.1841704 0.000988231 30956795.0053694
0 methylseq_2000.dot 6761426956 1.49338927 74944800.6447147 29954284.0745756 0.980957275000001 106811233.074818
0 atacseq_20000.dot 3908761308 19.9173530879999 436449146.937322 157557267.624654 145.232945699001 1412576640.70075
0 atacseq_1000.dot 11187378708 0.428905546 31145042.9814422 12231877.7791407 0.161478982 72599030.8437528
0 eager 19100037384 0.035424929 7625452.28493038 5666456.15 0.008621656 7293740.75121662
0 chipseq_10000.dot 32978181418 5.136937249 2591491720.38376 685429202.67497 27.6764261349999 3947567535.90911
0 methylseq_2000.dot 110641579976 1.585335011 896192129.814735 419422225.580674 1.385134893 1000349125.87026
0 chipseq_8000.dot 3793245764 4.348212556 253318957.546278 94072970.6453621 20.7280178070001 789480774.701194
0 eager_25000.dot 19132169434 129.437683624001 889656828.20662 284843473.34048 2036.71082289299 2068047812.38415
0 eager_4000.dot 19132169434 6.047727587 140791197.188342 49929035.3365751 8.304583567 356124210.089319
0 chipseq_1000.dot 4807293396 0.448381412 31970245.7882375 9710417.28013724 0.19036969 77528776.0979055
0 eager_15000.dot 19075314980 52.722228662 527393428.800219 171996469.238206 404.401420910999 1255166507.42989
0 methylseq_200.dot 6761426956 0.07211058 7024768.46856768 3217870.0875 0.014319626 5961797.96703314
0 methylseq 17027257018 0.00302992 2178691.04738156 2175361.36458333 0.000482129 2175361.36545381
0 eager_1000.dot 8330435694 1.019731898 26940819.4259032 6895602.52860092 0.410718473 30077875.0368184
0 chipseq_4000.dot 3793245764 1.91941282 121010489.59687 43090551.3458363 3.36239168499999 338318703.707387
0 methylseq_200.dot 11897958606 0.071395895 15902236.8119329 5498618.0875 0.014353239 15928279.7783198
0 atacseq_1000.dot 3908761308 0.475549538 17814167.7094201 8135150.18101907 0.178156704 50588260.6393818
0 chipseq_1000.dot 3793245764 0.493862259 28882590.1914936 11009459.1463465 0.211399753 66717452.522796
0 atacseq_2000.dot 11809629756 1.18681519 73018065.6449133 21334456.5123847 0.562051072999999 146802802.851786
0 eager_4000.dot 8330435694 6.18693469799999 84221304.3442242 20782603.3306428 7.84561962899999 204548350.124455
0 methylseq_200.dot 22500260922 0.070561054 11223134.3410295 8654480.86458333 0.015113465 18124858.6157068
0 eager_4000.dot 14754556884 6.585085183 111615358.226402 45558595.8395525 8.33563587599998 278032324.652816
0 methylseq 6761426956 0.003003517 1080969.55603783 1080079.2625 0.000484101 1080079.26387361
0 eager_200.dot 19100037384 0.122662613 7629746.81389473 5666456.15 0.029785069 8312961.61642531
0 methylseq_20000.dot 8885797810 481.484724928001 1001318055.12745 387122494.565876 542.365638585998 1396463187.12464
0 atacseq_25000.dot 2223941232 37.913282355 324637885.13574 111996448.813473 314.443215453001 1030414328.29135
0 eager_20000.dot 25705994498 124.403824873 1019209474.76927 318065114.348677 1435.80346920401 2054635122.19943
0 eager_25000.dot 19075314980 179.789096851 895617782.188438 282226193.307795 1835.06897754702 2010740348.40776
0 chipseq_15000.dot 5058052541 13.6319111009999 659605617.589817 192576303.185518 92.3145409429995 1666493920.97966
0 chipseq_1000.dot 5058052541 0.444171659 36423534.7200076 11490549.1891569 0.20661085 86944213.9682275
0 atacseq_15000.dot 11809629756 20.5471233819999 574727407.927786 152334872.469656 58.8839719799997 1215573361.37613
0 methylseq_2000.dot 8885797810 1.468959667 98589762.3492862 39006310.0146393 1.000165701 140425631.190269
0 chipseq 41366257414 0.005007884 21447004.7702933 12920451.0667234 0.000879728 25661621.6395163
0 methylseq_15000.dot 8885797810 180.370931035 750262977.513937 290559854.112778 272.389173018003 1042681101.42124
0 methylseq_30000.dot 17027257018 910.559066166 3438816645.08873 899528980.160458 2290.25275194702 5140563406.32315
0 eager_2000.dot 19075314980 2.580339771 82143952.9086739 25841622.6094104 1.716106877 150163520.189659
0 eager_2000.dot 19132169434 2.875619238 81939459.6508323 25550585.0093985 1.700451645 136985383.984141
0 chipseq_20000.dot 4605965334 13.69717346 761119202.399875 253082729.194098 310.685793045001 2408274917.17478
0 atacseq_200.dot 11187378708 0.06178663 3676153.48530526 2975984.22686653 0.012635003 3368221.80916277
0 chipseq_15000.dot 3793245764 9.46535991599997 477174467.900316 178773084.136066 102.527303884001 1626952654.59635
0 atacseq_8000.dot 14091675276 4.058305879 585810356.819685 200227030.199563 14.4581565019999 1329563378.38483
0 eager_10000.dot 19132169434 24.0114607020001 352822862.647392 116881810.513804 90.185818535 925698381.985711
0 methylseq_8000.dot 11897958606 23.6710669199999 653700645.29815 203115151.121366 22.0216531720001 778866638.714216
0 eager_15000.dot 25705994498 60.2589969330002 741161214.299732 238729293.343459 598.237238490999 1466319723.24979
0 eager_1000.dot 19075314980 1.11759108 43758839.9185187 12857975.6401484 0.404082939000001 71284168.4303044
0 eager_30000.dot 25705994498 438.933351538999 1486444946.25535 473508508.967739 3826.40196209699 2904367183.43922
0 eager_10000.dot 25705994498 30.4803713239999 479192422.000318 159691747.505195 104.784375435999 951371180.720413
0 chipseq_20000.dot 3793245764 14.881956502 649000843.68726 236130405.155594 258.378906452001 2153110948.66202
0 atacseq 11187378708 0.010184522 3390833.5215995 2947639.175 0.001950575 3104714.80130537
0 chipseq 5058052541 0.005665823 2093255.40485411 1937898.29268461 0.001082952 1963543.98471179
0 chipseq_30000.dot 41366257414 32.3490615009998 7242035892.53648 2560933240.74077 943.573330270003 12627356438.9772
0 eager_8000.dot 14754556884 20.582424194 221747325.700441 86659585.8259597 43.773337957 574855026.856756
0 chipseq_30000.dot 32978181418 29.1076445459999 7855014493.95556 2184319323.11265 1184.155146859 13386603536.6188
0 methylseq_25000.dot 110641579976 878.050810661 11050073638.7624 5237529898.50578 1245.107173268 12382292071.3515
0 eager_10000.dot 14754556884 27.485095234 276537717.235729 110151798.830291 82.8755893700006 765539781.858823
0 eager_30000.dot 14754556884 126.081559765999 802478780.863424 323979902.502718 3147.51395301 2059653821.23203
0 methylseq_8000.dot 6761426956 23.3376459850001 303146754.274013 118736192.412486 21.824472558 417830719.938956
0 atacseq_10000.dot 11809629756 10.4741145530001 383606072.678521 113572156.672921 22.3306698830001 850630967.073633
0 eager_20000.dot 19132169434 82.8211021069992 723485107.118278 229953011.990547 1071.31411265902 1693948568.12167
0 eager_200.dot 19075314980 0.122941943 7614708.52873654 5660097.175 0.029742006 8291635.56885955
0 eager_20000.dot 14754556884 77.8501313829999 542837932.255649 216254497.800208 1086.378429627 1405238070.33078
0 chipseq 4807293396 0.006092341 1749741.41291984 1590463.19791667 0.001107218 1592421.94883117
0 eager_15000.dot 8330435694 67.6243351609997 365273926.514951 70637624.2636152 382.172777513003 764663856.771173
0 methylseq_10000.dot 6761426956 37.4143266000001 379976478.758089 148678620.865609 35.727708945 531696943.541177
0 methylseq_1000.dot 22500260922 0.476704544 48556040.0335158 34573614.7295431 0.262864473999999 87630588.5382786
0 methylseq_8000.dot 22500260922 24.669749398 379832255.370105 269646670.781254 26.324300372 650065169.687824
0 methylseq_25000.dot 8885797810 823.721140833001 1252179908.29859 484219070.028373 928.828138913001 1738336440.89687
0 atacseq_1000.dot 2223941232 0.520690567999999 7822498.32040801 5238586.99304378 0.172010672 33925132.6968626
0 atacseq_4000.dot 3908761308 2.725783669 85327281.5207901 25777069.9225518 2.68327854000001 219247397.072015
0 chipseq_10000.dot 3793245764 6.420386889 324682335.193955 112188042.006861 32.3388742170002 962751510.321381
0 eager_1000.dot 19132169434 1.166864019 48256433.3236454 12846760.9763701 0.40228853 72165433.5278999
0 methylseq_20000.dot 17027257018 166.480296918999 2284607961.05878 600242320.561255 535.374355888002 3504254037.31637
0 eager_8000.dot 25705994498 20.090600539 387516667.93645 128838539.434153 51.3748481219996 742307948.508689
0 methylseq_2000.dot 17027257018 1.31392647 227518210.022268 60453094.2759673 0.967700680000002 332599306.942233
0 methylseq_4000.dot 6761426956 4.958620065 151697096.132037 59435744.525 6.02566112999998 208941586.649615
0 chipseq_8000.dot 4807293396 5.175601082 312743057.178318 78571515.0335937 15.7764965219999 811741379.70129
0 methylseq_20000.dot 6273818718 276.966430509 503199053.403542 233274527.565513 462.878700634998 829387246.258959
0 eager_4000.dot 19100037384 5.930852729 143696199.54031 50760660.2384035 8.66215969800001 375343410.852304
0 methylseq_20000.dot 22500260922 308.653645844 949541526.049322 674132779.830946 570.897359301012 1651055326.60619
0 eager_2000.dot 14754556884 2.786313117 64804836.6208583 24090138.5033215 1.746809223 126011718.028591
0 atacseq_20000.dot 11187378708 31.369261475 761035689.448849 236086447.890014 140.484258967001 1727775737.32812
0 methylseq_4000.dot 22500260922 5.086978849 191169598.833568 135327325.446278 5.01071917399999 325173378.593367
0 atacseq_15000.dot 2223941232 15.8649876580001 190581101.045065 62881843.1976289 59.7209847739997 540591053.835354
0 atacseq_8000.dot 2223941232 7.39480253600001 100768009.315902 35800080.3521064 13.4014753099999 284412620.258123
0 chipseq_200.dot 41366257414 0.048636085 45380646.1552883 22571846.6922671 0.009782781 88590820.7671777
0 eager_200.dot 19132169434 0.123889363 9962089.14688601 5645708.725 0.029634407 8334370.93319341
0 chipseq_25000.dot 4807293396 30.962760398 988634316.506843 248601752.543828 556.451969678997 2565836825.68698
0 atacseq_4000.dot 2223941232 3.203903201 48694145.9414802 16036098.7321035 2.52449373600001 137563074.162416
0 chipseq_10000.dot 41366257414 5.65128928299999 2410044850.6475 849661716.958348 26.6885743390001 4193611635.94935
0 chipseq_4000.dot 4605965334 1.930530995 147937225.197467 46501815.2336893 4.055219512 385456268.630694
0 atacseq_10000.dot 2223941232 9.37074110499998 127229077.972692 44902222.0952699 23.169641026 366323555.629189
0 chipseq_25000.dot 3793245764 17.9728085500001 797248927.652646 282458659.83431 466.144334750002 2591911055.76184
0 methylseq_25000.dot 17027257018 414.730067730001 2856981032.05441 750505732.971375 882.512400542004 4420896411.5774
0 eager_30000.dot 19132169434 287.495017088 1069819530.61903 341563765.920288 3110.20868036801 2460088511.70064
0 eager_2000.dot 8330435694 2.445988169 49157865.2034316 11348725.6429392 1.554617038 78275921.1268013
0 chipseq_30000.dot 5058052541 40.54121323 1336777952.87503 389189221.741094 1221.49549349601 3638284947.15794
0 methylseq_4000.dot 11897958606 5.25473177599999 326884373.501845 101696280.506379 5.99787552799997 386402462.550342
0 chipseq_4000.dot 4807293396 2.068009483 151047046.226295 37204315.2058743 3.13756163800001 367411491.174756
0 eager_200.dot 14754556884 0.124853916 6759248.97874206 5674952.4125 0.030046648 6648493.4738833
0 chipseq 4605965334 0.006287655 2301021.62462923 2200115.23958333 0.001111888 2200415.62488779
0 methylseq_15000.dot 22500260922 149.506903527 712266787.872648 506471529.242818 314.419253442 1244841936.67049
0 chipseq_20000.dot 32978181418 14.532085192 5262306306.29621 1504324228.69644 335.208354099002 8946876664.05031
0 methylseq_2000.dot 6273818718 1.350400634 48624393.3054427 23578308.6462033 0.876243342999999 85330676.5860733
0 atacseq 2223941232 0.010739283 1371639.99897078 1387575.625 0.002063212 1518192.62298656
0 methylseq_1000.dot 17027257018 0.492801223 113470288.844712 30232174.28125 0.247638124 167913347.046867
0 eager_25000.dot 19100037384 119.333840222999 877163750.192774 283514347.952893 1970.98146639102 2033734332.63328
0 chipseq_8000.dot 4605965334 4.309302985 299531049.160185 99444365.3842921 21.1743029530001 941178006.053634
0 atacseq_2000.dot 2223941232 1.213867998 20505401.2512039 9179712.67223996 0.633673891000002 66292433.0276691
0 methylseq_200.dot 6273818718 0.078634906 3376670.47792396 2955613.4875 0.014160806 2955613.49006085
0 atacseq_8000.dot 11187378708 6.95090507699998 302795552.11977 96517276.2002911 13.305958292 635326968.669676
0 methylseq 8885797810 0.003013261 1403681.09743725 1402989.4375 0.000481132 1402989.43845954
0 methylseq_10000.dot 22500260922 43.476110599 475364849.579449 337992308.689384 36.7952306699998 824381139.79383
0 methylseq_1000.dot 6761426956 0.502444267 36985494.1751572 14976844.4227511 0.250886761000001 54688967.6434406
0 chipseq_2000.dot 3793245764 0.921822354000001 60774653.3705662 21931235.5958388 0.862644778999999 158847861.498607
0 methylseq_25000.dot 22500260922 644.350893377001 1187155258.49852 842932781.618751 978.946956556998 2064984674.3726
0 chipseq_30000.dot 3793245764 26.754035655 975719841.199877 353782749.228052 1226.32727952101 3161632078.61719
0 methylseq_1000.dot 8885797810 0.504024049 48632148.7094731 19506928.541171 0.253910097 74558869.0385173
0 eager 19132169434 0.034869722 7614341.09356808 5645708.725 0.008605852 7331328.85504348
0 methylseq_10000.dot 17027257018 31.826039014 1142015164.36296 300132609.605173 35.1011892239998 1714336005.13224
0 eager_200.dot 8330435694 0.127227896 4959908.44917337 3178859.14583333 0.030963546 3851851.19421997
0 atacseq 11809629756 0.009869104 3111618.04909467 2658573.07291667 0.001932178 2891796.48292689
0 chipseq_10000.dot 4807293396 7.86346053500001 388099418.240032 88908053.0143738 25.215173909 933367605.214866
