algo_nr wf_name inp_size dur_alg1 ms_1 ms_perc dur_alg2 ms_2
0 atacseq_30000.dot 14091675276 29.599081827 2210385764.28392 757461342.761644 488.638036271002 5942487931.62428
0 chipseq_15000.dot 41366257414 12.19560245 3649752477.81494 1280104647.47908 82.841027678 7565726612.91294
0 methylseq_15000.dot 6761426956 101.631130915999 570677325.237829 223072987.210304 104.393320721999 966138409.340958
0 atacseq_15000.dot 3908761308 14.245797402 333566374.627256 103011809.465495 63.2413182779997 1047320045.43987
0 eager 19075314980 0.034825997 8241850.6891258 5660097.175 0.008665461 9228299.14653716
0 eager_1000.dot 25705994498 0.950546009000001 55937491.3989729 18231135.9709328 0.451454547000001 99210637.1156235
0 eager_20000.dot 8330435694 105.17043238 489032139.06111 89332584.6342657 429.364123753003 1106743701.94574
0 eager_25000.dot 14754556884 128.371514069001 688032979.424182 269037441.963197 1538.12490218899 2123146159.72212
0 methylseq_1000.dot 110641579976 0.517396552 453176193.866094 211064079.3 0.29666882 679077928.402771
0 chipseq_200.dot 5058052541 0.053092991 5357478.31607855 3739327.1625 0.011438904 10037003.9827158
0 atacseq_30000.dot 11809629756 43.2532906319996 1161323526.4537 339667107.877686 435.883951327 3368649531.27755
0 methylseq_1000.dot 6273818718 0.501899649 23800745.9191068 11793463.3 0.226760555000001 51672340.4291461
0 chipseq_4000.dot 41366257414 1.699007695 952877913.158589 339327410.479165 3.27154971000001 2077193545.72723
0 atacseq_2000.dot 14091675276 0.747932064000001 142230258.661258 45991137.9318276 0.621622264000001 331930444.686892
0 atacseq_1000.dot 11809629756 0.43926855 32508325.708877 11370107.6838157 0.167060947 88776791.3857065
0 methylseq_200.dot 17027257018 0.073548353 22295728.0468259 6491298.19791667 0.014512329 34552669.4612175
0 methylseq_30000.dot 110641579976 601.665887528997 13245795972.4233 6280476490.58072 2118.81720798101 17916368643.5651
0 methylseq_8000.dot 110641579976 30.2861071279999 3549818773.8982 1673433368.875 22.087971358 4850636403.06477
0 methylseq_20000.dot 6761426956 226.871494801001 761169291.035116 297359803.9582 223.918663695003 1288186036.13583
0 atacseq_8000.dot 3908761308 6.48837142400001 176649492.889713 61432903.412849 14.15367844 547923861.066418
0 methylseq_8000.dot 17027257018 18.378320349 912227540.640575 239674544.989583 21.6622940939998 1658692709.8847
0 atacseq_10000.dot 14091675276 5.872721262 731186678.92926 246265088.886097 24.480675836 1945954957.91314
0 atacseq_20000.dot 11809629756 30.184104026 767185102.845703 221369212.187414 145.925831488001 1981118518.88645
0 atacseq_30000.dot 3908761308 39.7304440480002 667242091.570435 240246613.7323 436.166727167002 2569372067.9528
0 eager_2000.dot 25705994498 2.114542527 101661675.518139 34248635.1366462 1.894548922 207118480.1441
0 eager_1000.dot 14754556884 1.146458168 37985896.8741349 12687356.0384678 0.403701403 70969473.6767417
0 atacseq_30000.dot 11187378708 52.8522931549997 1148548022.22 373962931.000161 449.393059158998 3160436999.91344
0 methylseq_10000.dot 8885797810 39.6859950670001 499846620.168918 193656676.139618 36.1068446209999 837125935.693473
0 atacseq_4000.dot 11809629756 2.85354747000001 153253284.297367 40282413.4048647 2.57391226 384611710.082995
0 atacseq_1000.dot 14091675276 0.343344316 68601046.0682646 26018737.845321 0.174144849 180732423.084785
0 methylseq_4000.dot 6273818718 4.26783709000001 99801145.5790326 46466800.3689659 3.780884367 206485687.916226
0 chipseq_1000.dot 4605965334 0.525685562000001 33237750.8900933 11145381.1278633 0.209623165 92116963.7989774
0 atacseq_200.dot 11809629756 0.059895409 3858041.70723694 2684422.27083333 0.012812183 4207887.49336353
0 eager_8000.dot 19075314980 17.4566524570001 285910062.63952 92910678.6681178 42.3226632429999 775832076.551559
0 methylseq_10000.dot 110641579976 50.4869786139998 4418171313.50123 2095552728.73392 51.0727069229998 5957325262.74677
0 methylseq_2000.dot 22500260922 1.387296507 97822838.5898825 67668190.7796182 1.08066134 202343928.449426
0 chipseq_200.dot 32978181418 0.047490821 38542359.6041758 19750499.8740079 0.010586545 98746101.126706
0 chipseq_2000.dot 4605965334 0.860449823 72899142.1570072 22615177.2814529 0.904154103000001 227493054.994763
0 methylseq_30000.dot 8885797810 553.984876859001 1503272682.37273 580371844.61677 2133.941039037 2539091688.09279
0 eager_20000.dot 19075314980 94.7937473250005 706882950.614514 228374764.656635 488.606821432007 2055347170.51364
0 atacseq_8000.dot 11809629756 7.46967434099998 305232830.701372 88609130.3637628 13.095116295 800302956.515134
0 eager_30000.dot 19100037384 203.322242710001 1070956331.22769 343040382.605137 2684.62110712199 3080087032.06196
0 chipseq_200.dot 4807293396 0.055337889 5005996.97703273 3098571.96875 0.011808433 9391481.28670449
0 chipseq_200.dot 3793245764 0.060587855 4507452.89744597 3800677.2875 0.011612319 7659144.04162353
0 eager_8000.dot 19132169434 17.295164295 279918151.644705 92937223.6483061 43.447434523 744709741.57678
0 atacseq_10000.dot 11187378708 9.77443043899999 378703035.988525 124516377.285653 22.463802322 972436935.853897
0 chipseq_20000.dot 4807293396 23.3962318069999 787429538.292986 206516994.887787 174.206752752002 2587086903.04992
0 chipseq_10000.dot 5058052541 7.15420674299999 441686095.98205 121678125.704551 29.6008611000001 1397063665.68454
0 atacseq 3908761308 0.010820237 2282117.99727879 2078089.0812999 0.002032896 3315952.70643704
0 atacseq_4000.dot 11187378708 2.897779995 150357675.039654 44796598.6183354 2.68605292799999 382516801.703053
0 chipseq_4000.dot 32978181418 1.614256971 1021157314.83405 279595541.762134 3.218652561 1962873665.64793
0 eager_4000.dot 19075314980 6.07155734 142704183.439702 50031229.2458753 8.41453120999999 439324215.20823
0 methylseq_4000.dot 17027257018 4.13057667800001 456272392.003271 120060633.75 6.132263354 836269290.269238
0 chipseq_1000.dot 41366257414 0.327374925 226015431.000012 84043838.1054213 0.18321203 499208528.439586
0 atacseq_10000.dot 3908761308 8.03005080299999 220216001.473935 77907892.7389654 25.393004092 738559282.867308
0 eager_1000.dot 19100037384 1.099477195 40756244.3048599 12876096.2313828 0.406354705000001 86796067.0117924
0 eager_25000.dot 25705994498 178.238248262 1247999776.04891 393999691.566127 1938.41985387002 3129073699.71864
0 chipseq_25000.dot 41366257414 30.976331151 6115398219.44092 2125679981.39634 291.689281062999 12759684433.6882
0 atacseq 14091675276 0.010307284 6346570.90273342 6014014.14384737 0.001831436 11559725.8207428
0 methylseq_15000.dot 11897958606 114.009099636 1228183386.17067 381634066.397005 102.559160538001 1814269299.68195
0 atacseq_30000.dot 2223941232 48.9717141 386329744.788318 138606204.075776 431.950014073001 1688517244.50092
0 methylseq_1000.dot 11897958606 0.531097471999999 81632882.5542028 25620045.1877727 0.259575749 120524458.883068
0 atacseq_2000.dot 3908761308 1.065752145 40022869.5546633 15403805.5153315 0.678002954000002 125137639.772684
0 methylseq 11897958606 0.003152551 2605779.74294775 1840539.7875 0.000478645 2645261.68120764
0 chipseq_25000.dot 5058052541 30.9197529869999 1122043364.18849 313812527.684164 334.228104301006 3489332024.16999
0 methylseq_15000.dot 110641579976 103.744220004 6636035763.21791 3141973964.41682 141.662831604 9066918994.72008
0 methylseq_15000.dot 17027257018 75.4780518699999 1713438764.28202 450370494.67999 97.5208652660001 3191549191.10978
0 eager 14754556884 0.035424375 8815958.91366969 5674952.4125 0.008825233 9668877.76035294
0 chipseq_2000.dot 32978181418 0.715754081 495768086.019858 143135575.136423 0.899308891999998 995401026.165394
0 eager_2000.dot 19100037384 2.37653922 80833820.0316284 25422928.8664811 1.72056725699999 171360492.66928
0 atacseq_20000.dot 14091675276 18.352827911 1468134961.25375 500625345.12656 152.506380870002 3894166589.78447
0 atacseq_20000.dot 2223941232 27.318948616 256258874.133919 89874635.7088793 146.613473557001 985533063.904282
0 chipseq_2000.dot 5058052541 0.883092814999999 82416203.8655157 24139378.3725506 0.923011836000003 248528030.938891
0 methylseq_20000.dot 11897958606 224.840120079 1636921948.82753 508635873.936155 225.457444161002 2397019442.97301
0 atacseq_25000.dot 14091675276 21.8309082560002 1833628419.18369 626593907.598201 291.703621260001 4822692912.00523
0 atacseq_4000.dot 14091675276 1.709680105 293807899.19365 89739238.5946268 2.73212013899999 714372173.951625
0 eager_200.dot 25705994498 0.126968562 12060555.0202247 7396128.70833333 0.029035217 14195048.7748776
0 chipseq_15000.dot 4605965334 10.001850436 595183968.23398 186516427.605896 113.370084209 2186381591.2558
0 atacseq_15000.dot 14091675276 11.220026243 1099297384.33683 334313908.122021 55.6029331149999 2753169131.4983
0 methylseq_200.dot 110641579976 0.07208955 95190191.8132593 42534973.25 0.01488101 122690248.208591
0 methylseq 6273818718 0.003194627 927086.481729438 991875.3625 0.000485014 1100481.13683781
0 atacseq_15000.dot 11187378708 17.9612797940001 573382565.049191 167645891.067514 59.5980699079999 1492105304.19254
0 eager 25705994498 0.034413764 8743931.16306405 7396128.70833333 0.008517215 10054736.5369084
0 methylseq_4000.dot 8885797810 5.19405821 200001672.586702 77415094.1438076 5.985879518 336800460.038733
0 methylseq_20000.dot 110641579976 237.942981226 8828476809.58054 4188402126.70764 355.422684980003 11924011550.7548
0 chipseq_2000.dot 41366257414 0.731470577 468723547.02811 170646669.424042 0.767376609999999 1047006940.86104
0 chipseq_15000.dot 32978181418 9.27320482799999 3905606357.48527 1115567055.58738 102.009856616 8064263654.57916
0 chipseq_8000.dot 5058052541 5.57473302399998 353503356.510173 103543217.707152 19.5574267729999 1102643784.15485
0 methylseq_8000.dot 8885797810 25.066362362 399236184.578774 154653324.050003 21.961303366 668799109.035827
0 chipseq_8000.dot 41366257414 4.49851611699999 1930508456.95405 682222106.489991 16.2921434819999 4093760885.92293
0 methylseq_8000.dot 6273818718 20.073524047 200683880.813424 91953813.7884369 20.4115012849999 399373582.126589
0 eager_15000.dot 19100037384 46.1447074039998 529646248.402699 172665757.765146 237.586039305002 1536176799.17508
0 chipseq_30000.dot 4807293396 46.703912066 1180738732.26326 306649249.610874 505.929919206007 4099270962.51442
0 methylseq_30000.dot 6761426956 554.526667686001 1142426409.73006 445610276.856474 2098.23419665202 1931656119.86505
0 chipseq_1000.dot 32978181418 0.33267182 243442983.130957 69213975.7830742 0.213835903 464175404.460723
0 chipseq_30000.dot 4605965334 25.1542642909998 1159777426.13543 381302466.572465 716.095558718009 4349473452.75287
0 methylseq_10000.dot 6273818718 33.36042038 252101458.871835 115821899.314084 32.5562932410002 506166720.510111
0 methylseq_25000.dot 6761426956 389.632314811001 951519857.143676 371754043.381471 687.266417872009 1599369513.68471
0 chipseq_10000.dot 4605965334 5.70160140000003 380349353.061043 115595317.132527 32.4761075700001 1401546763.87064
0 methylseq 22500260922 0.003159194 2906477.26104985 2895226.88541667 0.000482879 3176944.5545653
0 methylseq 110641579976 0.003238904 39370691.3287143 15084215.225 0.00047583 39921725.0110535
0 eager_25000.dot 8330435694 126.212977413 564492131.137125 113294101.769265 1013.557496637 1479143794.32273
0 chipseq_20000.dot 41366257414 20.102344219 4884233252.00663 1704032259.75809 170.285199618003 10252613786.7742
0 chipseq_20000.dot 5058052541 20.7897838259999 893264429.981909 263207346.246891 214.103459613 2846440418.26711
0 chipseq_8000.dot 32978181418 3.757924732 2075847950.09277 594180208.3192 18.884227996 4252784027.01959
0 atacseq_25000.dot 11187378708 38.9047309609997 961315291.894451 311401602.282203 274.766952739002 2541266736.66274
0 atacseq_25000.dot 3908761308 28.9553838679998 529435149.983094 180338963.958661 255.716966271003 2061476599.2819
0 chipseq_4000.dot 5058052541 2.031834747 172148886.429462 47822570.5278145 3.57589049600001 497532907.64696
0 eager 8330435694 0.036042406 4765793.35341779 3178859.14583333 0.008994298 4228567.52742604
0 eager_15000.dot 14754556884 53.5382832940002 421671706.429777 167889644.259944 257.903990534999 1306765030.20738
0 chipseq_15000.dot 4807293396 14.014243174 586961513.384664 153337900.988141 82.043368771 1949312366.5206
0 eager_4000.dot 25705994498 6.48165797099999 192872743.418719 66535103.1754024 9.08586736099996 456689551.734545
0 eager_8000.dot 19100037384 17.480591225 284147784.316991 93063361.1660355 43.0312482080002 780041300.432904
0 methylseq_4000.dot 110641579976 5.19462466800001 1797125454.77138 838061411.955669 5.98803509900001 2404787400.09995
0 chipseq 3793245764 0.00603681 3094832.28007186 1987581.2875 0.001085262 2911261.2734844
0 atacseq_200.dot 14091675276 0.063079798 7483166.0043211 6054272.76177325 0.011492162 13207478.2264233
0 chipseq_25000.dot 32978181418 21.030711287 6553308502.13765 1835543168.21511 365.922276442997 13436431486.1206
0 eager_10000.dot 19100037384 25.313797339 355167906.438268 116766866.854327 87.8930164189999 1134855899.50468
0 methylseq_30000.dot 11897958606 686.381468581001 2455382205.17464 762259539.499531 2181.41579320198 3585296649.2885
0 atacseq_25000.dot 11809629756 34.7387870360002 962701237.433138 279066051.187213 270.400823538001 2649840288.13704
0 eager_30000.dot 19075314980 166.203102062 1053264375.39624 339860712.725484 2490.92641586199 3053709626.78465
0 methylseq_25000.dot 11897958606 385.485308604001 2047555511.609 635978219.80705 618.815086172004 2952831883.95222
0 eager_15000.dot 19132169434 63.6563145060001 538388476.458667 173711666.167184 251.073101779001 1605551749.77786
0 methylseq_30000.dot 22500260922 506.873399222001 1424759421.88741 1011113806.72407 1718.01263141603 3003622388.77928
0 atacseq_2000.dot 11187378708 1.199367226 71635738.6799711 24309229.5510448 0.670004419 193263044.455929
0 methylseq_10000.dot 11897958606 42.0715897310001 818603288.895686 254346429.693357 36.0821471069997 1195795009.75499
0 chipseq_25000.dot 4605965334 19.0705467440001 968108646.252564 295634678.496207 366.704864833003 3482386922.35439
0 methylseq_30000.dot 6273818718 414.564930864998 755767033.744479 344917085.48748 1030.17575502201 1510265297.26835
0 eager_30000.dot 8330435694 271.558224939 758454779.705582 137740277.863985 2756.498305948 1905954949.60197
0 chipseq_200.dot 4605965334 0.057636077 4357957.25392935 3885858 0.011528351 10536677.3717388
0 methylseq_15000.dot 6273818718 83.4904126450001 378785826.955617 172934652.632464 89.6615029420008 746368999.069402
0 methylseq_2000.dot 11897958606 1.539899447 163632656.852693 51230930.5684558 0.956494939000001 234978002.33284
0 atacseq_200.dot 3908761308 0.066493303 4303753.44488246 2113956.5125 0.013534633 3610661.65441725
0 eager_8000.dot 8330435694 17.687765284 159095889.026247 37912732.6410806 40.0472142439995 466882478.439238
0 atacseq_200.dot 2223941232 0.068853396 3034742.02868091 1387575.625 0.013256618 2246884.04123323
0 chipseq_2000.dot 4807293396 1.083681831 70222905.5837024 18935043.2211253 0.747147888000001 211514164.589333
0 eager_20000.dot 19100037384 84.6714330879998 710100380.104075 228950358.947026 491.380166554004 2041090709.77679
0 eager_10000.dot 19075314980 25.621884262 359008089.544791 116390955.86155 87.6845753530003 1151151002.42522
0 methylseq_25000.dot 6273818718 266.141223156 630497439.283655 288144289.787076 405.406083537997 1240268732.63371
0 eager_10000.dot 8330435694 31.591694173 238091393.621741 47542334.1470782 84.144317442001 591583513.03902
0 methylseq_200.dot 8885797810 0.0758132 7148743.26991302 4188096.6625 0.014292973 10425782.414159
0 chipseq 32978181418 0.005441196 20757232.6629471 10334451.1841704 0.00098654 37269521.007334
0 methylseq_2000.dot 6761426956 1.484889452 75305726.6858926 29954284.0745756 0.958388019 128411323.210746
0 atacseq_20000.dot 3908761308 21.142110194 439975371.530128 157557267.624654 148.657254331 1720678007.32147
0 atacseq_1000.dot 11187378708 0.460151005 29658162.4877851 12231877.7791407 0.162608944 84360536.5278443
0 eager 19100037384 0.035706111 6971095.65139532 5666456.15 0.00864908299999999 9764014.4423863
0 chipseq_10000.dot 32978181418 4.98088894 2614893797.09269 685429202.67497 27.792662351 4822371012.99917
0 methylseq_2000.dot 110641579976 1.644257957 894496356.816867 419422225.580674 1.382750681 1230709965.0623
0 chipseq_8000.dot 3793245764 4.61652178700001 255141093.69939 94072970.6453621 20.6451253950001 956130181.467647
0 eager_25000.dot 19132169434 140.366216173999 908786682.044169 284843473.34048 1342.03212119499 2543037822.10117
0 eager_4000.dot 19132169434 6.028843853 139817813.326868 49929035.3365751 8.485017936 436420533.634536
0 chipseq_1000.dot 4807293396 0.462239365 30025157.5426409 9710417.28013724 0.189599224 96371490.7677651
0 eager_15000.dot 19075314980 55.0150437560002 539771471.089443 171996469.238206 245.325570099002 1574077556.91736
0 methylseq_200.dot 6761426956 0.0747535400000001 6845761.01955975 3217870.0875 0.014328188 8749921.05739254
0 methylseq 17027257018 0.003183286 2196800.76070464 2175361.36458333 0.000485341 2363733.99759872
0 eager_1000.dot 8330435694 1.01604862 26750488.4643217 6895602.52860092 0.413810778 37906612.9887742
0 chipseq_4000.dot 3793245764 1.887826989 124925707.568644 43090551.3458363 3.38295097000001 412730939.839162
0 methylseq_200.dot 11897958606 0.073752559 16002379.4799499 5498618.0875 0.01432714 20165173.2238005
0 atacseq_1000.dot 3908761308 0.484461032 18487402.968768 8135150.18101907 0.179203746 60199492.0627581
0 chipseq_1000.dot 3793245764 0.533520009 29773087.2738746 11009459.1463465 0.212962949 81083850.4529541
0 atacseq_2000.dot 11809629756 1.213787431 73121313.8910212 21334456.5123847 0.562827348000001 178931388.064406
0 eager_4000.dot 8330435694 6.21405591800002 90754064.9232675 20782603.3306428 8.007357805 250065672.607836
0 methylseq_200.dot 22500260922 0.071838256 11989727.7771562 8654480.86458333 0.01501022 21243825.1150531
0 eager_4000.dot 14754556884 6.383194452 111629853.577208 45558595.8395525 8.48008798 341237812.608873
0 methylseq 6761426956 0.003088534 1600425.29808432 1080079.2625 0.000477439 1599541.00087709
0 eager_200.dot 19100037384 0.125963975 10304061.1505028 5666456.15 0.029707341 11786780.8819466
0 methylseq_20000.dot 8885797810 226.268943014 1001690898.76389 387122494.565876 220.051119306003 1677434650.94353
0 atacseq_25000.dot 2223941232 37.2927160479999 322116174.379044 111996448.813473 251.783823482002 1251438996.95105
0 eager_20000.dot 25705994498 129.38178224 987023900.773452 318065114.348677 659.135527940007 2545074593.47427
0 eager_25000.dot 19075314980 123.525496073 886420515.760623 282226193.307795 1062.355998924 2466871248.4706
0 chipseq_15000.dot 5058052541 13.038833814 671152760.631687 192576303.185518 93.2136663860012 2002836588.71918
0 chipseq_1000.dot 5058052541 0.460899958 36548012.526889 11490549.1891569 0.207930078000001 103868352.493877
0 atacseq_15000.dot 11809629756 18.2332673550001 585726301.145441 152334872.469656 59.0575748420001 1476034105.29579
0 methylseq_2000.dot 8885797810 1.530027413 99268668.7091933 39006310.0146393 1.01201736 174230229.088377
0 chipseq 41366257414 0.005032757 13466699.7805854 12920451.0667234 0.000877453 26615572.8311377
0 methylseq_15000.dot 8885797810 112.548914135 750613442.66533 290559854.112778 102.626512796 1261642962.03918
0 methylseq_30000.dot 17027257018 404.759113857997 3439028599.79328 899528980.160458 1966.38186033999 6201145146.97153
0 eager_2000.dot 19075314980 2.50326348299999 80065955.9380797 25841622.6094104 1.712966575 187809253.184203
0 eager_2000.dot 19132169434 2.589406435 78498356.5338221 25550585.0093985 1.710050014 173027978.329774
0 chipseq_20000.dot 4605965334 16.029853466 787118417.122728 253082729.194098 244.311857581001 2905183292.34106
0 atacseq_200.dot 11187378708 0.060830503 4266539.62798804 2975984.22686653 0.012756019 4576832.68829742
0 chipseq_15000.dot 3793245764 11.086976494 494690425.860763 178773084.136066 105.721563714 1949918604.29296
0 atacseq_8000.dot 14091675276 4.12606551599998 588333166.083995 200227030.199563 14.7421552779999 1600941132.05572
0 eager_10000.dot 19132169434 30.0086199850001 355845380.450083 116881810.513804 90.3602215430004 1175951193.03174
0 methylseq_8000.dot 11897958606 25.0404896410001 653983275.490303 203115151.121366 22.0888503019998 942006155.157915
0 eager_15000.dot 25705994498 64.4399853089999 779831532.088899 238729293.343459 293.776368359001 1786785690.31509
0 eager_1000.dot 19075314980 1.201030331 45005833.9224233 12857975.6401484 0.400077212 86660056.625458
0 eager_30000.dot 25705994498 282.510639267003 1506806663.60842 473508508.967739 3439.06979167808 3569979219.75939
0 eager_10000.dot 25705994498 31.529110427 493532152.238011 159691747.505195 104.549057007001 1175999782.21784
0 chipseq_20000.dot 3793245764 14.763576945 651385753.025323 236130405.155594 221.162659575002 2594530468.87116
0 atacseq 11187378708 0.010192139 4324362.46567155 2947639.175 0.001951437 4158782.56338705
0 chipseq 5058052541 0.006019206 2577081.74449281 1937898.29268461 0.001085286 2616721.07506321
0 chipseq_30000.dot 41366257414 43.2317055090001 7338741573.7721 2560933240.74077 518.894912101004 15342085973.6165
0 eager_8000.dot 14754556884 17.669276587 227070995.72984 86659585.8259597 45.0147384559999 709051278.024457
0 chipseq_30000.dot 32978181418 28.05862879 7930942890.67131 2184319323.11265 611.386812652997 16288015709.8147
0 methylseq_25000.dot 110641579976 423.82157076 11042858021.1887 5237529898.50578 1013.873192731 14856457349.2191
0 eager_10000.dot 14754556884 22.4822078190001 265097668.499303 110151798.830291 84.0339394690011 945192097.845226
0 eager_30000.dot 14754556884 143.304486108 832088997.220712 323979902.502718 2597.66375535301 2552873310.74287
0 methylseq_8000.dot 6761426956 23.83377407 304024737.930323 118736192.412486 22.0626980199999 503005626.322645
0 atacseq_10000.dot 11809629756 10.209190363 382141770.843652 113572156.672921 23.263050722 1035725460.73651
0 eager_20000.dot 19132169434 96.2385040440001 720336546.741465 229953011.990547 501.262157499001 2090514184.90601
0 eager_200.dot 19075314980 0.12180465 13318544.7793477 5660097.175 0.029903557 10942636.2361837
0 eager_20000.dot 14754556884 87.5611969670002 550518337.197961 216254497.800208 507.798203758007 1756066234.78026
0 chipseq 4807293396 0.006146797 1479293.44399466 1590463.19791667 0.001101331 1797511.78197337
0 eager_15000.dot 8330435694 61.7040670129999 353251233.320985 70637624.2636152 245.033532522 938608490.763442
0 methylseq_10000.dot 6761426956 39.3130613979999 380092446.511748 148678620.865609 35.7028305039997 643583399.072771
0 methylseq_1000.dot 22500260922 0.472971602 52925172.1193466 34573614.7295431 0.264272743 110632872.161934
0 methylseq_8000.dot 22500260922 24.4756432199999 382642471.713673 269646670.781254 20.269809402 783588166.216694
0 methylseq_25000.dot 8885797810 339.962303953 1252418338.84626 484219070.028373 624.772377089008 2094215076.97032
0 atacseq_1000.dot 2223941232 0.50719816 8168805.94688051 5238586.99304378 0.173625421 36925320.4522317
0 atacseq_4000.dot 3908761308 2.62458995 85388064.2264393 25777069.9225518 2.70066298500001 265189895.146994
0 chipseq_10000.dot 3793245764 5.786462668 321827237.083313 112188042.006861 32.7429634780002 1162997316.97501
0 eager_1000.dot 19132169434 1.115218128 44762117.933747 12846760.9763701 0.40644251 86967625.5029203
0 methylseq_20000.dot 17027257018 136.232140291 2284655550.29104 600242320.561255 215.080499082 4262555445.04979
0 eager_8000.dot 25705994498 20.4067494109999 387061366.268677 128838539.434153 51.9770668779999 917252225.749102
0 methylseq_2000.dot 17027257018 1.266978957 227480786.991084 60453094.2759673 0.978224033 427506263.005
0 methylseq_4000.dot 6761426956 5.46651589599999 151328578.124849 59435744.525 6.07175541599997 255796665.951562
0 chipseq_8000.dot 4807293396 5.26399208099998 310758329.855702 78571515.0335937 15.979120462 979266634.174974
0 methylseq_20000.dot 6273818718 157.42102118 504593473.377136 233274527.565513 189.950282375001 1010528624.36773
0 eager_4000.dot 19100037384 5.95846375 143940162.742987 50760660.2384035 8.67791896500003 463913344.352435
0 methylseq_20000.dot 22500260922 215.705888336002 951756562.238819 674132779.830946 227.197531645002 2001792600.68979
0 eager_2000.dot 14754556884 2.698970216 68032303.3545756 24090138.5033215 1.737913781 156797203.642202
0 atacseq_20000.dot 11187378708 30.8276198279998 764524996.546302 236086447.890014 145.659071067002 2095689710.97352
0 methylseq_4000.dot 22500260922 5.062195076 191850952.929866 135327325.446278 4.91862376 399651033.623338
0 atacseq_15000.dot 2223941232 16.625138133 193711104.960333 62881843.1976289 62.1407811170002 652500373.692405
0 atacseq_8000.dot 2223941232 7.27457509499999 101544847.309426 35800080.3521064 13.529263664 349488909.092347
0 chipseq_200.dot 41366257414 0.046046735 34742734.0372771 22571846.6922671 0.012231031 98560508.8121517
0 eager_200.dot 19132169434 0.122647762 10454448.1689411 5645708.725 0.029763244 9413624.36155283
0 chipseq_25000.dot 4807293396 33.967122276 993116106.406189 248601752.543828 315.41895489 3079870300.24951
0 atacseq_4000.dot 2223941232 3.164676705 48680560.7364562 16036098.7321035 2.565527047 168466946.715155
0 chipseq_10000.dot 41366257414 6.38931002299999 2430904824.90882 849661716.958348 26.5136775089999 5107519836.3976
0 chipseq_4000.dot 4605965334 1.849071 147338900.776886 46501815.2336893 4.048915028 463591402.79685
0 atacseq_10000.dot 2223941232 9.767134881 127264677.873993 44902222.0952699 24.090906103 448538920.929345
0 chipseq_25000.dot 3793245764 21.275276577 824304406.049488 282458659.83431 331.092023389001 3131793610.75213
0 methylseq_25000.dot 17027257018 252.240766360001 2857464774.18945 750505732.971375 459.024379135008 5303032321.7067
0 eager_30000.dot 19132169434 170.958203954001 1071850889.9713 341563765.920288 2474.17907833899 3029068019.51003
0 eager_2000.dot 8330435694 2.447134482 51848620.8516034 11348725.6429392 1.55916622900001 102579330.973677
0 chipseq_30000.dot 5058052541 41.3916414719998 1351551832.50982 389189221.741094 613.088399152002 4392457822.51815
0 methylseq_4000.dot 11897958606 5.522800631 327584154.284476 101696280.506379 6.12280506300001 472449653.881689
0 chipseq_4000.dot 4807293396 2.305323679 152489700.966232 37204315.2058743 3.16711619100001 450477703.192819
0 eager_200.dot 14754556884 0.128220323 11877136.5610598 5674952.4125 0.030199995 8529614.24083197
0 chipseq 4605965334 0.006184793 2434110.36651255 2200115.23958333 0.001113694 2650141.66611628
0 methylseq_15000.dot 22500260922 108.375080148 713228815.848712 506471529.242818 120.102366506001 1501837904.82521
0 chipseq_20000.dot 32978181418 14.308423889 5248105745.28887 1504324228.69644 240.551584875004 10843427293.8285
0 methylseq_2000.dot 6273818718 1.330031473 50043854.9578094 23578308.6462033 0.888878891 107500157.824315
0 atacseq 2223941232 0.011176821 1516578.59693231 1387575.625 0.002070046 1636012.04556889
0 methylseq_1000.dot 17027257018 0.499840833000001 114443248.801089 30232174.28125 0.247138529 214603403.405355
0 eager_25000.dot 19100037384 135.958325859 891836338.214906 283514347.952893 1233.452555297 2528035553.71504
0 chipseq_8000.dot 4605965334 4.409973895 304837900.764398 99444365.3842921 21.542069662 1125628275.58712
0 atacseq_2000.dot 2223941232 1.186005141 18630413.5581905 9179712.67223996 0.640000404 77390421.2379828
0 methylseq_200.dot 6273818718 0.075078856 3160312.52309513 2955613.4875 0.014353496 3995136.35409279
0 atacseq_8000.dot 11187378708 7.46090996899999 305302573.200576 96517276.2002911 13.460662601 766394215.196393
0 methylseq 8885797810 0.003141749 1643363.69793747 1402989.4375 0.000483352 2139085.61023795
0 methylseq_10000.dot 22500260922 42.725967095 477387122.181161 337992308.689384 36.036129768 995334317.612341
0 methylseq_1000.dot 6761426956 0.509200132 37143291.1561501 14976844.4227511 0.250134308 70275728.5747967
0 chipseq_2000.dot 3793245764 0.917006521000001 60732956.9833627 21931235.5958388 0.865326768 192152385.837558
0 methylseq_25000.dot 22500260922 390.651889968 1188299625.42556 842932781.618751 639.502205983003 2497101638.78729
0 chipseq_30000.dot 3793245764 31.0281527170001 1008417964.88567 353782749.228052 642.16874891501 3824841758.87703
0 methylseq_1000.dot 8885797810 0.510006078 48733279.5355377 19506928.541171 0.254480264 94346778.9499395
0 eager 19132169434 0.034759539 8302227.99021992 5645708.725 0.008617018 8656123.98648168
0 methylseq_10000.dot 17027257018 31.247015218 1141873489.72389 300132609.605173 34.8925298080001 2060140393.84035
0 eager_200.dot 8330435694 0.128157268 6159627.94155792 3178859.14583333 0.031137183 6130200.92238742
0 atacseq 11809629756 0.009899736 3597703.06796495 2658573.07291667 0.001939601 3634643.4572553
0 chipseq_10000.dot 4807293396 7.18743978099998 389283879.306255 88908053.0143738 25.197613586 1141566911.96297
